0.161824
0.139257
0.152196
0.176030
0.168974
0.147303
0.122268
0.146593
0.146027
0.149178
0.150355
0.118631
0.128840
0.109912
0.122495
0.202898
0.159932
0.128488
0.114349
0.144175
0.119437
0.127825
0.147361
0.149085
0.123881
0.150321
0.165277
0.183073
0.137870
0.143837
0.138791
0.144988
0.140165
0.146877
0.132821
0.122289
0.173645
0.172094
0.116044
0.158184
0.160153
0.183424
0.156326
0.169477
0.153281
0.171573
0.177069
0.170852
0.155660
0.113663
0.150149
0.131227
0.143073
0.138913
0.187589
0.173143
0.136773
0.154169
0.183801
0.184909
0.129860
0.129039
0.153852
0.168282
0.181020
0.193226
0.190923
0.143746
0.113581
0.117736
0.111121
0.161932
0.208106
0.147417
0.149234
0.148978
0.188128
0.156796
0.159011
0.175321
0.156362
0.136755
0.148318
0.159364
0.170842
0.176362
0.163945
0.159280
0.160494
0.151852
0.155857
0.173920
0.163707
0.193523
0.152394
0.162878
0.167930
0.155550
0.150714
0.153242
0.152903
0.148635
0.155602
0.165368
0.175042
0.193167
0.182039
0.164505
0.192639
0.157145
0.196461
0.184447
0.137732
0.156029
0.152396
0.179332
0.156447
0.175860
0.161165
0.160535
0.156098
0.131545
0.189323
0.143237
0.203332
0.161399
0.182619
0.172282
0.173745
0.186783
0.169942
0.197903
0.161915
0.163872
0.150402
0.109404
0.156572
0.134171
0.093659
0.153387
0.146003
0.129910
0.141965
0.111355
0.145066
0.172820
0.159461
0.150830
0.154526
0.145478
0.181822
0.176346
0.155693
0.132426
0.154753
0.182096
0.152288
0.144998
0.140524
0.184770
0.149842
0.175227
0.157353
0.210866
0.171878
0.151225
0.147840
