0.00
0.74
0.61
0.70
0.68
0.71
0.64
0.72
0.70
0.64
0.58
0.60
0.47
0.56
0.60
0.50
0.54
0.61
0.56
0.48
0.58
0.50
0.40
0.38
0.40
0.19
0.25
0.60
0.54
0.46
0.47
0.46
0.35
0.32
0.43
0.70
0.75
0.70
0.72
0.70
0.67
0.69
0.73
0.72
0.75
0.72
0.77
0.78
0.79
0.73
0.72
0.72
0.72
0.65
0.68
0.63
0.56
0.62
0.64
0.58
0.51
0.56
0.46
0.54
0.55
0.55
0.54
0.43
0.59
0.63
0.55
0.52
0.60
0.63
0.62
0.66
0.63
0.66
0.61
0.65
0.56
0.58
0.67
0.61
0.56
0.58
0.62
0.65
0.58
0.62
0.60
0.51
0.60
0.60
0.64
0.49
0.54
0.47
0.60
0.51
0.51
0.52
0.59
0.53
0.47
0.50
0.61
0.58
0.65
0.71
0.66
0.59
0.69
0.70
0.67
0.68
0.49
0.39
0.44
0.41
0.43
0.63
0.60
0.61
0.53
0.66
0.59
0.63
0.48
0.34
0.38
0.33
0.39
0.31
0.33
0.44
0.33
0.24
0.28
0.26
0.44
0.22
0.27
0.22
0.23
0.21
0.28
0.28
0.40
0.23
0.35
0.45
0.33
0.20
0.17
0.22
0.47
0.46
0.41
0.61
0.46
0.52
0.44
0.50
0.43
0.57
0.52
