0.278596
0.160425
0.134089
0.148822
0.179137
0.149267
0.181315
0.131069
0.170184
0.143222
0.188887
0.166061
0.149589
0.178551
0.157831
0.131618
0.167824
0.152483
0.184772
0.170334
0.152602
0.164834
0.143139
0.172349
0.178009
0.161086
0.144230
0.133984
0.137448
0.147814
0.170351
0.182286
0.185550
0.205531
0.160356
0.169270
0.262050
0.171526
0.128474
0.154709
0.164152
0.174732
0.168272
0.174833
0.148153
0.186753
0.189208
0.145155
0.172439
0.159782
0.161563
0.150286
0.190781
0.173146
0.159228
0.163045
0.154468
0.145189
0.181590
0.189090
0.261668
0.164624
0.207820
0.143477
0.152455
0.133394
0.164260
0.166116
0.179228
0.157118
0.150894
0.141999
0.152786
0.172014
0.182297
0.167630
0.216217
0.160112
0.199877
0.144372
0.178385
0.149219
0.147555
0.143447
0.147016
0.186262
0.203379
0.183957
0.174861
0.136012
0.188541
0.184996
0.142697
0.195325
0.172692
0.146123
0.175873
0.120815
0.148618
0.173454
0.137139
0.152812
0.155638
0.184946
0.125340
0.152796
0.181058
0.205563
0.179845
0.159388
0.181806
0.177291
0.177116
0.167804
0.166954
0.172627
0.148234
0.161084
0.161003
0.198527
0.152292
0.160686
0.188216
0.184892
0.144439
0.171652
0.158111
0.141370
0.159565
0.204413
0.165985
0.223847
0.179364
0.196971
0.215392
0.196966
0.154974
0.211737
0.169823
0.167581
0.170440
0.165994
0.149331
0.144760
0.192798
0.206975
0.162638
0.183319
0.160613
0.163192
0.189371
0.170443
0.151375
0.152287
0.178956
0.164779
0.129772
0.168904
0.148729
0.151789
0.175402
0.178876
0.136362
0.144613
0.183051
0.165529
0.195085
0.154851
0.169583
0.155839
0.134949
0.095818
0.110099
0.128934
0.151070
0.106711
0.125206
0.135819
0.144161
0.135892
0.115295
0.134556
0.151423
0.169227
0.137739
0.129666
0.142336
0.171349
0.137691
0.144866
0.147368
0.132210
0.138451
0.130685
0.141169
0.149469
0.149394
0.132619
0.123507
0.149271
0.148769
0.178656
0.169946
0.164404
0.162323
0.153518
0.178621
0.170627
0.155990
0.185277
0.146919
0.169257
0.180049
0.173588
0.151559
0.165744
0.157259
0.115715
0.102372
0.145139
0.138419
0.124485
0.188136
0.127856
0.140171
0.177281
0.165625
0.184309
0.142761
0.185883
0.153199
0.126168
0.122962
0.152109
0.139566
0.165501
0.141199
0.144809
0.134836
0.167987
0.172691
0.130079
0.152003
0.114158
0.152180
0.119251
0.142560
0.180259
0.159934
0.136556
0.154685
0.142504
0.127651
0.126630
0.146137
0.151021
0.124910
0.158532
0.145780
0.127887
0.128681
0.127527
0.131928
0.141991
0.125256
0.129132
0.124253
0.142116
0.137285
0.138840
0.152903
0.109462
0.161120
0.138799
0.140521
0.135767
0.150859
0.101914
0.129151
0.145330
0.148677
0.138978
0.170311
0.121368
0.157113
0.127706
0.138288
0.131587
0.128906
0.147028
0.122540
0.140757
0.126339
0.116846
0.153483
0.146309
0.148041
0.133015
0.160175
0.109765
0.141437
0.137658
0.122471
0.097242
0.109747
0.138984
0.131060
0.125578
0.141717
