0.00
422.40
283.97
367.32
307.84
415.74
347.94
404.96
383.04
313.17
244.04
228.83
159.17
236.52
283.51
211.84
252.80
257.11
244.63
238.36
237.24
257.95
204.32
230.27
143.09
71.26
162.95
238.85
183.74
132.45
141.86
121.60
66.04
45.53
81.48
330.52
421.08
340.64
376.37
345.73
310.27
325.67
371.67
361.25
420.95
381.90
437.72
418.44
442.52
392.30
323.26
330.69
358.33
256.81
291.23
255.68
182.00
213.03
239.10
180.80
142.61
164.32
86.85
140.77
164.81
176.31
178.25
95.31
212.69
266.85
152.91
151.39
203.68
242.32
228.72
270.05
228.17
263.96
229.50
258.66
203.76
197.67
292.32
222.89
187.93
214.58
222.80
252.44
191.51
226.16
227.24
143.22
208.00
230.66
251.37
122.93
148.61
123.01
204.03
159.32
149.58
171.89
237.47
176.39
132.02
157.19
248.19
221.34
293.14
338.97
298.74
227.40
327.82
326.52
287.66
330.16
133.83
84.34
111.93
82.55
110.88
227.82
211.34
212.53
172.40
274.51
231.34
246.54
149.55
86.78
131.62
102.98
131.58
81.99
85.94
118.10
73.05
54.56
50.64
65.30
138.37
43.62
57.31
49.55
53.92
63.40
124.11
80.74
141.52
67.53
122.75
124.72
74.81
33.60
44.36
53.88
154.86
134.60
110.18
327.53
231.16
331.43
196.73
252.35
280.71
270.16
192.71
