0.00
243.31
204.27
184.75
188.96
165.67
185.71
171.72
159.70
164.28
160.16
168.24
163.67
206.58
143.91
232.01
146.60
142.15
136.39
131.17
147.98
124.10
200.78
217.21
133.95
223.14
196.35
126.54
199.82
161.68
201.97
172.36
154.54
185.84
122.73
102.73
95.80
84.68
150.30
82.96
113.59
96.83
66.88
112.25
101.78
140.29
97.59
94.19
108.54
82.82
60.45
59.31
138.81
191.34
140.37
169.24
163.01
201.61
144.58
151.72
139.61
160.58
120.77
140.91
131.07
198.29
191.61
110.58
137.41
207.13
160.37
164.92
147.51
248.22
144.99
140.23
114.71
127.58
105.55
109.67
83.99
125.17
106.54
87.46
121.45
135.16
105.14
68.49
44.21
118.07
104.54
149.82
95.32
172.71
73.48
61.54
80.11
120.32
82.60
106.86
98.94
89.84
69.18
57.26
60.96
76.69
45.54
45.19
78.70
68.88
79.79
49.62
34.96
50.48
147.61
204.01
205.17
160.90
165.50
163.66
151.84
243.41
227.41
185.73
177.67
183.95
163.55
168.65
161.20
272.79
180.20
121.23
114.65
119.92
156.80
122.04
127.18
149.42
128.53
120.14
178.11
124.79
158.38
147.64
156.82
158.46
114.69
96.02
108.22
