0.00
0.83
0.73
0.52
0.63
0.51
0.56
0.51
0.48
0.55
0.58
0.51
0.50
0.44
0.57
0.53
0.53
0.44
0.47
0.54
0.46
0.41
0.56
0.46
0.45
0.46
0.45
0.49
0.51
0.55
0.50
0.59
0.61
0.58
0.59
0.62
0.56
0.58
0.63
0.64
0.67
0.66
0.68
0.71
0.72
0.75
0.71
0.77
0.64
0.69
0.70
0.65
0.71
0.64
0.61
0.67
0.62
0.61
0.61
0.64
0.69
0.67
0.66
0.70
0.74
0.72
0.65
0.60
0.57
0.55
0.44
0.44
0.45
0.48
0.49
0.46
0.46
0.43
0.44
0.52
0.50
0.52
0.53
0.53
0.65
0.57
0.61
0.60
0.63
0.74
0.69
0.66
0.65
0.57
0.58
0.62
0.56
0.63
0.61
0.68
0.60
0.65
0.54
0.61
0.65
0.65
0.63
0.56
0.58
0.64
0.59
0.61
0.64
0.67
0.68
0.71
0.70
0.70
0.75
0.72
0.71
