0.00
503.97
390.53
197.80
306.59
209.06
249.74
178.92
172.48
205.63
255.00
215.22
209.02
175.56
274.70
227.71
234.65
165.67
190.05
222.21
162.21
138.59
237.87
159.03
140.82
171.97
169.83
180.14
205.92
249.89
206.30
325.80
308.64
277.98
317.50
325.04
272.38
281.66
335.78
342.92
353.67
343.19
340.60
386.67
395.37
429.92
371.93
444.15
331.57
382.32
395.47
336.14
393.17
318.98
303.30
353.19
311.91
303.39
287.49
313.79
376.45
367.34
352.54
393.25
426.25
392.69
299.56
238.34
220.84
200.61
125.67
126.13
156.09
157.27
156.39
118.18
133.67
119.51
121.08
164.41
154.34
141.76
162.62
168.32
274.14
217.72
283.43
280.25
305.64
433.53
376.04
346.55
309.48
206.76
233.92
266.55
212.33
297.44
270.53
346.90
281.07
337.55
253.12
318.60
365.69
353.62
318.20
252.75
272.12
332.42
285.66
287.83
322.28
352.10
365.87
359.16
358.08
342.17
390.42
361.19
336.51
