0.175467
0.156019
0.146501
0.140444
0.146436
0.151663
0.135383
0.156222
0.153378
0.123847
0.128340
0.164102
0.167455
0.163619
0.148441
0.139173
0.167692
0.157111
0.145452
0.148266
0.157874
0.145691
0.194108
0.143317
0.129904
0.170726
0.159840
0.105636
0.126065
0.136003
0.134127
0.148591
0.168680
0.154243
0.121028
0.143504
0.184427
0.178837
0.098061
0.164560
0.131319
0.126904
0.156145
0.170006
0.145785
0.133835
0.152966
0.171027
0.129731
0.169350
0.186214
0.162157
0.160856
0.134349
0.186784
0.148045
0.110654
0.165341
0.142669
0.147089
0.131401
0.143166
0.161221
0.150269
0.148269
0.187567
0.148041
0.180410
0.137722
0.123464
0.149450
0.122242
0.129138
0.151010
0.126720
0.126350
0.151777
0.157524
0.118911
0.103848
0.106902
0.119931
0.163662
0.107769
0.136192
0.133826
0.144115
0.134451
0.128905
0.165775
0.154632
0.149440
0.110970
0.138087
0.141324
0.113846
0.161188
0.168663
0.186202
0.181087
0.143486
0.124446
0.167824
0.174855
0.210543
0.132937
0.157050
0.162077
0.173466
0.175232
0.160135
0.166754
0.159547
0.168287
0.160866
0.160688
0.163856
0.133092
0.137382
0.164092
0.231361
