0.00
0.91
0.90
0.88
0.88
0.81
0.84
0.85
0.84
0.80
0.85
0.56
0.78
0.83
0.79
0.82
0.81
0.54
0.77
0.77
0.75
0.79
0.78
0.57
0.69
0.68
0.69
0.75
0.78
0.63
0.62
0.72
0.78
0.78
0.81
0.71
0.76
0.77
0.75
0.76
0.63
0.76
0.74
0.74
0.75
0.70
0.57
0.76
0.67
0.67
0.66
0.67
0.54
0.69
0.69
0.66
0.71
0.71
0.56
0.71
0.70
0.68
0.70
0.68
0.67
0.68
0.69
0.65
0.66
0.61
0.65
0.63
0.65
0.65
0.64
0.65
0.73
0.66
0.69
0.72
0.70
0.72
0.73
0.69
0.71
0.69
0.66
0.66
0.64
0.65
0.66
0.61
0.66
0.62
0.59
0.58
0.56
0.60
0.61
0.56
0.55
0.60
0.54
0.64
0.59
0.56
0.61
0.59
0.63
0.61
0.67
0.67
0.66
0.67
0.60
0.64
0.60
0.64
0.61
0.70
0.64
0.67
0.71
0.69
0.70
0.69
0.67
0.67
0.66
0.70
0.70
0.68
0.68
0.69
0.70
0.69
0.67
0.70
0.65
0.69
0.68
0.71
0.68
0.67
0.70
0.68
0.60
0.68
0.55
0.62
0.51
0.59
0.59
0.47
0.60
0.70
0.67
0.70
0.69
0.68
0.73
0.73
0.68
0.71
0.68
0.64
0.61
0.64
0.57
0.57
0.57
0.60
0.55
0.56
0.62
0.59
0.64
0.68
0.70
0.68
0.53
0.57
0.60
0.55
0.34
0.49
0.46
0.40
0.37
0.44
0.43
0.47
0.57
0.52
0.51
0.45
0.54
0.48
0.53
0.58
0.52
0.54
0.52
0.50
0.58
0.43
0.44
0.42
0.54
0.51
0.53
0.45
0.48
0.47
0.47
0.39
0.43
0.40
0.48
0.37
0.44
0.35
0.38
0.47
0.45
0.36
0.53
0.43
0.46
0.42
0.48
0.49
0.53
0.51
0.48
0.43
0.43
0.50
0.50
0.52
0.59
0.59
0.51
0.52
0.50
0.46
0.54
0.55
0.58
0.58
0.65
0.52
0.62
0.53
0.54
0.48
0.48
0.55
0.61
0.55
0.55
0.50
0.52
0.52
0.57
0.50
0.51
0.40
0.46
0.49
0.57
0.46
0.47
0.45
0.53
0.45
0.51
0.46
0.45
0.40
0.41
0.52
0.54
0.49
0.53
0.51
0.46
0.55
0.62
0.55
0.47
0.46
0.49
0.40
0.51
0.47
0.50
0.51
0.46
0.50
0.52
0.42
0.40
0.31
0.38
0.34
0.52
0.43
0.47
0.41
0.44
0.31
0.43
0.49
0.36
0.43
0.40
0.53
0.54
0.40
0.44
0.52
0.52
0.44
0.49
0.58
0.54
0.62
0.60
0.43
0.66
0.70
0.54
0.55
0.52
0.54
0.57
0.44
0.49
0.58
0.54
0.52
0.73
0.55
0.56
0.56
0.55
0.58
0.72
0.59
0.55
0.62
0.51
0.51
0.68
0.46
0.54
0.53
0.58
0.56
0.45
0.57
0.47
0.51
