0.00
564.28
560.34
554.00
550.71
509.58
527.60
529.03
523.49
501.81
526.55
281.47
473.02
510.49
482.64
502.01
472.15
240.48
449.04
458.32
437.44
482.33
472.42
244.77
365.90
355.51
379.38
439.49
465.19
293.20
327.83
420.94
461.87
459.64
482.29
379.17
433.74
438.98
414.61
430.27
328.25
431.98
428.89
435.95
439.26
371.74
236.05
449.32
332.26
355.82
349.27
357.88
229.01
375.48
376.27
345.34
392.76
378.01
232.91
382.62
360.77
360.10
371.87
327.69
321.51
369.84
361.98
328.10
350.00
306.98
296.13
322.33
332.80
356.92
339.80
322.24
409.50
317.50
359.35
393.64
371.05
392.35
388.57
368.05
383.01
369.58
343.32
331.13
309.27
315.03
303.59
260.17
316.72
300.63
244.00
217.00
196.70
216.00
267.01
238.00
232.94
249.83
217.54
297.33
240.02
226.38
276.79
250.44
281.27
270.30
329.27
341.35
339.67
359.01
257.09
313.41
256.75
299.68
260.08
349.99
286.12
314.08
348.29
331.84
339.20
336.40
329.43
330.91
343.78
364.58
366.50
347.85
356.73
346.88
365.64
360.65
347.27
372.55
336.58
378.40
370.56
395.38
367.80
366.16
383.36
369.53
291.47
341.80
253.12
271.06
205.73
290.86
268.07
192.44
261.33
335.71
330.07
326.73
353.32
325.02
342.17
346.80
289.67
331.01
315.77
260.10
229.98
279.50
198.28
201.90
193.30
246.25
207.44
205.09
248.40
218.19
264.11
294.87
317.47
305.18
175.24
231.15
245.34
273.96
134.49
166.59
160.08
128.18
127.80
225.26
168.38
152.26
199.95
163.83
157.90
115.34
190.42
164.40
204.21
222.82
185.03
199.30
183.16
170.89
229.16
124.02
117.51
109.09
183.81
154.78
167.62
119.60
132.51
130.30
132.77
86.23
117.07
85.64
122.60
64.55
89.05
60.40
59.95
90.48
93.74
61.37
172.44
110.86
137.11
98.96
137.28
132.72
144.34
147.43
123.67
123.08
102.95
162.79
147.69
156.38
206.57
185.54
124.25
181.68
156.73
114.62
175.83
171.47
194.00
207.90
252.92
166.14
245.68
163.98
166.82
131.96
133.95
172.86
215.00
156.30
160.65
128.35
133.18
167.56
198.18
142.41
133.93
75.55
114.62
124.21
180.99
110.61
116.36
110.93
180.16
133.24
141.21
103.84
114.35
94.69
97.97
190.86
186.10
164.31
206.26
195.99
146.22
199.41
255.73
196.78
152.26
140.82
147.66
97.02
143.04
118.59
149.92
155.85
128.49
163.39
156.19
113.98
97.76
59.30
119.86
85.80
198.63
131.31
160.15
113.87
118.96
72.35
87.00
120.77
63.48
102.04
74.16
208.95
190.03
93.22
131.87
177.96
178.70
122.57
167.53
217.09
169.39
246.67
269.93
128.32
334.58
384.65
211.35
217.82
186.73
188.60
247.16
143.40
171.66
255.64
209.95
199.44
407.11
322.35
247.72
240.67
231.29
261.82
387.39
348.28
205.86
275.29
182.10
177.32
329.51
185.67
203.32
181.82
244.64
216.98
188.08
200.66
138.75
147.42
