0.00
470.82
394.05
558.50
395.03
505.94
371.68
460.96
542.15
558.03
535.82
544.27
547.41
548.35
551.86
553.21
551.17
544.63
511.56
548.41
542.84
544.32
524.58
514.30
450.07
454.71
384.06
519.90
425.22
313.22
504.41
424.64
358.26
506.29
366.17
469.23
291.17
404.42
399.55
374.71
380.41
277.76
252.46
257.48
192.03
307.96
146.57
157.53
108.67
128.79
66.50
111.46
86.32
173.52
91.63
80.59
83.82
148.63
110.16
82.38
110.74
155.94
169.05
344.51
234.50
175.78
366.60
192.59
197.78
311.53
172.99
313.33
353.35
312.33
457.67
501.05
478.35
478.08
333.86
479.48
445.77
487.24
479.02
329.95
454.48
428.32
386.05
429.49
367.46
367.45
336.87
361.55
278.21
482.37
440.41
189.22
265.93
265.75
236.68
370.29
189.16
198.39
246.14
343.42
374.04
397.77
412.64
285.80
315.15
262.16
121.88
172.59
207.13
175.89
89.84
145.59
140.31
139.83
141.32
159.97
137.55
165.27
217.61
226.37
234.98
202.43
232.21
205.05
240.90
359.43
167.52
215.77
449.66
137.30
183.57
498.82
181.44
316.29
411.15
388.87
284.14
496.62
220.42
384.72
325.71
358.68
284.79
266.66
481.84
427.15
333.72
421.20
423.46
405.95
458.63
375.10
343.04
253.07
193.93
210.99
201.78
263.31
240.77
293.37
321.19
325.23
392.50
361.19
314.88
263.81
362.18
329.51
333.93
319.72
333.75
214.73
68.02
121.96
203.68
228.96
179.91
172.73
155.56
148.81
156.69
150.98
96.29
140.84
231.06
245.55
363.31
216.54
189.96
395.11
149.56
177.14
418.52
230.24
304.51
236.63
458.62
469.23
450.32
494.98
493.13
452.02
503.52
504.29
516.60
509.09
499.55
484.92
505.77
509.98
508.32
504.81
517.88
515.58
521.30
466.91
501.22
468.65
475.49
277.47
215.60
182.13
251.15
143.76
163.12
291.42
208.79
306.22
389.29
226.33
211.38
223.92
131.62
118.08
184.68
212.97
174.07
109.95
150.05
100.52
244.06
257.32
243.65
263.49
255.83
175.88
160.32
198.17
312.43
407.64
433.67
393.02
473.11
431.05
471.00
446.06
474.47
437.75
496.37
416.09
372.08
409.82
463.42
472.35
487.65
297.40
362.25
324.67
223.27
222.20
342.44
173.92
152.66
