0.00
0.77
0.70
0.89
0.69
0.82
0.68
0.76
0.85
0.89
0.84
0.86
0.86
0.85
0.86
0.86
0.86
0.85
0.80
0.86
0.85
0.85
0.83
0.81
0.72
0.74
0.66
0.81
0.70
0.60
0.77
0.70
0.63
0.79
0.66
0.74
0.54
0.67
0.68
0.70
0.67
0.58
0.50
0.58
0.47
0.66
0.43
0.44
0.35
0.46
0.28
0.44
0.32
0.48
0.28
0.34
0.37
0.49
0.43
0.36
0.38
0.47
0.48
0.66
0.55
0.46
0.65
0.50
0.49
0.60
0.47
0.63
0.67
0.61
0.74
0.77
0.75
0.76
0.60
0.75
0.72
0.76
0.74
0.60
0.73
0.71
0.67
0.71
0.65
0.67
0.58
0.65
0.56
0.78
0.75
0.50
0.56
0.59
0.58
0.68
0.49
0.54
0.55
0.62
0.66
0.69
0.70
0.61
0.63
0.57
0.40
0.44
0.49
0.48
0.32
0.42
0.42
0.42
0.42
0.45
0.45
0.45
0.50
0.51
0.54
0.51
0.52
0.54
0.56
0.65
0.46
0.51
0.72
0.42
0.47
0.77
0.46
0.59
0.66
0.68
0.60
0.78
0.53
0.69
0.60
0.65
0.57
0.55
0.77
0.71
0.62
0.70
0.71
0.70
0.75
0.67
0.63
0.54
0.49
0.53
0.53
0.58
0.55
0.58
0.64
0.67
0.70
0.65
0.56
0.52
0.65
0.65
0.64
0.65
0.65
0.52
0.32
0.45
0.51
0.59
0.53
0.53
0.49
0.48
0.51
0.48
0.43
0.47
0.55
0.56
0.67
0.54
0.50
0.68
0.45
0.49
0.70
0.54
0.61
0.52
0.71
0.73
0.73
0.78
0.78
0.73
0.79
0.80
0.81
0.81
0.79
0.76
0.80
0.81
0.81
0.81
0.83
0.80
0.82
0.74
0.78
0.74
0.77
0.58
0.53
0.50
0.54
0.46
0.48
0.55
0.49
0.60
0.70
0.51
0.51
0.52
0.43
0.42
0.51
0.53
0.51
0.33
0.46
0.34
0.60
0.60
0.58
0.52
0.54
0.48
0.46
0.48
0.55
0.60
0.70
0.66
0.76
0.70
0.73
0.64
0.74
0.69
0.80
0.67
0.61
0.57
0.68
0.71
0.79
0.52
0.61
0.39
0.49
0.50
0.66
0.45
0.42
