0.243735
0.110192
0.130395
0.107382
0.140922
0.121602
0.105040
0.113724
0.147521
0.115003
0.141451
0.139002
0.115327
0.156765
0.109250
0.161592
0.161417
0.109917
0.133582
0.103156
0.139638
0.139958
0.118150
0.137198
0.179527
0.148481
0.119435
0.119788
0.084445
0.145024
0.123550
0.122041
0.137793
0.114371
0.177238
0.178750
0.216775
0.146846
0.120990
0.136206
0.199325
0.111594
0.131055
0.138259
0.157473
0.112352
0.148784
0.120364
0.106310
0.183758
0.135380
0.112158
0.110014
0.137504
0.154163
0.110450
0.134917
0.117453
0.162672
0.162849
0.142930
0.145688
0.124368
0.133491
0.135273
0.106930
0.154287
0.146134
0.137526
0.164818
0.110104
0.115222
0.123126
0.134017
0.138154
0.150690
0.142346
0.124774
0.170124
0.137652
0.078332
0.125275
0.136590
0.128837
0.102245
0.101156
0.135653
0.121911
0.112993
0.135165
0.132916
0.152136
0.115750
0.133533
0.097506
0.130834
0.089067
0.161834
0.137596
0.171862
0.128614
0.153996
0.115710
0.107198
0.089880
0.136387
0.180950
0.141080
0.193660
0.156007
0.129496
0.146361
0.102237
0.139333
0.173907
0.132912
0.111483
0.139785
0.123903
0.129858
0.122651
0.120699
0.150296
0.139226
0.140674
0.150188
0.120090
0.144533
0.144426
0.138347
0.099252
0.098166
0.151591
0.154068
0.112103
0.142123
0.128074
0.132380
0.163685
0.098469
0.167370
0.139301
0.166128
0.143625
0.127994
0.149462
0.130300
0.139621
0.108594
0.135337
0.133770
0.127165
0.146017
0.136835
0.140324
0.133974
0.126308
0.113191
0.107145
0.108094
0.152480
0.168430
0.118930
0.141385
0.155752
0.126927
0.154809
0.122389
0.155583
0.127787
0.149291
0.141831
0.132548
0.128584
0.177582
0.175482
0.176781
0.137011
0.145400
0.162071
0.183618
0.146435
0.132546
0.120386
0.141888
0.126642
0.168153
0.167251
0.105850
0.138576
0.144066
0.126687
0.150172
0.140193
0.138296
0.084573
0.174132
0.169755
0.164998
0.147845
0.084057
0.146068
0.100708
0.134594
0.154052
0.107251
0.129600
0.138099
0.149100
0.138803
0.184639
0.126733
0.133732
0.166239
0.147852
0.154627
0.144901
0.143150
0.120107
0.154367
0.123430
0.146445
0.128666
0.178250
0.141293
0.132192
0.135262
0.173825
0.142359
0.107436
0.132294
0.163716
0.155442
0.207050
0.147771
0.146444
0.192297
0.125297
0.115656
0.196145
0.141713
0.149698
0.210830
0.129014
0.158386
0.158295
0.109586
0.135990
0.157071
0.176003
0.162385
0.148373
0.156594
0.193086
0.168847
0.161889
0.163306
0.175709
0.147360
0.171207
0.155512
0.135031
0.151007
0.148075
0.126598
0.154883
0.185033
0.152653
0.184450
0.181385
0.149422
0.169764
0.142275
0.171836
0.156998
0.150024
0.164665
0.173299
0.168842
0.173017
0.163134
0.134168
0.152645
0.159316
0.119112
0.142942
0.148545
0.138576
0.148284
0.100097
0.138854
0.143231
0.139447
0.146969
0.161245
0.159602
0.107818
0.154608
0.156142
0.160202
0.127629
0.146731
0.141667
0.168620
0.132385
0.135156
0.145861
0.150506
0.116878
0.142946
0.159563
0.108304
0.125382
0.161171
0.134979
0.113535
0.084702
0.139760
0.176157
0.142251
0.173058
0.142741
0.160316
0.157763
0.151331
0.155981
0.187660
0.196355
0.159345
0.138761
0.180727
0.149226
0.164619
0.166280
0.195223
0.152196
0.154552
0.129944
0.142116
0.121603
0.133624
0.158645
0.166264
0.148018
0.139278
0.138079
0.151731
0.132105
0.120679
0.143703
0.174081
0.203823
0.153550
0.127717
0.163735
0.157791
0.160733
0.147012
0.161227
0.160095
0.158271
0.154096
0.150192
0.152265
0.130851
0.147176
0.137831
0.130787
0.157103
0.146928
0.167166
0.153561
0.151019
0.184560
0.136999
0.160277
0.132873
0.155157
0.150622
0.123904
0.156826
