0.00
0.60
0.67
0.62
0.52
0.75
0.71
0.68
0.64
0.58
0.65
0.57
0.61
0.58
0.70
0.73
0.77
0.74
0.63
0.83
0.82
0.78
0.70
0.61
0.69
0.77
0.75
0.78
0.77
0.64
0.80
0.77
0.75
0.82
0.79
0.67
0.60
0.76
0.58
0.55
0.80
0.83
0.63
0.61
0.67
0.76
0.62
0.68
0.70
0.79
0.73
0.58
0.79
0.64
0.78
0.56
0.63
0.73
0.51
0.55
0.65
0.57
0.62
0.58
0.53
0.49
0.53
0.41
0.49
0.38
0.46
0.54
0.55
0.54
0.49
0.51
0.54
0.61
0.59
0.54
0.57
0.55
0.47
0.42
0.42
0.30
0.24
0.22
0.18
0.29
0.35
0.33
0.30
0.27
0.41
0.33
0.24
0.05
0.05
0.02
0.15
0.09
0.20
0.31
0.22
0.27
0.22
0.38
0.21
0.16
0.08
0.32
0.27
0.43
0.52
0.52
0.48
0.55
0.67
0.49
0.22
0.18
0.39
0.45
0.36
0.34
0.29
0.18
0.34
0.44
0.40
0.39
0.27
0.42
0.29
0.32
0.19
0.26
0.31
0.28
0.27
0.27
0.14
0.12
0.12
0.15
0.15
0.32
0.42
0.27
0.32
0.30
0.31
0.22
0.21
0.19
0.21
0.29
0.33
0.18
0.15
0.08
0.20
0.36
0.36
0.23
0.12
0.23
0.12
0.08
0.08
0.32
0.43
0.16
0.33
0.31
0.01
0.16
0.32
0.38
0.27
0.27
0.37
0.28
0.24
0.34
0.27
0.19
0.23
0.46
0.44
0.56
0.43
0.49
0.45
0.44
0.46
0.41
0.45
0.41
0.48
0.42
0.46
0.27
0.26
0.37
0.33
0.48
0.33
0.28
0.11
0.22
