0.181048
0.120455
0.140009
0.108087
0.137945
0.115875
0.140995
0.152449
0.132244
0.137674
0.139853
0.116619
0.126589
0.139059
0.136983
0.120280
0.163831
0.137826
0.128311
0.113141
0.111778
0.122099
0.107953
0.105670
0.116008
0.139134
0.119587
0.131567
0.118450
0.118294
0.126831
0.137959
0.123960
0.150250
0.119651
0.134802
0.110979
0.133593
0.130220
0.145828
0.119345
0.113387
0.172159
0.108674
0.156292
0.158053
0.135474
0.115089
0.110757
0.138829
0.125502
0.109078
0.147536
0.127532
0.123990
0.138492
0.103703
0.126391
0.128098
0.120316
0.122401
0.135587
0.140407
0.117178
0.112886
0.100688
0.098393
0.144537
0.123310
0.113458
0.104856
0.133578
0.136524
0.102466
0.117376
0.104228
0.117721
0.111131
0.123116
0.129088
0.118732
0.123972
0.141668
0.144071
0.142429
0.127993
0.109680
0.139049
0.134614
0.130028
0.108659
0.131612
0.121445
0.108585
0.137630
0.137640
0.099246
0.103488
0.134893
0.116508
0.135264
0.112317
0.116954
0.108257
0.112622
0.116659
0.130055
0.113320
0.123883
0.137423
0.120757
0.130291
0.135457
0.137992
0.118969
0.120660
0.143636
0.116952
0.123508
0.115513
0.109942
0.119821
0.112001
0.127920
0.132910
0.123744
0.118627
0.105054
0.112651
0.142321
0.116697
0.157498
0.106318
0.096858
0.108771
0.111460
0.115604
0.115884
0.118537
0.116900
0.103651
0.124392
0.104498
0.100626
0.106284
0.129145
0.113382
0.090812
0.094744
0.108408
0.128032
0.110137
0.088923
0.120586
0.101084
0.131825
0.115336
0.092010
0.091535
0.117119
0.120562
0.118420
0.137942
0.094147
0.119703
0.110186
0.130460
0.110098
0.105060
0.102920
0.104800
0.104485
0.104860
0.108685
0.144421
0.122600
0.118766
0.105139
0.107621
0.124075
0.119514
0.108541
0.115958
0.106059
0.117185
0.120334
0.100846
0.130871
0.110804
0.094524
0.105459
0.137680
0.105236
0.122459
0.114211
0.109403
0.108788
0.114137
0.095821
0.082736
0.106538
0.108473
0.104913
0.119502
0.102194
0.101477
0.108999
0.123887
0.102383
0.099809
0.091787
0.096227
0.112864
0.116480
0.116812
0.105362
0.110933
0.107140
