0.00
280.34
303.98
218.65
231.41
226.78
202.34
320.65
248.46
296.63
338.87
262.88
245.55
282.77
371.23
228.66
212.34
213.03
207.13
192.31
213.68
174.42
231.29
161.67
227.56
202.85
227.06
152.56
300.74
189.77
255.15
226.34
245.52
219.22
322.71
353.66
287.95
317.49
249.25
235.90
128.12
149.33
159.71
134.24
204.41
143.28
210.01
148.60
145.38
160.91
226.31
272.44
215.42
319.94
252.33
325.60
261.24
211.27
207.44
275.21
226.56
131.97
97.88
128.16
292.45
308.14
351.55
232.99
257.23
187.12
242.64
281.29
233.25
253.60
280.20
254.45
302.80
224.09
326.26
278.31
308.83
247.98
294.04
271.68
304.29
198.93
221.65
215.48
204.98
174.53
149.92
217.98
193.86
288.04
234.11
219.87
315.43
265.74
264.06
202.83
215.88
146.38
110.53
149.14
209.69
215.03
199.29
249.41
309.11
313.77
350.48
336.70
412.58
411.65
352.12
352.28
318.20
263.94
283.89
260.45
198.12
165.44
188.22
182.63
172.10
202.72
120.51
227.49
230.06
269.42
212.47
332.11
260.95
363.38
258.14
232.63
221.62
313.70
150.31
99.48
155.53
141.79
162.12
193.56
219.36
289.33
318.79
297.46
272.80
315.49
231.47
235.84
181.09
249.96
224.51
126.89
259.17
248.09
165.54
200.59
239.41
283.29
258.25
375.07
373.72
348.26
350.58
269.46
255.13
269.63
190.08
299.94
180.00
204.99
205.39
215.82
250.38
228.11
250.61
334.66
401.48
283.31
314.41
281.44
313.13
371.54
296.38
278.05
161.85
180.81
198.56
368.25
178.65
124.90
284.56
261.28
280.96
354.26
382.33
264.45
259.30
262.94
249.45
249.82
256.38
187.18
205.68
187.91
247.56
197.92
249.30
264.68
283.11
308.57
387.40
358.54
388.58
360.13
298.08
279.45
290.05
238.01
196.27
215.26
262.46
282.80
267.00
250.98
293.94
284.25
239.26
250.65
264.21
216.54
229.90
305.03
242.55
279.69
318.35
258.12
282.90
161.00
274.90
252.66
277.84
201.64
224.94
205.28
306.22
348.08
382.10
352.17
282.46
230.92
255.19
186.21
247.21
245.22
326.55
329.30
253.48
277.86
217.71
219.93
221.39
281.82
438.52
355.99
334.65
324.11
331.22
322.41
213.70
281.38
161.82
127.33
245.34
302.64
326.82
299.74
318.48
331.15
373.55
355.70
337.67
355.25
288.46
301.54
299.68
327.06
292.38
324.14
407.40
311.53
274.35
251.11
236.35
313.74
275.35
249.21
301.68
366.92
266.12
286.87
346.45
346.90
199.62
166.60
172.18
238.52
212.19
277.01
339.61
286.26
284.14
390.94
380.68
335.92
332.66
271.31
281.62
283.68
203.34
223.42
363.55
373.37
317.74
352.99
319.68
277.27
224.55
284.44
171.02
323.26
376.16
362.79
309.40
313.53
322.15
381.17
358.59
315.07
262.08
222.99
249.89
284.07
268.76
328.68
293.88
283.11
301.19
308.68
345.96
388.42
376.43
385.15
370.54
265.05
317.45
339.04
403.22
396.19
278.71
226.90
335.64
282.04
244.61
241.40
293.54
230.00
302.54
316.13
314.52
319.90
339.38
326.74
314.47
242.48
191.03
179.45
215.68
233.70
365.13
297.50
318.92
320.86
376.50
349.89
375.65
325.00
329.98
226.05
277.61
351.31
364.58
338.87
320.69
296.24
330.66
333.49
298.04
193.86
355.55
321.70
369.05
315.19
314.00
351.29
150.50
319.43
140.41
128.21
231.64
228.20
288.23
368.08
345.82
351.29
301.10
301.61
374.04
320.05
305.67
241.79
208.74
268.53
284.35
381.80
308.57
344.75
283.70
267.68
208.44
284.98
184.35
247.66
322.67
370.92
369.98
346.59
320.58
335.75
222.17
189.56
233.09
181.40
176.94
168.54
288.05
262.82
258.91
272.40
228.68
215.04
257.72
305.00
212.31
340.29
289.47
280.30
337.78
331.34
329.03
360.61
304.02
302.88
321.81
190.84
159.70
192.69
154.56
239.84
181.46
207.67
280.86
267.15
249.53
206.38
219.88
277.52
211.34
180.65
154.86
181.57
184.90
235.60
133.57
135.36
219.15
229.49
196.01
196.66
187.66
158.55
178.06
150.22
122.82
137.55
140.21
169.03
218.67
212.86
187.06
148.31
142.05
176.47
141.72
198.89
259.93
165.16
237.42
153.11
169.08
114.17
168.91
122.20
166.76
154.29
195.61
129.12
123.90
162.85
164.13
185.32
112.82
114.45
131.94
119.88
124.98
116.90
79.18
88.23
69.93
118.30
135.39
138.88
128.92
162.56
125.87
160.95
110.45
180.12
159.64
145.53
164.69
127.48
280.42
206.81
251.74
233.58
283.78
215.71
247.49
250.46
165.64
171.03
204.00
212.52
250.46
179.42
202.52
162.77
148.18
183.64
277.21
240.47
180.09
230.95
221.47
203.36
248.61
214.99
317.74
194.40
194.39
174.13
221.05
225.50
126.55
134.21
143.18
179.59
173.49
203.42
236.63
121.13
261.63
84.31
115.92
153.12
152.91
60.85
114.07
109.77
102.74
101.00
103.06
107.70
92.18
109.17
158.26
110.69
124.81
93.59
164.15
123.30
98.86
224.03
121.99
83.65
62.19
173.33
154.53
141.57
110.88
103.10
162.35
98.17
90.01
95.00
92.12
108.78
149.28
132.86
114.27
138.62
