0.00
438.37
368.06
407.02
278.89
362.39
395.52
509.36
492.69
498.12
451.98
471.18
491.03
476.87
448.69
357.73
439.79
453.04
416.20
424.22
428.02
398.44
405.84
388.97
434.31
376.47
390.44
189.55
322.36
263.46
289.30
251.64
306.85
292.33
406.16
314.85
345.87
274.24
329.82
309.10
241.68
268.55
296.22
213.39
308.74
308.88
328.44
274.01
415.45
405.98
351.80
397.21
403.68
397.99
406.52
369.39
388.59
417.51
407.98
401.89
386.76
382.58
394.54
401.59
375.07
408.96
422.30
411.09
368.42
376.23
411.40
430.40
391.06
403.56
431.78
424.34
380.90
423.58
441.37
430.91
401.60
386.44
396.62
437.23
403.31
408.53
403.09
414.22
373.21
407.10
417.45
337.97
409.41
395.32
392.70
382.17
420.82
378.99
380.92
432.68
439.61
393.83
418.15
413.62
386.78
334.44
416.44
389.57
398.85
397.17
400.54
318.60
384.41
335.95
357.55
273.97
280.33
318.85
314.51
264.49
196.57
211.35
225.08
230.97
138.77
144.75
210.21
183.93
166.83
124.09
168.04
174.48
184.10
152.13
143.17
149.22
118.92
212.05
199.74
166.92
153.43
196.14
228.74
211.40
160.79
208.22
231.75
209.41
287.22
194.27
272.54
284.12
353.41
323.22
339.51
328.20
329.71
324.35
323.50
292.58
323.88
264.24
308.08
384.31
332.89
311.41
354.04
222.88
260.53
256.25
244.16
255.43
240.37
225.30
253.28
242.92
270.29
326.97
290.91
217.03
264.34
397.27
271.29
303.39
290.54
306.86
292.63
196.74
277.06
246.58
293.13
263.01
309.72
222.55
351.19
243.01
301.37
234.66
214.75
195.32
387.06
313.54
302.74
343.72
368.31
397.86
355.19
357.93
394.53
389.51
377.12
386.10
416.84
394.41
365.03
292.19
277.66
276.98
