0.00
0.60
0.55
0.57
0.54
0.62
0.68
0.80
0.78
0.78
0.73
0.76
0.78
0.76
0.74
0.62
0.68
0.68
0.60
0.58
0.52
0.47
0.44
0.43
0.42
0.42
0.43
0.34
0.48
0.49
0.54
0.56
0.62
0.61
0.72
0.65
0.68
0.62
0.68
0.66
0.58
0.60
0.58
0.55
0.62
0.61
0.62
0.59
0.72
0.72
0.66
0.71
0.72
0.73
0.73
0.69
0.73
0.75
0.73
0.74
0.71
0.72
0.72
0.71
0.69
0.72
0.73
0.71
0.68
0.69
0.71
0.73
0.70
0.72
0.74
0.73
0.70
0.72
0.73
0.72
0.72
0.69
0.71
0.74
0.69
0.71
0.70
0.72
0.67
0.70
0.71
0.65
0.70
0.70
0.70
0.68
0.70
0.68
0.69
0.72
0.74
0.71
0.73
0.73
0.69
0.65
0.73
0.70
0.71
0.71
0.71
0.64
0.70
0.66
0.68
0.60
0.62
0.64
0.67
0.61
0.53
0.53
0.55
0.50
0.43
0.38
0.47
0.46
0.40
0.42
0.47
0.41
0.46
0.45
0.43
0.45
0.39
0.53
0.52
0.48
0.46
0.52
0.54
0.54
0.49
0.54
0.57
0.53
0.64
0.53
0.61
0.63
0.65
0.67
0.65
0.66
0.67
0.65
0.65
0.60
0.63
0.58
0.60
0.69
0.64
0.63
0.66
0.54
0.61
0.55
0.57
0.58
0.54
0.52
0.60
0.52
0.57
0.63
0.62
0.51
0.55
0.72
0.62
0.64
0.64
0.63
0.62
0.53
0.61
0.54
0.63
0.62
0.66
0.60
0.68
0.62
0.66
0.59
0.56
0.52
0.70
0.64
0.66
0.70
0.72
0.72
0.71
0.70
0.71
0.71
0.71
0.69
0.72
0.70
0.69
0.62
0.60
0.62
