0.00
370.49
295.94
222.55
211.78
207.25
193.87
189.11
277.24
286.68
182.58
223.22
403.13
219.13
208.04
217.68
367.36
390.67
428.90
270.25
303.89
331.95
407.29
419.09
325.70
307.41
256.95
280.02
200.00
265.60
200.43
209.51
252.41
244.90
453.22
351.92
346.00
286.60
317.15
191.41
162.06
173.93
284.37
220.73
265.42
306.17
310.19
278.13
157.75
252.83
223.84
404.67
356.62
344.60
350.69
367.15
331.66
430.09
386.37
313.88
195.75
179.04
363.27
427.31
325.76
236.93
444.40
437.66
262.01
326.51
478.79
348.84
16.50
21.64
92.32
191.19
198.96
189.28
207.44
105.01
100.67
131.97
161.85
108.34
158.66
117.50
178.24
102.20
160.15
112.34
140.47
163.72
95.44
160.90
118.66
150.07
192.98
176.82
120.02
164.65
152.65
124.40
114.41
143.95
121.66
81.73
44.24
88.90
61.41
65.64
67.82
56.50
81.94
64.65
45.26
43.37
38.02
52.25
56.77
54.69
64.09
67.46
59.51
75.95
80.53
63.02
60.75
46.57
40.83
57.27
54.90
71.25
49.22
61.68
59.65
62.43
33.27
70.55
48.01
35.80
71.31
41.43
24.10
46.40
40.56
57.78
38.63
48.97
54.11
43.23
33.46
62.86
78.00
38.91
54.46
64.41
81.33
50.90
42.56
39.88
64.82
45.67
45.85
32.40
33.11
55.63
66.35
41.84
41.38
56.73
40.47
57.51
54.98
34.04
34.33
73.73
26.71
94.49
320.26
297.23
344.65
343.75
320.85
375.39
349.14
305.17
339.26
293.03
231.30
327.09
283.45
324.47
307.68
210.39
315.66
329.62
204.20
286.13
311.34
249.02
159.27
73.98
172.37
242.50
210.15
294.77
206.52
230.41
352.58
359.44
277.61
303.86
253.57
297.04
275.07
320.66
257.57
330.59
307.90
333.71
238.58
342.36
362.04
313.76
222.88
295.52
298.82
251.31
309.04
289.60
297.29
227.04
284.17
344.04
357.90
278.33
280.25
