0.146480
0.136555
0.113000
0.135768
0.142446
0.133593
0.136363
0.110395
0.131124
0.114858
0.120418
0.140776
0.160624
0.120174
0.137364
0.133140
0.141449
0.194050
0.134501
0.158275
0.150111
0.158738
0.149663
0.169012
0.166397
0.156434
0.143648
0.205903
0.153436
0.131887
0.138825
0.142232
0.145150
0.164573
0.171679
0.149798
0.138779
0.107016
0.107976
0.169838
0.182119
0.179422
0.149401
0.143041
0.182929
0.136035
0.135062
0.123008
0.134825
0.157568
0.161288
0.142673
0.184899
0.169667
0.135962
0.161121
0.140289
0.141468
0.134633
0.151324
0.129452
0.124417
0.149728
0.156533
0.147311
0.147820
0.126655
0.158560
0.179821
0.165968
0.167307
0.112251
0.160316
0.140878
0.146444
0.153790
0.131200
0.142979
0.135660
0.149477
0.160859
0.145192
0.114436
0.157842
0.126949
0.110715
0.144720
0.100300
0.122227
0.167579
0.175421
0.121245
0.108419
0.160658
0.171436
0.107923
0.137329
0.195780
0.135249
0.125958
0.129759
0.130775
0.117506
0.147826
0.122738
0.160358
0.141902
0.136483
0.120333
0.106939
0.159311
0.173716
0.144832
0.150431
0.174514
0.164119
0.144030
0.124636
0.148194
0.150678
0.121949
0.141046
0.130243
0.151848
0.109474
0.128482
0.128736
0.105455
0.133092
0.090720
0.145930
0.085899
0.152384
0.136174
0.122350
0.118201
0.124561
0.141313
0.129534
0.119423
0.155904
0.147689
0.151604
0.128061
0.184302
0.137291
0.146401
0.146199
0.138899
0.130063
0.170583
0.134664
0.119035
0.163109
0.191762
0.182703
0.178215
0.161797
0.139863
0.150800
0.144791
0.156189
0.137565
0.176889
0.180452
0.177819
0.148171
0.165828
0.149116
0.143204
0.156790
0.153269
0.155720
0.169232
0.118109
0.147747
0.177956
0.129761
0.151649
0.137719
0.155433
0.121680
0.131658
0.188596
0.173157
0.171262
0.195547
0.162306
0.110189
0.133249
0.130426
0.159588
0.136758
0.144330
0.119135
0.107797
0.141009
0.138714
0.149935
0.155180
0.171675
0.100546
0.150033
0.103457
0.131605
0.138223
0.188694
0.151657
0.118049
0.147314
0.157590
0.127414
0.148077
0.143011
0.159077
0.165643
0.144500
0.164873
0.115345
0.141114
0.182201
0.148007
0.172436
0.133542
0.159388
0.133837
0.109114
0.151859
0.158303
0.095279
0.163832
0.110034
0.146698
0.138796
0.115520
0.153674
0.138440
