0.262603
4.110865
0.140889
0.169759
0.132976
0.111278
0.151951
0.158261
0.141433
0.155751
0.143265
0.137814
0.166144
0.137342
0.145575
0.131221
0.123219
0.135198
0.173207
0.128540
0.142136
0.165765
0.144254
0.154566
0.122375
0.191730
0.188028
0.108827
0.139008
0.107636
0.114084
0.145023
0.173434
0.167756
0.143285
0.133494
0.118297
0.118621
0.122016
0.144336
0.109919
0.173473
0.160086
0.107536
0.090863
0.126784
0.131349
0.161103
0.118029
0.130770
0.145533
0.108303
0.130025
0.127996
0.138064
0.148630
0.142509
0.123234
0.123221
0.118378
0.121151
0.123347
0.139719
0.143963
0.136647
0.131640
0.150841
0.145858
0.096142
0.151387
0.134184
0.124616
0.133487
0.131503
0.150420
0.142867
0.156766
0.134666
0.148219
0.146402
0.192726
0.150445
0.141645
0.209417
0.161015
0.138904
0.146312
0.171521
0.127375
0.150430
0.189072
0.153169
0.142221
0.115424
0.139208
0.143385
0.126817
0.136528
0.132823
0.179677
0.163739
0.141258
0.135490
0.136382
0.123498
0.136833
0.151801
0.134929
0.106414
0.165999
0.181206
0.148292
0.124952
0.132472
0.164362
0.117415
0.138078
0.120337
0.161202
0.160158
