0.00
0.41
0.48
0.30
0.37
0.51
0.65
0.46
0.64
0.46
0.44
0.57
0.61
0.50
0.70
0.48
0.50
0.46
0.55
0.57
0.67
0.70
0.41
0.60
0.56
0.57
0.69
0.44
0.60
0.68
0.61
0.56
0.68
0.53
0.53
0.51
0.60
0.73
0.79
0.55
0.55
0.51
0.57
0.62
0.68
0.57
0.71
0.52
0.49
0.48
0.71
0.54
0.47
0.59
0.60
0.55
0.56
0.48
0.52
0.53
0.60
0.58
0.69
0.54
0.49
0.59
0.59
0.50
0.62
0.56
0.66
0.56
0.47
0.47
0.61
0.44
0.56
0.62
0.62
0.51
0.67
0.43
0.55
0.55
0.56
0.53
0.58
0.64
0.57
0.49
0.52
0.53
0.60
0.51
0.51
0.55
0.45
0.61
0.54
0.42
0.51
0.56
0.48
0.33
0.31
0.24
0.45
0.42
0.16
0.27
0.25
0.27
0.35
0.36
0.38
0.31
0.39
0.39
0.21
0.52
