0.00
446.60
509.23
444.61
346.33
405.41
339.95
213.18
366.20
332.18
256.67
270.36
385.23
341.10
271.52
275.78
380.38
434.95
329.57
261.92
351.89
437.26
323.37
238.02
349.90
368.60
330.49
333.25
345.76
344.10
514.45
283.00
317.79
224.61
230.60
469.89
351.62
347.29
337.76
320.32
200.58
149.35
190.78
185.78
228.79
344.26
258.38
347.35
299.24
321.56
212.47
291.19
256.86
288.81
336.08
200.38
320.53
199.55
249.32
249.19
122.22
210.08
141.76
112.84
119.83
73.74
108.21
87.22
71.13
56.82
99.79
74.19
118.19
122.56
132.11
131.54
225.47
182.39
207.25
283.53
372.54
369.41
313.15
386.51
372.10
298.96
215.95
356.56
303.11
212.90
173.57
235.76
254.66
265.65
256.93
328.48
296.62
313.23
181.85
307.47
240.97
261.68
185.84
375.60
287.78
278.13
311.25
242.64
242.39
186.37
276.18
286.73
193.26
182.38
257.08
190.83
238.10
186.88
204.02
214.08
156.26
209.76
164.06
219.06
241.43
366.62
