0.00
524.86
349.63
497.24
305.25
507.67
420.59
489.71
352.61
274.50
399.79
295.87
395.05
427.21
442.94
436.15
352.24
390.80
316.40
349.39
341.94
389.30
371.35
409.55
336.56
379.54
325.75
303.17
360.53
423.65
159.38
369.87
444.42
408.57
431.04
467.36
402.26
463.65
491.58
500.46
295.44
494.56
492.31
423.53
486.20
503.34
474.05
421.97
434.44
433.13
436.89
411.51
314.53
319.56
357.14
395.00
348.67
302.19
427.59
354.22
343.84
442.85
402.26
377.23
335.82
287.68
296.87
390.89
397.30
391.17
381.25
380.36
340.68
311.31
248.22
259.29
209.80
199.64
177.71
191.44
205.19
326.93
233.49
293.61
218.61
241.18
261.02
230.36
137.38
70.55
84.44
101.76
160.33
93.09
65.24
146.97
81.12
67.50
94.55
69.38
85.96
122.43
127.84
120.16
81.75
70.15
97.94
96.20
81.00
53.12
69.70
62.20
65.64
95.85
97.80
92.85
61.12
56.11
89.48
69.73
56.43
66.73
55.77
65.55
91.95
64.13
47.66
25.24
76.39
79.87
48.40
53.68
50.21
40.21
33.90
10.99
15.24
18.68
22.14
32.53
62.48
58.94
38.89
37.80
24.36
35.15
72.70
82.84
216.12
