0.00
0.73
0.79
0.71
0.62
0.70
0.64
0.55
0.68
0.62
0.59
0.56
0.67
0.65
0.49
0.61
0.69
0.73
0.66
0.53
0.67
0.75
0.63
0.53
0.66
0.68
0.66
0.65
0.66
0.64
0.81
0.60
0.63
0.61
0.53
0.76
0.66
0.64
0.64
0.66
0.50
0.46
0.55
0.51
0.57
0.66
0.59
0.64
0.58
0.64
0.52
0.61
0.57
0.62
0.65
0.53
0.62
0.52
0.58
0.56
0.44
0.52
0.45
0.42
0.42
0.30
0.36
0.24
0.18
0.17
0.21
0.22
0.28
0.24
0.39
0.40
0.53
0.50
0.54
0.63
0.68
0.69
0.67
0.72
0.72
0.66
0.55
0.74
0.63
0.44
0.32
0.48
0.56
0.54
0.59
0.56
0.63
0.60
0.26
0.58
0.44
0.47
0.29
0.65
0.51
0.55
0.64
0.54
0.55
0.49
0.57
0.59
0.51
0.49
0.57
0.49
0.52
0.48
0.54
0.53
0.45
0.53
0.52
0.53
0.55
0.68
