0.260167
0.140711
0.115736
0.118293
0.159186
0.159946
0.164873
0.169286
0.146196
0.137368
0.132849
0.151594
0.113731
0.139383
0.133256
0.138227
0.135655
0.141761
0.156944
0.164954
0.133992
0.167121
0.153298
0.124615
0.141775
0.191372
0.167138
0.114067
0.137550
0.143214
0.157919
0.144037
0.127916
0.141721
0.205718
0.159213
0.165456
0.135467
0.132637
0.139791
0.122948
0.119604
0.159363
0.154896
0.167007
0.145891
0.130888
0.144720
0.107256
0.134530
0.167466
0.127471
0.133940
0.120206
0.119818
0.122594
0.149797
0.142508
0.142772
0.171438
0.148237
0.154267
0.145926
0.127462
0.152054
0.165655
0.109687
0.157090
0.156567
0.149976
0.127690
0.134041
0.109490
0.156565
0.160328
0.161173
0.169782
0.132899
0.144424
0.127298
0.131631
0.141315
0.122633
0.144532
0.144103
0.145326
0.157121
0.131831
0.137591
0.123785
0.145224
0.135481
0.163011
0.134837
0.147307
0.137838
0.117363
0.148154
0.152920
0.159580
0.146829
0.131711
0.123255
0.123155
0.116227
0.130042
0.140263
0.156589
0.154495
0.131535
0.139501
0.144547
0.136501
0.147493
0.129121
0.173028
0.167869
0.178957
0.142347
0.138309
0.136728
0.151267
0.155690
0.125140
0.147909
0.146677
