0.082303
0.109465
0.144249
0.147577
0.127514
0.136393
0.130141
0.159515
0.142520
0.129113
0.121126
0.128479
0.109537
0.124078
0.123487
0.145597
0.149223
0.132734
0.152330
0.204515
0.156865
0.164677
0.172575
0.193953
0.154069
0.142287
0.147362
0.134344
0.173197
0.098887
0.142659
0.136873
0.155708
0.148046
0.142561
0.136738
0.144904
0.151367
0.142988
0.149072
0.149564
0.153309
0.153485
0.156276
0.156219
0.160388
0.150345
0.135705
0.168077
0.119174
0.122642
0.138104
0.126094
0.127480
0.159385
0.154561
0.163908
0.119439
0.146152
0.121489
0.126886
0.146154
0.097348
0.143545
0.141904
0.154557
0.123006
0.168037
0.146764
0.121907
0.126503
0.143136
0.154983
0.138427
0.148351
0.142728
0.142982
0.167415
0.177361
0.164660
0.146426
0.150982
0.179034
0.118582
0.120732
0.155271
0.108307
0.157672
0.110291
0.154566
0.149793
0.153300
0.126080
0.127358
0.129966
0.128187
0.143592
0.139887
0.155851
0.147270
0.125597
0.140788
0.151141
0.132180
0.130770
0.199167
0.151321
0.144867
0.142614
0.134529
0.166483
0.148271
0.175333
0.160519
0.157282
0.183385
0.147473
0.136395
0.136524
0.158137
0.114463
0.156133
0.178570
0.129028
0.115246
0.138683
0.123292
0.124775
0.186841
