0.258296
0.158789
0.104205
0.156323
0.164687
0.131647
0.198507
0.206804
0.171380
0.140396
0.167340
0.179774
0.202817
0.155148
0.146968
0.178309
0.133229
0.151314
0.127353
0.177879
0.169985
0.166801
0.134587
0.180799
0.136990
0.138563
0.128582
0.128530
0.154958
0.152083
0.146351
0.134706
0.152433
0.128044
0.123012
0.113660
0.136259
0.187772
0.150886
0.121405
0.124130
0.152090
0.158206
0.121253
0.133826
0.157280
0.120561
0.121119
0.134803
0.143441
0.129710
0.115279
0.152440
0.124059
0.143459
0.126076
0.105693
0.150545
0.142760
0.131015
0.143395
0.110818
0.137211
0.158223
0.135054
0.124523
0.135283
0.134383
