0.00
415.40
283.17
161.17
217.76
211.86
168.22
120.51
89.86
126.09
108.44
169.97
209.04
180.96
135.62
161.52
171.04
218.89
207.19
162.99
109.80
154.98
101.93
116.21
193.46
132.56
147.56
204.20
161.29
119.36
123.75
142.87
120.46
169.60
105.69
112.65
87.97
91.91
59.34
109.66
149.17
178.70
155.58
116.14
114.57
76.83
97.59
87.08
133.03
193.39
180.46
186.38
201.17
221.41
180.42
235.59
180.35
163.30
143.84
187.58
154.04
106.97
130.54
161.06
218.62
216.28
238.95
111.79
95.20
132.83
226.88
205.21
218.72
166.47
177.79
200.09
165.46
158.52
80.70
84.91
154.18
187.87
109.99
104.36
102.35
144.88
109.09
144.49
159.56
140.88
161.88
117.13
137.79
62.02
173.02
165.93
198.63
102.70
200.26
190.63
204.23
178.35
225.84
203.23
200.03
149.81
172.36
