0.00
419.50
340.21
422.73
399.02
442.67
485.98
377.13
349.39
297.40
324.94
400.09
447.34
280.98
360.56
390.90
399.70
318.40
168.20
393.61
394.74
464.26
293.09
300.95
270.65
297.01
368.21
318.21
280.94
188.36
246.05
378.71
237.00
363.91
269.98
180.53
309.71
247.58
199.07
217.59
198.65
393.82
184.90
230.25
324.73
249.86
441.71
345.73
173.90
135.86
170.15
416.83
291.51
248.62
255.90
305.34
323.02
267.36
346.78
238.98
248.99
372.75
169.69
207.41
193.81
129.36
123.84
101.99
135.54
185.50
197.61
287.84
149.33
238.30
226.02
238.10
254.89
187.20
169.64
216.44
225.08
233.32
228.73
229.97
243.91
213.18
217.66
203.92
233.26
174.16
231.66
241.90
168.30
127.31
204.43
149.29
233.36
119.10
93.24
218.66
196.28
206.03
139.66
142.06
222.06
150.85
235.13
184.82
148.61
192.06
146.60
192.87
167.52
211.84
194.12
214.17
222.75
195.59
180.84
141.66
187.94
192.74
161.33
147.48
171.98
252.97
249.05
195.57
150.83
236.94
205.56
254.59
239.49
288.46
155.50
85.87
108.00
110.51
108.61
199.21
204.65
204.36
188.64
171.57
179.96
252.26
195.23
188.03
124.07
133.08
111.49
128.05
167.93
191.04
137.48
120.72
133.59
207.84
193.50
217.35
134.72
225.61
105.24
47.29
116.26
58.54
54.55
44.81
38.10
84.20
140.60
119.50
96.48
84.45
66.70
150.68
117.76
71.13
84.34
60.93
49.90
41.60
76.67
85.16
30.52
17.39
53.16
202.47
174.83
180.44
180.55
159.53
223.69
239.63
184.83
266.00
328.82
238.45
324.00
372.41
332.21
375.25
380.30
300.57
348.32
338.86
349.62
325.91
251.43
225.53
312.74
