0.167166
0.118591
0.124597
0.150930
0.136877
0.131413
0.115939
0.132980
0.121764
0.141973
0.128816
0.148263
0.134799
0.109900
0.114635
0.125029
0.116899
0.137467
0.127155
0.128005
0.121977
0.131091
0.131134
0.125968
0.137337
0.124761
0.093160
0.147261
0.109239
0.142800
0.126251
0.145274
0.163780
0.144589
0.131229
0.172876
0.123679
0.147916
0.103738
0.144905
0.159038
0.128793
0.155115
0.116596
0.144793
0.126934
0.136946
0.137414
0.108791
0.134218
0.131406
0.131791
0.128043
0.111974
0.138128
0.149298
0.145245
0.105810
0.123071
0.114377
0.145019
0.117523
0.111556
0.100626
0.106495
0.120275
0.141282
0.112174
0.113779
0.108742
0.129471
0.188286
0.169086
0.131536
0.112411
0.136639
0.110355
0.124436
0.128237
0.113845
0.150005
0.126683
0.151942
0.147352
0.151052
0.145402
0.139369
0.161574
0.134411
0.125777
0.147182
0.123802
0.142604
0.145734
0.129545
0.122489
0.120631
0.121931
0.134943
0.114328
0.126709
0.123648
0.117236
0.134206
0.143616
0.133758
0.136437
0.149216
0.130949
0.172146
0.162533
0.129253
0.158401
0.148632
0.127317
0.136334
0.124751
0.116118
0.149810
0.141413
0.144478
0.134693
0.127696
0.115391
0.116868
0.122613
0.120513
0.113938
0.111690
0.108819
0.120754
0.098253
0.126179
0.116691
0.132608
0.119920
0.103018
0.169622
0.129069
0.116590
0.120196
0.128229
0.132162
0.109450
0.128083
0.108625
0.137360
0.110194
0.136729
0.133595
0.115125
0.111540
0.143916
0.121804
0.106277
0.115662
0.121078
0.116501
0.141461
0.119762
0.144227
0.120557
0.132587
0.125542
0.156534
0.121382
0.120464
0.140759
0.130799
0.144948
0.143033
0.125340
0.122851
0.106381
0.118464
0.123733
0.117837
0.126292
0.118517
0.112459
0.109034
0.126745
0.119313
0.107602
0.132321
0.113709
0.119357
0.131970
0.140972
0.112012
0.120476
0.113529
0.133456
0.102796
0.118293
0.103642
0.131363
0.117982
0.112007
0.123464
0.105464
0.133168
0.127056
0.143092
0.105067
0.112638
0.139782
0.148044
0.129137
0.113219
0.115307
0.110137
0.113898
0.127419
0.105349
0.115773
0.113790
0.130523
0.119944
0.109023
