0.00
0.73
0.76
0.81
0.78
0.79
0.68
0.60
0.65
0.71
0.76
0.71
0.75
0.70
0.70
0.65
0.70
0.60
0.56
0.62
0.74
0.65
0.61
0.56
0.59
0.67
0.64
0.65
0.66
0.63
0.65
0.62
0.61
0.60
0.61
0.50
0.52
0.59
0.60
0.53
0.63
0.59
0.54
0.54
0.52
0.46
0.52
0.50
0.50
0.55
0.56
0.62
0.53
0.60
0.57
0.50
0.60
0.55
0.54
0.53
0.66
0.65
0.65
0.71
0.72
0.73
0.69
0.73
0.63
0.63
0.60
0.72
0.56
0.68
0.59
0.64
0.56
0.59
0.57
0.54
0.63
0.57
0.63
0.59
0.68
0.66
0.61
0.64
0.64
0.57
0.68
0.62
0.66
0.67
0.71
0.68
0.69
0.66
0.67
0.64
0.68
0.67
0.67
0.62
0.65
0.67
0.57
0.66
0.58
0.60
0.65
0.52
0.61
0.59
0.54
0.70
0.56
0.59
0.62
0.59
0.55
0.64
0.71
0.66
0.64
0.65
0.66
0.65
0.69
0.68
0.64
0.61
0.65
0.69
0.67
0.66
0.73
0.59
0.70
0.66
0.63
0.50
0.64
0.62
0.58
0.60
0.62
0.66
0.67
0.70
0.63
0.67
0.59
0.51
0.59
0.67
0.63
0.65
0.67
0.64
0.67
0.68
0.66
0.67
0.60
0.68
0.61
0.66
0.54
0.59
0.56
0.71
0.53
0.73
0.58
0.71
0.60
0.69
0.63
0.64
0.69
0.68
0.66
0.73
0.67
0.66
0.72
0.66
0.66
0.68
0.68
0.68
0.67
0.62
0.71
0.67
0.69
0.68
0.75
0.73
0.71
0.66
0.61
0.74
0.70
0.61
0.69
0.64
0.65
0.69
0.64
0.57
0.62
0.63
0.61
0.68
0.61
0.67
0.71
0.62
