0.00
472.00
477.75
469.90
452.22
429.59
287.42
423.89
375.45
409.11
340.85
328.30
294.78
428.86
342.91
412.27
396.94
400.43
432.33
407.89
396.28
407.75
472.76
423.80
410.39
341.68
372.84
359.93
458.51
457.81
439.50
435.58
398.47
393.39
429.62
427.77
422.76
390.58
430.86
436.82
448.14
436.81
455.50
431.48
419.17
438.44
366.91
425.14
383.39
464.27
466.21
487.74
474.78
472.06
461.58
493.67
448.89
422.35
410.78
430.11
406.07
401.91
348.31
319.62
293.58
284.71
315.36
272.26
306.75
303.07
183.54
296.41
143.68
197.39
143.24
219.08
256.89
265.62
257.53
202.89
