0.00
0.59
0.72
0.52
0.60
0.55
0.81
0.70
0.69
0.64
0.69
0.68
0.68
0.48
0.42
0.53
0.49
0.55
0.74
0.79
0.82
0.82
0.75
0.78
0.75
0.64
0.62
0.62
0.68
0.59
0.54
0.58
0.58
0.61
0.55
0.77
0.69
0.77
0.65
0.56
0.67
0.53
0.56
0.55
0.61
0.52
0.62
0.55
0.63
0.48
0.49
0.55
0.57
0.51
0.54
0.53
0.57
0.59
0.53
0.52
0.53
0.57
0.52
0.55
0.59
0.58
0.62
0.56
0.68
0.56
0.51
0.49
0.54
0.55
0.51
0.48
0.50
0.55
0.57
0.52
0.68
0.58
0.70
0.66
0.63
0.55
0.51
0.45
0.57
0.60
0.58
0.52
0.55
0.55
0.45
0.51
0.57
0.52
0.59
0.53
0.54
0.53
0.54
0.59
0.55
0.58
0.66
0.59
0.49
0.54
0.59
0.62
0.53
0.56
0.72
0.60
0.44
0.42
0.20
0.20
0.27
0.23
0.09
0.08
0.25
0.22
0.21
0.24
0.21
0.16
0.40
0.49
0.48
0.36
0.36
0.46
0.41
0.41
0.45
0.40
0.48
0.43
0.34
0.40
0.18
0.26
0.36
0.33
0.34
0.28
0.22
0.25
0.12
0.08
0.07
0.07
0.06
0.18
0.66
0.55
0.63
0.61
0.50
0.54
0.53
0.47
0.49
0.47
0.56
0.37
0.40
0.36
0.44
0.33
0.27
0.24
0.40
0.47
0.44
0.53
0.28
0.50
0.53
0.51
0.57
0.55
0.62
0.63
0.48
0.51
0.53
0.54
0.63
0.57
0.51
0.51
0.63
0.60
0.73
0.76
0.62
0.66
