0.00
442.91
319.59
406.46
391.38
335.79
240.72
309.46
208.48
264.47
238.45
225.27
338.54
299.34
371.69
188.62
340.13
319.73
429.67
429.66
416.21
399.08
210.86
257.30
432.77
322.25
248.05
276.58
404.70
270.96
342.70
398.92
420.21
417.95
412.86
387.74
281.71
362.20
419.29
235.91
198.06
295.48
302.78
472.60
505.30
500.49
480.41
398.80
486.51
460.66
399.86
371.69
244.30
239.19
279.65
219.93
186.95
208.28
174.37
180.91
190.25
142.57
173.18
196.10
245.14
292.27
188.65
229.40
321.62
162.39
153.24
284.49
223.89
135.22
179.38
294.81
239.54
286.31
166.34
196.47
177.95
147.62
97.59
129.82
156.59
219.07
176.46
160.82
225.24
157.75
188.07
138.05
223.25
250.67
175.40
263.70
254.98
181.61
180.15
242.90
189.22
248.63
424.31
269.85
248.43
274.56
397.09
366.43
425.22
375.50
375.71
328.92
306.10
171.80
165.31
157.97
273.77
107.55
166.52
139.92
194.34
132.21
169.17
172.62
314.59
243.77
228.94
280.88
276.14
143.80
228.01
324.74
314.01
368.98
230.63
346.25
308.56
261.69
203.66
200.93
302.50
207.60
217.00
187.73
136.28
220.01
210.63
204.30
243.97
286.96
171.62
144.18
263.59
208.61
236.64
155.39
199.44
272.52
217.06
188.92
249.98
244.58
210.88
137.13
146.80
148.33
146.17
224.92
230.85
240.03
192.98
289.71
236.65
424.95
495.19
515.03
468.39
433.57
469.80
493.52
520.82
289.26
505.34
361.18
397.30
375.69
319.06
254.89
221.44
265.66
274.39
350.19
344.34
227.70
200.97
276.82
168.25
226.29
185.38
166.01
202.68
170.95
187.73
251.45
294.26
193.19
241.10
146.95
