0.00
335.16
443.75
206.83
285.16
266.49
493.44
429.74
417.95
365.92
417.16
411.84
391.79
187.57
110.76
194.08
174.78
260.73
436.79
480.36
500.24
512.45
455.41
472.63
448.92
328.35
316.18
329.23
370.49
263.93
199.50
261.35
263.18
279.44
268.48
478.49
400.04
471.95
368.77
271.22
381.31
223.70
266.89
259.25
318.78
236.82
310.02
254.86
341.27
193.53
184.07
252.68
278.61
219.54
219.83
205.26
232.10
257.15
205.04
211.15
232.71
236.73
186.48
207.08
270.89
241.44
295.71
221.38
366.53
216.23
177.47
164.04
229.64
226.29
186.46
163.70
201.23
219.52
256.09
188.38
384.39
261.09
381.00
345.75
306.40
224.07
176.23
149.49
295.32
305.95
293.44
277.91
298.58
327.62
207.75
273.51
356.43
285.98
378.26
290.57
316.43
308.37
300.56
371.08
297.29
297.76
445.04
330.28
227.10
237.36
309.98
288.79
255.40
231.55
429.21
305.36
163.22
129.95
19.31
18.61
31.33
23.04
15.96
21.96
52.94
52.36
58.51
67.06
56.34
40.28
142.28
246.45
257.30
123.35
96.97
171.87
137.68
157.01
178.96
133.42
238.46
174.64
108.17
134.57
42.87
118.42
108.53
77.73
56.42
76.14
90.09
47.56
39.13
126.92
75.44
47.92
43.69
113.90
395.91
224.37
327.97
294.66
284.12
266.21
265.98
187.02
145.75
147.88
209.25
131.91
112.50
117.79
102.37
80.39
96.58
99.35
106.52
108.76
95.07
194.43
112.86
248.79
186.78
179.97
227.49
225.47
329.92
332.84
214.12
252.98
254.04
292.34
350.06
252.82
199.58
188.62
308.65
294.48
414.90
455.28
321.34
360.22
