0.240091
0.186298
0.153379
0.132949
0.132645
0.158052
0.188548
0.141812
0.197823
0.158073
0.154641
0.169938
0.174018
0.168344
0.131137
0.116872
0.152852
0.160068
0.135544
0.189054
0.178714
0.172344
0.173400
0.177979
0.176436
0.148639
0.177241
0.161297
0.172281
0.157831
0.139679
0.174043
0.145361
0.159549
0.159298
0.160388
0.140694
0.185308
0.141836
0.145976
0.126861
0.157993
0.166824
0.169665
0.160891
0.165465
0.180583
0.149412
0.166477
0.159614
0.166932
0.159560
0.192662
0.192939
0.157965
0.162684
0.186823
0.181163
0.164426
0.187151
0.109557
0.169701
0.130652
0.141676
0.135357
0.123581
0.156852
0.163061
0.149294
0.106453
0.115870
0.134197
0.106310
0.141159
0.158947
0.136541
0.136356
0.130768
0.124914
0.181406
0.127862
0.192216
0.154795
0.155051
0.160418
0.153182
0.169103
0.156280
0.197276
0.133114
0.147210
0.163875
0.119108
0.152396
0.188324
0.189992
0.122250
0.152039
0.157585
0.149116
0.189116
0.164743
0.179677
0.173018
0.132790
0.145254
0.192138
0.188311
0.165994
0.179070
0.152832
0.139195
0.141759
0.162942
0.164454
0.192155
0.178661
0.145128
0.164995
0.139089
0.155709
0.167010
0.162081
0.123078
0.164727
0.183923
0.174043
0.152757
0.127717
0.138226
0.210891
0.140590
0.170877
0.168029
0.181195
0.177821
0.184522
0.176399
0.220919
0.176824
0.188773
0.137125
0.134455
0.138668
0.152202
0.183574
0.144335
0.155240
0.172326
0.192618
0.172160
0.173877
0.209356
0.177501
0.147471
0.153402
0.162194
0.148088
0.193450
0.192551
0.156490
0.161888
0.219136
0.205023
0.138539
0.156076
0.205523
0.146019
0.145340
0.138044
0.113832
0.157742
0.162306
0.163183
0.204786
0.175209
0.162112
0.179388
0.173953
0.132216
0.162162
0.152175
0.162637
0.131435
0.197815
0.183138
0.115927
0.143139
0.153688
0.162005
0.139498
0.164681
0.151741
0.186690
0.176258
0.171198
0.180054
0.141318
0.131500
0.137237
0.161748
0.143498
0.176985
0.153075
0.140049
0.184434
0.142793
0.146045
