0.138760
0.121990
0.134304
0.131063
0.136708
0.117484
0.125776
0.138822
0.122174
0.128054
0.137619
0.117023
0.130001
0.151338
0.119049
0.152564
0.113799
0.142442
0.137690
0.133720
0.129838
0.133236
0.153555
0.120953
0.109919
0.111045
0.109951
0.118567
0.122812
0.128345
0.129407
0.132287
0.143290
0.111638
0.112096
0.126057
0.131365
0.131639
0.127167
0.106440
0.132934
0.117311
0.112148
0.126409
0.125213
0.105185
0.117882
0.139630
0.139633
0.153074
0.133612
0.139035
0.126812
0.142705
0.140701
0.146793
0.162296
0.129022
0.130261
0.148463
0.123457
0.136328
0.124061
0.145400
0.130107
0.162870
0.116941
0.173912
0.125646
0.122266
0.148087
0.161159
0.119189
0.133611
0.101624
0.122038
0.145540
0.134421
0.126503
0.124170
0.107154
0.114339
0.137292
0.112716
0.134731
0.144825
0.107449
0.143327
0.162815
0.157484
0.118212
0.146468
0.107504
0.140676
0.134597
0.140216
0.112071
0.123762
0.105937
0.102220
0.144392
0.124475
0.129399
0.110475
0.151262
0.119222
0.134381
0.131174
0.146205
0.131940
0.134331
0.141084
0.135196
0.144514
0.130831
0.098154
0.102644
0.115019
0.126310
0.137061
0.130064
0.117476
0.134739
0.140490
0.132192
0.151060
0.143436
0.154311
0.150696
0.140577
0.123482
0.125177
0.115618
0.121314
0.122546
0.131704
0.157617
0.138944
0.131466
0.140518
0.152178
0.130232
0.130110
0.125128
0.147007
0.114539
0.118838
0.097911
0.124087
0.111120
0.118702
0.114326
0.115914
0.110075
0.128196
0.147676
0.146435
0.160120
0.140229
0.134278
0.120457
0.126196
0.132461
0.177959
0.141387
0.144360
0.154624
0.152936
0.153541
0.176393
0.126621
0.136102
0.154323
0.143059
0.132721
0.123056
0.134826
0.117355
0.137287
0.148873
0.133015
0.124673
0.148611
0.143596
0.168913
0.146517
0.150956
0.148517
0.121413
0.133463
0.122135
0.141823
0.151407
0.129730
0.143893
0.116999
0.138028
0.147330
0.144255
0.133839
0.144192
0.150195
0.129059
0.144078
0.114611
0.147857
0.129347
0.128428
0.129189
0.130574
0.130768
