0.162164
0.089803
0.076720
0.116573
0.133957
0.118365
0.121460
0.118124
0.113533
0.146083
0.131108
0.142290
0.123764
0.116846
0.152332
0.147105
0.128181
0.140027
0.164828
0.119655
0.112907
0.124355
0.138793
0.142614
0.151692
0.150383
0.135620
0.174099
0.128675
0.138772
0.160423
0.138929
0.154905
0.165891
0.163702
0.132688
0.125380
0.141686
0.136351
0.178763
0.167756
0.137073
0.141798
0.154709
0.146641
0.134082
0.163236
0.131497
0.155859
0.140892
0.169736
0.161131
0.165405
0.130410
0.112479
0.150933
0.119081
0.146746
0.117958
0.140219
0.123645
0.155659
0.149957
0.169757
0.164115
0.185751
0.168278
0.147904
0.156976
0.149611
0.135786
0.167655
0.170174
0.152560
0.137354
0.140557
0.119137
0.145597
0.128971
0.132952
0.137234
0.130202
0.127712
0.159842
0.151176
0.115058
0.136860
0.129925
0.151790
0.137603
0.132069
0.136809
0.175227
0.155544
0.151399
0.158242
0.121477
0.131840
0.131540
0.123708
0.125200
0.170126
0.163162
0.158646
0.130223
0.149817
0.138244
0.175239
0.178604
0.150018
0.115294
0.155203
0.136297
0.137471
0.128250
0.102309
0.102113
0.130369
0.127926
0.138778
0.146354
0.130686
0.129569
0.131993
0.130198
0.119501
0.124744
0.155834
0.112622
0.137130
0.171304
0.160460
0.123995
0.138509
0.174302
0.125684
0.120609
0.139226
0.144462
0.149653
0.134625
0.108706
0.132693
0.112985
0.165280
0.123203
0.114157
0.159153
0.139791
0.117619
0.109646
0.128197
0.119205
0.148496
0.107529
0.144270
0.131326
0.136640
0.137840
0.123075
0.118315
0.125236
0.120754
0.113610
0.120605
0.145577
0.147004
0.130339
0.143402
0.140002
0.114569
0.110113
0.166592
0.162598
0.146093
0.158523
0.153290
0.167697
0.152226
0.148178
0.142841
0.133658
0.164501
0.134908
0.122972
0.173723
0.171397
0.165779
0.163162
0.113388
0.156251
0.204084
0.140338
0.118055
0.108427
0.127075
0.166760
0.138507
0.125693
0.152531
0.149391
0.155465
0.157385
0.151556
0.162388
0.155911
0.165884
0.156793
0.143880
0.125334
0.139569
0.116286
0.133519
0.124479
0.135057
0.184655
0.144608
0.136939
0.112173
0.139074
0.115217
0.104843
0.138765
0.152168
0.167200
0.135298
0.152096
0.138644
0.131991
0.135400
0.122447
0.133159
0.136110
0.150688
0.137388
0.141779
0.162093
0.148839
0.119997
0.116687
0.137890
0.122013
0.151180
0.140982
0.137732
0.176197
0.122508
0.159192
0.144471
0.119851
0.144010
0.141406
0.123044
0.128773
0.124857
0.115313
0.115997
0.152763
0.141500
0.139246
0.125129
0.163169
0.123756
0.165437
0.162447
0.114312
0.164986
0.132082
0.132094
0.126998
0.139861
0.148263
0.140716
0.135292
0.164305
0.178432
0.182161
0.134494
0.158416
0.148703
0.132539
0.105907
0.143449
0.140400
0.140144
0.121437
0.154944
