0.00
340.51
402.13
474.06
411.05
173.98
300.27
407.96
319.27
206.20
270.01
183.52
251.27
203.62
174.90
269.68
269.19
364.49
335.61
349.69
159.66
192.95
390.48
321.20
186.20
305.85
259.27
380.52
328.24
418.27
384.80
320.64
243.70
207.40
228.55
263.19
245.96
284.50
248.23
173.47
178.23
193.34
300.33
215.47
314.36
233.03
138.53
145.07
206.93
138.68
295.98
261.96
233.09
205.58
261.61
202.46
304.35
312.27
250.40
253.47
277.63
313.31
245.45
369.46
324.83
294.86
230.45
269.39
339.11
236.08
266.34
269.66
326.00
305.73
312.97
212.82
352.72
272.23
398.94
417.73
430.82
407.11
406.14
448.03
415.82
419.11
411.02
327.37
348.00
317.99
207.65
368.69
242.23
354.20
367.99
315.61
392.25
351.49
363.87
429.30
417.54
358.02
271.77
322.66
186.28
421.92
380.59
430.31
318.97
319.38
387.70
366.20
338.62
294.66
260.94
273.24
312.88
277.01
352.17
448.78
445.71
411.15
278.74
368.31
424.42
442.05
224.73
279.29
173.57
252.04
301.46
243.54
315.54
290.47
229.51
402.74
419.66
398.58
492.08
457.44
248.44
269.78
266.53
318.08
215.64
248.80
208.82
228.92
310.44
272.59
343.85
439.90
412.08
424.68
502.54
444.93
471.09
441.25
266.09
189.18
250.25
175.54
358.28
513.36
510.29
484.70
430.58
429.45
199.83
254.99
181.60
272.93
196.76
293.58
424.97
267.85
372.49
450.08
315.65
277.92
227.29
430.09
409.88
453.98
449.72
515.85
361.81
436.03
333.35
515.03
482.04
495.49
275.80
411.41
356.28
278.91
326.88
362.29
331.74
298.31
277.30
230.80
385.13
431.80
248.81
414.14
279.56
327.49
330.65
371.34
330.94
