0.00
323.33
488.22
238.50
518.75
343.32
487.93
287.27
455.95
322.05
336.79
324.27
381.55
378.75
285.09
423.96
348.62
231.54
247.48
214.84
369.95
308.96
168.22
382.07
350.71
284.78
334.64
387.89
232.29
268.91
240.16
197.43
349.96
248.25
413.40
307.28
405.77
382.70
451.15
313.92
439.94
292.20
296.85
337.20
373.90
321.24
293.87
427.27
430.03
447.39
385.21
486.87
240.48
178.43
302.14
411.56
291.09
376.81
315.29
306.64
437.67
464.96
328.83
326.69
288.03
489.58
426.53
402.32
460.63
407.17
362.70
418.14
341.40
310.66
457.92
294.97
430.60
422.04
366.00
319.19
437.78
242.38
249.79
339.41
309.65
471.26
453.86
188.33
193.47
268.54
214.93
376.93
454.58
361.83
190.72
375.26
462.37
413.69
336.13
375.02
411.42
309.56
395.76
458.93
418.94
292.89
482.07
444.28
330.31
441.64
277.87
370.13
361.07
261.29
302.97
244.38
284.96
344.40
411.93
419.53
275.36
322.19
330.66
194.69
190.35
233.12
221.78
332.13
260.37
310.33
272.53
312.92
314.78
353.59
426.26
458.94
443.58
327.20
240.99
311.61
323.89
191.69
211.05
272.31
266.19
311.42
224.19
214.50
249.49
288.74
207.72
215.81
170.04
267.02
273.46
368.02
279.39
366.66
398.25
357.81
501.37
486.10
512.65
530.05
503.57
518.13
481.50
470.16
447.11
361.00
306.39
355.92
438.77
447.96
267.73
344.64
309.13
226.04
157.91
148.02
16.44
16.00
12.32
44.08
53.89
98.99
108.11
130.14
152.65
61.25
136.25
108.25
138.85
78.93
142.81
158.73
153.02
164.22
177.77
149.96
234.84
268.23
89.21
182.45
76.28
138.04
98.82
123.16
120.42
129.85
112.60
171.27
150.71
176.02
150.98
230.41
219.28
141.27
119.20
147.69
140.25
158.56
141.01
129.04
107.35
147.36
119.24
135.64
100.91
104.93
45.13
25.21
48.50
95.22
144.16
122.67
180.01
186.34
144.86
135.35
122.80
74.74
94.96
38.77
31.84
68.85
103.65
133.21
89.28
94.86
132.86
97.83
96.73
110.37
86.23
62.78
43.37
104.59
78.03
77.27
95.90
102.97
100.54
86.43
112.72
102.25
103.20
150.47
144.12
116.50
146.21
153.98
94.21
22.13
22.98
51.26
90.13
122.19
75.29
98.20
88.69
65.51
59.05
77.83
79.40
73.70
134.35
138.63
154.65
90.89
65.02
60.04
104.48
64.58
120.24
101.75
102.23
40.57
53.93
204.52
106.44
110.01
92.08
82.28
179.52
81.47
74.11
81.69
61.80
45.69
30.50
49.01
36.58
52.27
18.45
28.86
67.24
53.00
75.80
36.70
35.11
22.67
94.21
61.03
110.45
95.30
102.58
74.03
74.72
78.36
56.90
137.51
121.72
140.70
118.01
104.08
119.92
125.54
121.20
68.90
90.10
27.18
24.46
52.62
43.83
93.52
81.82
99.48
145.94
21.04
50.78
33.57
27.84
20.34
22.47
31.75
13.92
32.87
36.62
309.86
264.07
230.17
356.80
510.14
496.83
482.10
305.90
318.38
344.33
360.44
385.88
390.08
429.13
266.93
390.03
222.37
235.90
317.61
261.80
305.76
424.55
484.59
455.52
486.98
470.12
337.50
310.83
354.11
224.52
245.54
175.90
281.38
423.86
372.52
326.09
309.96
331.86
331.35
293.21
248.14
258.89
163.66
211.56
175.83
221.99
276.80
229.90
246.37
222.20
236.55
246.84
284.35
307.81
336.01
147.09
163.08
222.43
264.81
292.11
286.65
305.74
262.73
242.34
231.41
217.71
138.54
294.35
300.10
205.92
266.36
192.65
228.10
336.26
387.46
197.49
208.73
164.85
232.32
322.28
199.68
205.30
248.51
251.91
292.87
203.21
314.83
70.53
128.69
136.55
164.44
255.33
355.70
143.74
283.18
299.73
301.43
214.46
186.96
315.49
211.15
215.99
341.16
191.63
268.44
234.21
306.75
173.99
321.50
336.60
140.58
177.81
243.84
185.20
313.72
219.13
257.87
292.70
295.99
349.50
299.95
354.55
354.66
324.70
238.18
260.93
237.61
323.65
279.62
392.83
209.09
216.94
232.51
175.85
176.19
264.05
200.73
261.48
349.66
272.44
368.60
343.44
435.05
232.35
260.74
339.81
415.49
377.88
333.25
257.62
272.32
409.84
289.90
282.41
469.09
471.15
279.03
416.50
293.99
189.52
198.56
127.23
140.00
81.59
75.83
174.38
199.44
166.08
119.78
76.63
170.04
49.54
248.32
176.52
233.14
184.81
176.95
202.88
209.74
261.72
261.97
451.91
328.93
269.53
166.25
194.69
213.18
203.19
184.71
157.49
253.52
270.89
239.04
295.81
314.88
239.25
306.11
254.92
187.64
255.14
266.30
175.11
201.32
314.54
243.34
320.93
448.39
387.84
367.37
367.72
379.91
314.65
322.40
319.71
386.99
232.08
374.14
262.00
288.32
253.15
195.37
213.53
219.95
179.95
190.18
192.52
225.75
253.23
405.74
440.42
425.79
502.31
510.42
493.15
470.63
274.71
427.89
324.40
435.41
475.89
417.17
256.17
317.56
238.42
331.34
426.93
448.05
456.71
482.64
437.61
464.33
254.04
394.89
326.10
266.21
403.07
323.16
481.58
517.38
438.16
455.45
269.54
430.74
369.62
257.32
344.41
270.86
328.83
423.78
345.64
323.58
364.75
410.84
278.69
369.80
337.38
256.15
339.63
447.51
338.50
386.58
314.45
495.35
429.14
261.45
256.71
226.79
251.32
300.08
392.46
393.83
245.91
216.71
238.82
281.63
310.46
264.64
206.42
155.97
312.08
325.82
255.82
155.35
320.39
177.83
184.00
196.00
152.35
212.69
292.24
279.31
351.96
294.93
313.45
327.85
145.29
159.71
105.56
90.07
95.71
43.36
86.01
71.25
112.34
116.45
144.47
129.53
90.24
102.38
83.36
71.93
97.96
99.72
70.45
79.05
53.76
41.76
62.07
72.75
114.04
