0.226721
3.528690
0.115222
0.095168
0.106791
0.123627
0.126717
0.118446
0.114195
0.120512
0.098526
0.103518
0.099300
0.124785
0.109352
0.099411
0.099710
0.083666
0.127873
0.152047
0.146955
0.151508
0.126932
0.141312
0.182059
0.150014
0.131705
0.139385
0.174473
0.130031
0.132288
0.156439
0.136967
0.119626
0.138555
0.167404
0.166559
0.125726
0.132890
0.148969
0.119920
0.160615
0.116712
0.165133
0.148135
0.131449
0.124596
0.112120
0.134740
0.129197
0.145282
0.165844
0.152289
0.114746
0.117915
0.142584
0.136969
0.127162
0.168779
0.151913
0.127852
0.168369
0.114226
0.172037
0.151993
0.167127
0.147291
0.125130
0.138912
0.131773
0.147856
0.163821
0.162888
0.152757
0.096893
0.138714
0.194839
0.123562
0.191544
0.172001
0.176631
0.144312
0.136911
0.127871
0.141239
0.148154
0.174791
0.136930
0.107044
0.135943
0.129153
0.138469
0.135988
0.127649
0.107404
0.113779
0.197418
0.127098
0.145094
0.134533
0.133369
0.169778
0.139465
0.122343
0.149310
0.152845
0.170818
0.106683
0.130361
0.168395
0.128990
0.132291
0.134919
0.115023
0.129752
0.111184
0.129316
0.150599
0.129716
0.136409
0.139286
0.130999
0.163336
0.139019
0.167066
0.117002
0.134521
0.149143
0.148052
0.151439
0.139149
0.157531
0.142793
0.156783
0.160533
0.135359
0.137256
0.108236
0.159368
0.150933
0.149271
0.176584
0.094271
0.156034
0.209385
0.161392
0.125625
0.132740
0.189484
0.085378
0.127810
0.112957
0.123502
0.147732
0.195013
0.169197
0.193253
0.161553
0.157252
0.212419
0.155249
0.214532
0.095858
0.136868
0.148532
0.150184
0.157791
0.163900
0.165526
0.176373
0.120948
0.141756
0.158639
0.129906
0.116898
0.143157
0.154381
0.177441
0.144525
0.180758
0.165920
0.159614
0.161562
0.175438
0.145718
0.166195
0.159763
0.105407
0.113472
0.198155
0.182541
0.099753
0.162272
0.159243
0.151269
0.147713
0.138362
0.126442
0.144950
0.160723
0.140433
0.176455
0.156345
0.185450
0.164995
0.145678
0.148381
0.135119
0.131758
0.106628
0.157227
0.104329
0.106478
0.106441
0.131313
0.136432
0.155043
0.152596
0.157675
0.121614
0.134541
0.128528
0.121730
0.132365
0.111516
0.126577
0.128149
0.111561
0.161499
0.150753
0.103469
0.143606
0.112291
0.132926
0.118959
0.170721
0.126446
0.148596
0.122144
0.133958
0.120914
0.131416
0.134571
0.122898
0.135285
0.153566
0.158478
0.103918
0.166064
0.132796
0.106011
0.140910
0.144788
0.126114
0.122377
0.127492
0.134606
0.137535
0.132480
0.145525
0.140889
0.118733
0.108181
0.175611
0.135742
0.147753
0.145265
0.140362
0.114871
0.164932
0.140772
0.103995
0.145628
0.137136
0.111415
0.157284
0.084617
0.160894
0.125612
0.150872
0.137848
0.131468
0.128233
0.162462
0.117555
0.127892
0.155685
0.108250
0.156459
0.146383
0.147820
0.146034
0.118753
0.160363
0.147611
0.121771
0.136521
0.143412
0.135844
0.157925
0.159991
0.142947
0.164952
0.139787
0.146345
0.130381
0.180274
0.127846
0.130418
0.173221
0.144357
0.131153
0.176933
0.133454
0.138043
0.164872
0.121889
0.122193
0.162736
0.128788
0.130578
0.144753
0.172476
0.129057
0.123427
0.148129
0.142689
0.130575
0.111521
0.141322
0.165102
0.134784
0.146045
0.082023
0.155766
0.097511
0.127953
0.139868
0.163701
0.135875
0.141515
0.124363
0.145299
0.139853
0.170873
0.128163
0.148378
0.174208
0.121552
0.119597
0.110321
0.156114
0.179862
0.152866
0.155869
0.119157
0.104750
0.112192
0.143210
0.129978
0.199841
0.229024
0.148450
0.165605
0.152323
0.117085
0.123167
0.110079
0.161961
0.169612
0.108567
0.174293
0.160296
0.118167
0.120778
0.153591
0.171527
0.192928
0.154716
0.136352
0.139441
0.133028
0.117450
0.117794
0.142064
0.092209
0.130135
0.143349
0.144853
0.149343
0.123215
0.128559
0.120433
0.156789
0.110812
0.146526
0.142311
0.127672
0.136215
0.142635
0.137052
0.132730
0.150132
0.134084
0.134261
0.116135
0.093470
0.078564
0.150420
0.144893
0.127743
0.152313
0.144804
0.119279
0.105416
0.192538
0.166866
0.152597
0.099406
0.146582
0.144446
0.188925
0.142583
0.101982
0.137376
0.140981
0.118797
0.136434
0.108238
0.121125
0.136354
0.148595
0.119407
0.136856
0.124039
0.142708
0.139111
0.197402
0.146826
0.129050
0.130669
0.148772
0.154665
0.132805
0.124006
0.138254
0.093255
0.159199
0.135721
0.096676
0.142523
0.123257
0.126714
0.078364
0.085933
0.089766
0.078703
0.073930
0.074217
0.089798
0.085505
0.080338
0.086215
0.075236
0.086334
0.073675
0.080766
0.071153
0.075943
0.073828
0.072445
0.074984
0.073327
0.072821
0.071040
0.089910
0.080377
0.073959
0.097090
0.081774
0.078771
0.073430
0.118675
0.159305
0.179564
0.174811
0.220215
0.162512
0.165982
0.221463
0.178425
0.160620
0.137633
0.146758
0.177486
0.204614
0.182655
0.230161
0.214709
0.173312
0.177778
0.204278
0.132593
0.140505
0.152404
0.223998
0.176183
0.142752
0.165856
0.226207
0.175200
0.207008
0.180741
0.175733
0.172886
0.142264
0.164287
0.213867
0.225106
0.141654
0.154142
0.177292
0.162487
0.168912
0.197249
0.172721
0.175836
0.135354
0.157007
0.163091
0.159480
0.151523
0.129201
0.137824
0.187709
0.200026
0.169275
0.194796
0.227188
0.167424
0.135587
0.134763
0.175013
0.174129
0.159330
0.194778
0.187034
0.168957
0.185858
0.162932
0.165313
0.208503
0.165527
0.175631
0.131327
0.153303
0.151617
0.162831
0.145321
0.152827
0.172413
0.126554
0.106761
0.144669
0.141724
0.183073
0.141488
0.129939
0.144827
0.199289
0.162234
0.167306
0.157942
0.139654
0.165488
0.137946
0.120344
0.122660
0.160987
0.161461
0.174644
0.157187
0.155792
0.149830
0.151326
0.185920
0.157827
0.150536
0.153145
0.169420
0.172478
0.158364
0.161024
0.169703
0.202663
0.160668
0.153390
0.147798
0.149948
0.140987
0.115863
0.148990
0.162137
0.199266
0.171729
0.144488
0.158035
0.188798
0.178049
0.136431
0.144041
0.178637
0.175686
0.165058
0.150525
0.142322
0.113385
0.082218
0.079526
0.084755
0.078741
0.082073
0.075134
0.102382
0.072240
0.076572
0.096577
0.074543
0.075677
0.085433
0.094430
0.073292
0.081091
0.076958
0.072607
0.073985
0.081231
0.084759
0.081758
0.081181
0.093077
0.072411
0.095387
0.082690
0.099617
0.080960
0.150755
0.139085
0.142907
0.185415
0.173920
0.158371
0.158387
0.174052
0.190609
0.166031
0.154861
0.188029
0.144531
0.161399
0.155505
0.183411
0.152359
0.136599
0.152066
0.135940
0.177403
0.154165
0.156885
0.173926
0.154247
0.160142
0.158621
0.154238
0.153885
0.152107
0.179462
0.151507
0.161107
0.200500
0.178845
0.153332
0.175618
0.178507
0.160955
0.155451
0.190608
0.168718
0.153213
0.148952
0.144647
0.171191
0.148091
0.164318
0.189306
0.158575
0.129843
0.173783
0.152487
