0.255699
0.157170
0.152183
0.142552
0.161615
0.118839
0.137257
0.142736
0.121000
0.155382
0.122297
0.161514
0.134873
0.132493
0.146045
0.125428
0.167742
0.120195
0.158221
0.152523
0.131153
0.165483
0.159176
0.130502
0.152892
0.120974
0.150755
0.105406
0.118710
0.161497
0.142977
0.157547
0.176798
0.163272
0.142697
0.158031
0.157062
0.134400
0.151181
0.121378
0.152497
0.137120
0.152458
0.152022
0.182065
0.161346
0.152589
0.152556
0.165559
0.149831
0.110421
0.131533
0.129239
0.168454
0.139259
0.181900
0.157219
0.128592
0.138672
0.181928
0.162171
0.147199
0.153218
0.122238
0.143717
0.152431
0.154626
0.120938
0.169009
0.184655
0.147839
0.139293
0.149331
0.160139
0.147044
0.165346
0.142798
0.162455
0.120767
0.138540
0.161686
0.124324
0.163268
0.180005
0.175277
0.162090
0.151801
0.167158
0.124720
0.111201
0.137757
0.172089
0.137414
0.178324
0.157433
0.151315
0.137816
0.113029
0.149544
0.153166
0.126138
0.125040
0.130967
0.148762
0.146934
0.141708
0.129956
0.156254
0.140594
0.165820
0.163323
0.176819
0.148183
0.138414
0.151944
0.118130
0.146909
0.158210
0.141727
0.174438
0.123207
0.141140
0.135385
0.138627
0.168491
0.146253
0.146889
0.139090
0.128654
0.158436
0.117095
0.164609
0.140630
0.145496
0.122242
0.127252
0.147439
0.148010
0.141029
0.144347
0.141749
0.149955
0.152597
0.160741
0.185025
0.143389
0.153415
0.136422
0.147533
0.131037
0.141863
0.129103
0.171885
0.120207
0.156209
0.167929
0.152939
0.151391
0.134178
0.126417
0.123428
0.181742
0.145653
0.141591
0.122401
0.132380
0.151067
0.154244
0.145000
0.146273
0.122987
0.146452
0.142728
0.122913
0.129381
0.158539
0.148526
0.168489
0.152564
0.149603
0.149741
0.148310
0.137291
0.138414
0.133771
0.131673
0.117113
0.129118
0.151460
0.143332
0.148014
0.145074
0.179017
0.159141
0.133981
0.137269
0.124290
0.164591
0.146859
0.139127
0.142215
0.107062
