0.00
475.68
400.06
215.56
218.93
229.48
71.20
90.65
83.59
42.14
25.33
26.22
144.93
180.55
215.92
130.57
239.77
247.06
217.82
304.24
421.09
378.03
260.86
278.73
175.57
231.09
261.29
360.58
195.09
271.77
230.37
199.58
301.71
333.35
203.15
191.74
214.58
322.04
200.39
300.59
261.40
316.04
206.91
367.63
193.97
282.56
280.48
415.16
239.73
247.95
231.68
304.20
341.79
450.57
331.78
395.73
234.94
266.21
189.71
316.29
435.65
349.11
320.60
434.13
218.12
383.30
470.43
264.93
245.26
276.00
385.05
214.25
266.29
159.47
301.83
339.34
380.31
356.85
422.79
280.64
278.80
300.64
226.32
236.06
188.91
271.64
161.82
205.98
127.37
144.48
256.09
202.66
146.63
205.35
144.24
184.33
221.80
191.79
282.05
338.32
374.37
399.63
353.51
213.96
283.51
271.59
223.76
306.37
349.45
411.08
224.50
450.24
434.75
486.87
439.95
262.48
476.53
304.60
325.08
414.31
299.74
390.34
391.54
483.38
505.74
494.40
497.47
404.90
433.55
258.73
232.92
435.91
421.95
481.05
517.53
527.45
527.29
441.81
394.58
499.37
478.81
328.65
429.30
423.46
506.80
492.15
483.13
375.93
450.08
466.24
465.20
247.86
385.71
276.29
449.89
378.44
489.47
518.63
508.09
499.06
455.03
410.48
443.06
469.94
529.39
523.67
476.99
523.33
297.87
373.10
410.38
372.87
444.92
247.90
329.20
275.11
281.58
231.18
218.38
174.61
121.97
248.38
219.50
413.62
431.85
386.09
441.14
445.74
406.29
428.80
416.01
401.02
455.47
371.69
332.35
405.24
513.65
485.40
493.04
457.38
311.46
398.03
299.02
405.42
406.03
284.19
522.76
443.87
451.05
520.05
