0.00
0.64
0.72
0.77
0.70
0.50
0.60
0.69
0.62
0.49
0.51
0.44
0.52
0.49
0.48
0.57
0.56
0.61
0.58
0.60
0.44
0.47
0.63
0.59
0.47
0.56
0.53
0.65
0.55
0.60
0.58
0.51
0.48
0.48
0.50
0.48
0.51
0.51
0.49
0.46
0.46
0.47
0.59
0.53
0.66
0.58
0.44
0.45
0.53
0.44
0.62
0.55
0.49
0.45
0.53
0.47
0.60
0.63
0.56
0.56
0.57
0.64
0.54
0.67
0.64
0.61
0.54
0.57
0.62
0.54
0.56
0.59
0.65
0.59
0.60
0.49
0.63
0.55
0.67
0.69
0.70
0.67
0.67
0.72
0.70
0.68
0.68
0.62
0.61
0.60
0.54
0.67
0.59
0.69
0.68
0.62
0.67
0.64
0.67
0.72
0.71
0.64
0.55
0.62
0.49
0.68
0.67
0.73
0.64
0.62
0.69
0.66
0.62
0.62
0.57
0.59
0.62
0.60
0.64
0.73
0.74
0.71
0.56
0.60
0.70
0.70
0.53
0.59
0.46
0.59
0.61
0.54
0.60
0.65
0.57
0.69
0.67
0.68
0.75
0.71
0.57
0.57
0.58
0.65
0.54
0.57
0.53
0.54
0.63
0.57
0.65
0.74
0.73
0.75
0.81
0.75
0.75
0.72
0.54
0.49
0.55
0.46
0.62
0.76
0.75
0.73
0.69
0.68
0.50
0.52
0.47
0.53
0.47
0.54
0.68
0.55
0.66
0.72
0.60
0.58
0.52
0.69
0.69
0.71
0.70
0.76
0.60
0.69
0.58
0.79
0.77
0.78
0.56
0.67
0.61
0.52
0.57
0.60
0.59
0.57
0.55
0.52
0.66
0.69
0.56
0.65
0.54
0.58
0.59
0.62
0.59
