0.00
238.54
211.98
241.28
273.64
180.04
273.63
277.53
304.89
218.48
338.12
253.36
197.88
303.59
280.52
206.97
275.07
278.80
223.04
313.39
241.40
358.27
385.35
211.30
265.21
328.55
183.81
214.28
290.46
244.85
238.02
196.90
312.69
253.42
287.35
154.61
201.64
218.12
309.21
252.12
261.03
189.66
224.70
251.68
206.60
205.88
216.00
143.69
157.14
112.96
155.34
211.40
236.53
176.83
172.13
184.70
176.55
234.69
266.02
278.12
226.45
174.92
212.93
246.15
269.38
283.72
262.05
188.81
277.38
178.87
218.40
204.92
206.78
203.21
149.84
154.15
152.20
157.18
139.65
148.59
161.79
163.80
196.64
164.13
175.93
113.31
139.99
133.82
238.91
195.53
197.59
161.65
142.25
138.34
131.58
120.84
155.19
147.72
110.94
203.10
136.66
126.02
138.26
275.28
219.35
184.28
152.66
117.79
180.31
178.63
171.75
176.08
116.94
118.27
149.84
131.20
96.04
213.89
243.11
177.92
206.28
194.69
209.20
180.58
149.02
152.06
125.38
109.56
134.44
203.13
155.57
132.34
124.08
150.69
171.20
111.00
242.09
161.35
117.53
189.73
228.12
190.28
131.05
153.78
148.90
116.80
234.92
201.91
213.81
216.86
178.09
260.46
200.67
179.87
246.77
238.90
229.45
182.50
203.40
211.05
265.47
168.21
162.92
162.12
226.75
259.96
159.64
205.77
248.26
209.88
191.42
239.65
232.76
171.20
174.36
197.47
214.12
136.47
141.83
189.95
154.88
211.26
171.19
177.00
177.95
188.23
267.47
230.85
175.00
208.53
165.54
208.77
171.09
183.65
148.61
138.41
234.63
281.04
175.68
255.86
264.72
189.90
127.13
129.56
175.42
199.62
180.21
245.07
218.92
230.33
225.59
215.17
220.18
252.88
273.41
256.01
192.83
163.84
225.15
246.05
280.83
296.40
260.33
292.30
273.16
235.14
254.12
211.58
239.44
238.12
260.56
192.66
156.46
165.46
175.26
213.64
139.94
241.49
119.23
162.67
225.70
179.91
214.42
193.18
202.50
178.99
266.85
271.92
273.87
331.00
194.96
