0.00
0.57
0.57
0.56
0.62
0.49
0.60
0.63
0.63
0.55
0.66
0.57
0.52
0.64
0.60
0.54
0.62
0.62
0.55
0.64
0.56
0.67
0.69
0.54
0.57
0.66
0.51
0.55
0.62
0.58
0.59
0.54
0.64
0.59
0.61
0.50
0.55
0.58
0.65
0.60
0.61
0.55
0.58
0.60
0.57
0.54
0.57
0.48
0.49
0.41
0.47
0.55
0.58
0.52
0.50
0.53
0.49
0.58
0.59
0.63
0.59
0.50
0.53
0.61
0.62
0.64
0.60
0.54
0.62
0.51
0.58
0.55
0.53
0.53
0.48
0.50
0.50
0.46
0.43
0.47
0.50
0.49
0.51
0.49
0.49
0.40
0.44
0.46
0.58
0.55
0.52
0.50
0.45
0.46
0.45
0.36
0.49
0.46
0.34
0.54
0.47
0.42
0.46
0.61
0.58
0.54
0.47
0.42
0.51
0.52
0.47
0.53
0.38
0.37
0.48
0.39
0.32
0.52
0.56
0.51
0.56
0.54
0.57
0.52
0.46
0.44
0.36
0.40
0.42
0.55
0.49
0.41
0.40
0.43
0.49
0.41
0.61
0.50
0.43
0.51
0.59
0.53
0.38
0.43
0.43
0.37
0.60
0.55
0.55
0.58
0.51
0.63
0.52
0.50
0.63
0.62
0.58
0.52
0.54
0.55
0.62
0.52
0.48
0.45
0.59
0.61
0.51
0.52
0.60
0.56
0.53
0.61
0.61
0.50
0.53
0.54
0.52
0.42
0.34
0.55
0.49
0.54
0.53
0.49
0.48
0.45
0.61
0.58
0.46
0.52
0.45
0.56
0.50
0.46
0.40
0.40
0.59
0.68
0.53
0.64
0.63
0.51
0.37
0.41
0.47
0.53
0.55
0.61
0.57
0.57
0.62
0.57
0.56
0.61
0.66
0.64
0.55
0.50
0.59
0.63
0.66
0.66
0.63
0.65
0.63
0.56
0.54
0.50
0.60
0.55
0.60
0.45
0.44
0.39
0.45
0.46
0.37
0.48
0.34
0.37
0.46
0.35
0.46
0.37
0.43
0.39
0.51
0.55
0.56
0.62
0.48
