0.214245
0.152870
0.151152
0.150902
0.188227
0.141786
0.140768
0.119532
0.126552
0.130117
0.168868
0.116769
0.120053
0.116400
0.110965
0.120233
0.123600
0.131470
0.116400
0.165195
0.137094
0.139091
0.138801
0.137574
0.124851
0.129076
0.136203
0.087678
0.125558
0.114950
0.132828
0.114738
0.149228
0.136870
0.118558
0.139961
0.145257
0.119971
0.121031
0.140591
0.148275
0.114099
0.156538
0.135146
0.117369
0.136382
0.137583
0.144812
0.135119
0.144292
0.130916
0.147879
0.116665
0.132594
0.138171
0.136667
0.159506
0.134029
0.157309
0.120939
0.106813
0.109548
0.140353
0.159101
0.133389
0.140314
0.125653
0.150640
0.124899
0.128960
0.129447
0.150620
0.162547
0.163454
0.139427
0.107141
0.144917
0.137467
0.134687
0.149612
0.131410
0.145314
0.124445
0.119969
0.114883
0.144986
0.131440
0.171178
0.134851
0.131277
0.134304
0.128335
0.132817
0.146248
0.149797
0.129583
0.150223
0.151396
0.139954
0.155532
0.144245
0.130723
0.128361
0.149922
0.143411
0.148368
0.135320
0.139420
0.150144
0.127672
0.154366
0.131179
0.123593
0.127843
0.112666
0.140796
0.139233
0.141878
0.114345
0.152431
0.144855
0.138154
0.144142
0.138251
0.160827
0.114439
0.151272
0.154195
0.147122
0.155959
0.139987
0.144889
0.145445
0.138020
0.112218
0.154052
0.148984
0.159715
0.140724
0.144974
0.126809
0.119154
0.197926
0.173413
0.124135
0.118133
0.104186
0.138588
0.126888
0.119188
0.102723
0.100955
0.100242
0.109666
0.145204
0.173324
0.143420
0.167990
0.125161
0.160608
0.111872
0.157233
0.130215
0.131334
0.117791
0.132644
0.127777
0.105315
0.146638
0.133522
0.162261
0.161100
0.145327
0.174894
0.144966
0.171133
0.140158
0.119434
0.147392
0.117254
0.129207
0.158859
0.132719
0.147086
0.127116
0.151383
0.144092
0.153075
0.131545
0.129696
0.135063
0.159689
0.123050
0.161274
0.164632
0.126859
0.131149
0.136909
0.141331
0.154770
0.137866
0.135814
0.113956
0.138351
0.162500
0.153171
0.144202
0.139540
0.122932
0.124600
0.164182
0.151689
0.130934
0.117548
0.142219
0.116866
0.107464
0.148799
0.119496
0.144944
0.107068
0.132917
0.149689
0.133188
0.164682
0.133892
0.145612
0.111068
0.117934
0.159412
0.142756
0.155812
0.150554
0.132971
0.118776
0.142476
0.098162
0.107307
0.106052
0.150411
0.138618
0.144375
0.135903
0.165092
0.127957
0.142011
0.167701
0.143726
0.132442
0.172765
0.171451
0.163352
0.160157
0.116467
0.131929
0.130388
0.107606
0.152928
0.138913
0.143707
0.127518
0.150313
0.164740
0.130334
0.111769
0.107402
0.122306
0.132255
0.142995
0.144684
0.120761
0.121573
0.160812
0.134653
0.146339
0.130398
0.168768
0.172099
0.124763
0.120785
0.120223
0.163248
0.124339
0.156579
0.123837
0.115955
0.118345
0.135144
0.155902
0.158248
0.132130
0.133591
0.122739
0.138658
0.138642
0.115992
0.132526
0.121837
0.148347
0.117683
0.121404
0.129450
0.151574
0.160283
0.149062
0.128137
0.113285
0.155381
0.136894
0.198297
0.125328
0.151232
0.106925
0.102534
0.072165
0.079390
0.119968
0.077970
0.071030
0.093043
0.090072
0.078024
0.068800
0.099238
0.081453
0.147599
0.114486
0.119182
0.112272
0.096109
0.093223
0.108769
0.106331
0.101533
0.086544
0.141011
0.093296
0.102346
0.125657
0.137744
0.128231
0.133677
0.138863
0.127580
0.149451
0.143236
0.119217
0.137790
0.123586
0.173629
0.144743
0.129826
0.168648
0.149134
0.155300
0.111635
0.170382
0.118435
0.123509
0.126235
0.147875
0.147259
0.133427
0.126209
0.158571
0.144158
0.150722
0.155761
0.149509
0.153255
0.180439
0.190120
0.127566
0.128242
0.163992
0.167047
0.153181
0.144124
0.152760
0.136549
0.142904
0.149614
0.125369
0.136536
0.153447
0.130082
0.132748
0.150527
0.166974
0.142068
0.136935
