0.00
0.70
0.60
0.53
0.63
0.53
0.38
0.61
0.53
0.58
0.56
0.63
0.58
0.63
0.50
0.48
0.53
0.68
0.55
0.61
0.53
0.62
0.57
0.61
0.65
0.58
0.68
0.62
0.55
0.52
0.53
0.64
0.61
0.72
0.59
0.64
0.68
0.63
0.69
0.59
0.61
0.63
0.69
0.72
0.62
0.67
0.70
0.66
0.68
0.65
0.67
0.60
0.72
0.68
0.61
0.66
0.71
0.56
0.63
0.66
0.60
0.55
0.65
0.57
0.66
0.69
0.67
0.66
0.57
0.64
0.64
0.56
0.64
0.55
0.63
0.50
0.58
0.49
0.48
0.54
0.47
0.53
0.50
0.53
0.43
0.52
0.59
0.52
0.53
0.66
0.55
0.56
0.64
0.62
0.72
0.66
0.72
0.75
0.73
0.75
0.72
0.76
0.70
0.60
0.52
0.65
0.73
0.75
0.73
0.75
0.67
0.79
0.71
0.53
0.71
0.71
0.64
0.60
0.62
0.63
0.53
0.57
0.57
0.51
0.54
0.60
0.56
0.55
0.59
0.59
0.62
0.56
0.55
0.56
0.54
0.55
0.60
0.68
0.67
0.60
0.47
0.47
0.50
0.57
0.58
0.59
0.60
0.66
0.56
0.53
0.62
0.63
0.58
0.55
0.54
0.61
0.59
0.60
0.67
0.69
0.68
0.56
0.62
0.62
0.58
0.58
0.67
0.61
0.61
0.59
0.60
0.64
0.62
0.57
0.52
0.59
0.66
0.52
