0.00
535.58
349.60
276.88
500.18
561.27
300.04
525.78
427.18
533.77
332.04
539.38
438.02
499.28
455.52
444.66
488.17
482.94
473.65
467.20
473.76
422.90
413.99
456.63
320.72
297.24
248.67
320.10
422.12
443.00
312.22
365.66
377.37
415.74
480.27
457.91
467.08
404.32
484.09
305.91
325.74
402.79
380.49
359.50
241.93
186.33
384.64
437.92
417.14
411.14
387.28
259.59
362.69
386.66
455.40
276.92
412.53
276.36
222.65
476.09
346.20
454.09
406.44
290.47
400.03
459.44
313.67
245.62
326.43
282.50
446.79
481.63
395.22
315.72
448.02
250.07
178.18
532.34
415.65
206.02
254.21
406.30
317.19
528.87
520.92
200.88
441.54
