0.00
0.77
0.83
0.83
0.74
0.66
0.78
0.68
0.46
0.86
0.58
0.53
0.81
0.55
0.66
0.76
0.56
0.74
0.62
0.82
0.69
0.78
0.83
0.74
0.75
0.76
0.73
0.69
0.76
0.74
0.64
0.70
0.67
0.63
0.58
0.66
0.62
0.68
0.68
0.64
0.64
0.68
0.64
0.54
0.70
0.57
0.51
0.53
0.73
0.57
0.58
0.74
0.58
0.63
0.65
0.64
0.52
0.72
0.59
0.60
0.66
0.48
0.45
0.47
0.47
0.47
0.65
0.60
0.57
0.64
0.68
0.58
0.62
0.69
0.64
0.59
0.66
0.70
0.59
0.64
0.61
0.55
0.53
0.58
0.50
0.47
0.46
0.49
0.51
0.64
0.63
0.63
0.62
0.64
0.65
0.66
0.64
0.70
0.68
0.63
0.65
0.69
0.62
0.68
0.58
0.53
0.64
0.58
0.53
