0.00
551.30
542.74
523.06
514.53
536.01
494.46
504.05
521.01
511.97
496.49
475.44
477.54
490.59
477.68
423.07
477.62
476.25
398.45
458.63
435.28
443.12
393.41
326.93
306.48
253.28
133.97
201.91
115.85
192.48
177.76
228.64
240.70
289.67
301.11
271.38
306.46
300.85
410.75
429.13
431.65
398.86
376.41
271.14
303.45
252.48
417.41
342.03
202.78
372.58
352.64
284.09
208.99
239.42
311.05
239.52
321.23
221.25
362.07
213.55
237.92
212.49
182.90
251.85
259.26
226.24
260.59
253.17
302.42
322.02
301.71
448.74
398.72
418.24
440.54
491.89
462.99
475.25
493.84
488.18
441.98
478.93
421.74
404.69
443.76
314.78
424.38
382.37
312.60
439.57
382.98
429.72
393.14
402.77
386.41
441.60
429.03
422.99
441.35
403.11
412.26
401.82
395.10
348.68
374.84
424.56
382.51
338.70
369.55
335.65
342.26
405.74
371.56
352.62
403.39
350.18
384.19
