0.126981
0.154598
0.142766
0.132855
0.146600
0.150347
0.194530
0.149953
0.185408
0.146774
0.164059
0.163127
0.149375
0.105232
0.174840
0.148558
0.140589
0.138161
0.139942
0.115701
0.151877
0.148164
0.159050
0.162265
0.150527
0.163917
0.159125
0.132174
0.124531
0.115393
0.118339
0.110908
0.162128
0.161285
0.144159
0.136955
0.141167
0.161402
0.117747
0.129148
0.130235
0.126319
0.118115
0.110992
0.122416
0.158089
0.146645
0.138659
0.140993
0.134935
0.131927
0.175348
0.148791
0.162062
0.129884
0.160358
0.117610
0.151364
0.127110
0.157714
0.128847
0.169758
0.148465
0.166424
0.128656
0.134151
0.160823
0.145616
0.165515
0.154997
0.159570
0.147940
0.145180
0.141754
0.155110
0.135950
0.143754
0.144303
0.137094
0.127774
0.148710
0.159502
0.128182
0.128052
0.158039
0.174293
0.147488
0.148249
0.140780
0.176555
0.184335
0.138730
0.118139
0.114796
0.137380
0.144203
0.156473
0.145759
0.132525
0.168275
