0.299087
0.162200
0.182360
0.151205
0.147352
0.140040
0.162688
0.205197
0.171257
0.176459
0.188157
0.133718
0.153842
0.187135
0.155442
0.127019
0.179899
0.154735
0.147266
0.162644
0.136740
0.162297
0.148017
0.183097
0.149151
0.152206
0.186601
0.155020
0.164111
0.138958
0.122213
0.178942
0.161597
0.156511
0.185570
0.175331
0.155514
0.141135
0.180457
0.148748
0.143685
0.149323
0.135604
0.152993
0.209565
0.153421
0.147027
0.131158
0.214102
0.225300
0.188976
0.168561
0.203770
0.157392
0.157922
0.159639
0.218143
0.179553
0.190534
0.121696
0.176852
0.172989
0.187776
0.267854
0.154357
0.159709
0.147148
0.218128
0.169446
0.177502
0.192041
0.167679
0.217294
0.191883
0.176984
0.174971
0.223928
0.225987
0.170461
0.177221
0.175551
0.150907
0.133586
0.167448
0.128274
0.168789
0.143650
0.148634
0.160685
0.177029
0.128366
0.129179
0.136068
0.142101
0.158883
0.161920
0.174077
0.153738
0.175121
0.154832
0.159902
0.161557
0.164024
0.145142
0.137412
0.123302
0.127554
0.124709
0.170725
0.144768
0.165060
0.132713
0.164688
0.142953
0.164687
0.140757
0.158666
