0.00
572.51
558.44
568.09
473.83
313.76
554.27
554.12
366.06
262.80
339.47
342.62
469.06
458.71
439.78
322.01
350.66
465.69
236.36
513.06
319.51
499.23
406.53
278.17
497.52
516.86
340.79
349.40
490.17
469.12
398.13
430.64
459.12
209.70
182.41
305.08
168.72
202.15
179.61
268.22
131.62
171.04
195.31
252.81
239.32
309.43
301.37
120.37
180.87
152.79
174.05
162.56
140.49
215.99
122.82
107.18
176.67
129.41
121.98
87.80
120.50
123.87
115.17
187.31
138.85
248.94
205.72
237.47
178.05
256.29
210.13
175.69
238.81
257.27
233.90
221.85
201.27
224.54
196.08
232.63
302.27
359.29
325.58
481.68
461.95
450.78
445.50
361.84
503.00
459.56
391.76
436.72
419.59
285.62
298.85
331.88
464.29
471.12
510.96
510.82
