0.00
0.85
0.80
0.83
0.80
0.76
0.70
0.80
0.70
0.75
0.74
0.75
0.76
0.74
0.78
0.80
0.79
0.79
0.79
0.80
0.81
0.81
0.79
0.79
0.80
0.77
0.76
0.76
0.76
0.71
0.74
0.76
0.73
0.73
0.72
0.76
0.76
0.77
0.76
0.78
0.75
0.74
0.75
0.76
0.74
0.73
0.69
0.73
0.72
0.75
0.75
0.73
0.74
0.76
0.64
0.71
0.66
0.59
0.53
0.62
0.58
0.60
0.58
0.67
0.56
0.62
0.59
0.58
0.63
0.63
0.61
0.60
0.71
0.60
0.69
0.74
0.71
0.75
0.68
0.63
0.62
0.65
0.74
0.77
0.78
0.78
0.76
0.78
0.79
0.74
0.73
0.61
0.70
0.72
0.77
0.76
0.72
0.61
0.67
0.77
0.77
0.73
0.74
0.74
0.74
0.74
0.77
0.74
0.76
0.78
0.71
0.72
0.75
0.77
0.74
0.69
0.71
0.74
0.74
0.74
0.72
0.75
0.68
0.69
0.68
0.77
0.74
0.70
0.77
0.78
0.80
0.76
0.79
0.81
0.79
0.78
0.80
0.76
0.79
0.76
0.72
0.71
0.71
0.73
0.75
0.73
0.78
0.79
0.79
0.77
0.73
0.74
0.76
0.77
0.76
0.75
0.68
0.70
0.71
0.67
0.72
0.70
0.71
0.75
0.76
0.70
0.71
0.67
0.72
0.69
0.67
0.72
0.66
0.71
0.69
0.73
0.52
0.56
0.57
0.59
0.60
0.51
0.45
0.54
0.45
0.52
0.58
0.58
0.56
0.56
0.67
0.63
0.54
0.54
0.49
0.59
0.51
0.56
0.51
0.47
0.49
0.43
0.42
0.33
0.56
0.38
0.60
0.59
0.37
0.52
0.59
0.40
0.62
0.49
0.55
0.59
0.50
0.50
0.47
0.48
0.42
0.42
0.40
0.41
0.53
0.41
0.40
0.52
0.45
0.56
0.51
0.44
0.49
0.43
0.48
0.50
0.47
0.44
0.53
0.54
0.59
0.59
0.60
0.60
0.47
0.49
0.44
0.49
0.54
0.54
0.48
0.45
0.46
0.54
0.44
0.44
0.50
0.48
0.42
0.54
0.55
0.62
0.64
0.61
0.57
0.64
0.62
0.65
0.66
0.54
0.62
0.57
0.59
0.51
0.51
0.45
0.49
0.30
0.50
0.51
0.58
0.46
0.58
0.61
0.58
0.53
0.57
0.56
0.53
0.50
0.53
0.54
0.60
0.47
0.69
0.67
0.57
0.67
0.61
0.74
0.72
0.72
0.54
0.57
0.55
0.47
0.42
0.39
0.36
0.40
0.38
0.64
0.50
0.66
0.50
0.63
0.44
0.63
0.60
0.62
0.62
0.65
0.54
0.37
0.52
0.69
0.63
0.58
0.68
0.59
0.59
0.60
0.70
0.69
0.74
0.64
0.69
0.64
0.64
0.70
0.60
0.49
0.73
0.61
0.61
0.67
0.70
0.57
0.69
0.65
0.54
0.61
0.62
0.64
0.65
0.51
0.53
0.50
0.55
0.49
0.63
0.53
0.50
0.50
0.53
0.51
0.49
0.42
0.54
0.44
0.37
0.37
0.38
0.39
0.29
0.38
0.42
0.50
0.56
0.39
0.57
0.51
0.43
0.48
0.69
0.58
0.55
0.43
0.33
0.51
0.61
0.50
0.49
0.51
0.59
0.57
0.51
0.61
0.56
0.66
0.51
0.69
0.66
0.64
0.62
0.60
0.63
0.52
0.56
0.65
0.66
0.55
0.65
0.67
0.69
0.58
0.57
0.61
0.61
0.59
0.57
0.66
0.58
0.56
0.59
0.56
0.61
0.56
0.68
0.55
0.45
0.59
0.52
0.49
0.64
0.48
0.43
0.58
0.55
0.58
0.48
0.45
0.51
0.52
0.69
0.56
0.66
0.68
0.66
0.69
0.65
0.61
0.62
0.63
0.62
0.55
0.66
0.65
0.62
0.60
0.57
0.60
0.55
0.52
0.61
0.59
0.59
0.67
0.71
0.68
0.73
0.66
0.65
0.57
0.67
0.70
0.67
0.64
0.53
0.70
0.70
0.71
0.72
0.72
0.71
0.73
0.72
0.70
0.56
0.60
0.47
0.49
0.46
0.49
0.45
0.57
0.51
0.43
0.49
0.52
0.36
0.50
0.39
0.43
0.56
0.50
0.45
0.38
0.58
0.51
0.48
0.37
0.61
0.67
0.62
0.69
0.62
0.60
0.62
0.62
0.64
0.57
0.52
0.53
0.57
0.55
0.60
0.58
0.49
0.58
0.58
0.52
0.45
0.35
0.38
0.42
0.44
0.37
0.36
0.40
0.56
0.60
0.62
0.62
0.61
0.49
0.53
0.48
0.52
0.52
0.50
0.50
0.57
0.50
0.54
0.57
0.57
0.52
0.57
0.55
0.60
0.53
0.47
0.54
0.43
0.45
0.53
0.47
0.50
0.50
0.59
0.51
0.57
0.50
0.49
0.44
0.45
0.48
0.65
0.46
0.57
0.50
0.51
0.63
0.54
0.53
0.58
0.46
0.59
0.45
0.47
0.46
0.40
0.45
0.53
0.35
0.49
0.52
0.50
0.50
0.43
0.58
0.49
0.57
0.68
0.53
0.68
0.46
0.53
0.44
0.37
0.43
0.49
