0.00
356.83
394.69
377.84
300.52
482.08
349.79
381.95
257.48
214.99
229.77
242.98
190.34
346.30
266.56
225.17
225.29
202.70
189.06
107.90
277.24
179.33
219.47
271.75
232.69
234.59
215.98
217.05
189.39
229.78
218.99
205.75
310.74
268.49
243.62
221.65
279.93
247.69
306.17
298.95
265.49
303.74
323.73
358.46
247.37
288.92
303.37
246.69
292.11
182.91
258.09
392.63
331.52
292.60
341.07
361.02
361.62
389.54
347.89
274.79
383.91
377.98
276.94
365.00
361.76
357.39
249.79
386.70
395.38
324.24
259.33
251.44
156.61
132.31
287.53
311.11
282.76
350.77
298.60
252.91
163.43
184.57
215.94
366.65
242.27
354.53
208.60
200.87
156.03
306.79
404.81
397.22
361.81
410.31
377.62
339.27
365.17
386.65
407.05
379.52
406.14
358.29
314.87
311.49
351.70
351.47
340.70
336.13
314.93
353.52
312.57
383.33
441.12
340.94
392.81
436.35
366.32
411.59
395.95
429.13
388.67
374.24
405.45
390.33
395.22
320.04
436.24
281.34
408.21
385.07
402.59
424.09
439.96
430.18
449.64
443.07
405.12
381.25
249.37
220.88
303.15
396.95
362.22
423.05
417.86
439.47
445.91
443.54
444.86
401.90
416.37
459.08
403.27
417.93
412.40
454.02
420.92
472.73
442.74
370.47
382.03
399.76
366.57
418.85
351.05
394.91
387.73
395.04
425.34
384.18
440.70
436.16
387.35
462.78
415.50
391.60
354.74
414.85
416.15
401.41
411.66
369.64
359.44
412.72
373.75
425.57
316.10
448.62
393.09
333.86
388.14
386.73
368.72
371.84
377.27
438.82
399.75
447.02
352.95
342.07
429.81
394.00
444.43
435.19
383.53
422.71
330.66
427.01
422.45
458.44
424.71
437.93
372.27
296.09
394.73
353.33
399.92
412.00
366.53
395.00
357.09
419.57
352.52
394.48
416.98
364.45
426.60
445.17
418.77
335.24
417.81
358.09
299.90
