0.259316
0.228187
0.157506
0.157243
0.139955
0.190099
0.151278
0.159270
0.166693
0.104371
0.147596
0.184548
0.156550
0.134745
0.167134
0.178535
0.142653
0.129518
0.159852
0.176619
0.144138
0.149235
0.110979
0.135718
0.173307
0.151213
0.163671
0.152929
0.147958
0.153881
0.161031
0.170105
0.148400
0.161719
0.157846
0.159049
0.162692
0.154735
0.147467
0.145986
0.174797
0.146705
0.133852
0.122619
0.134378
0.138262
0.148227
0.161897
0.160986
0.119566
0.152398
0.163650
0.133475
0.129665
0.131200
0.128655
0.140908
0.195469
0.182189
0.180704
0.174279
0.216698
0.122750
0.121574
0.099612
0.099746
0.130747
0.149122
0.109927
0.123169
0.114714
0.115173
0.143290
0.130846
0.156619
0.098256
0.105889
0.141112
0.110610
0.131026
0.125966
0.134387
0.104057
0.130253
0.126237
0.140649
0.126560
0.149397
0.145767
0.155175
0.103139
0.134387
0.135295
0.112948
0.159805
0.145598
0.157335
0.114958
0.129666
0.132257
0.112304
0.144328
0.133173
0.119382
0.138684
0.148934
0.132804
0.134005
0.142681
0.133455
0.134156
0.116478
0.139748
0.177026
0.144181
0.142784
0.117501
0.183501
0.171969
0.161228
0.119600
0.174828
0.153470
0.120436
0.132726
0.128825
0.153123
0.140201
0.138043
0.125196
0.139787
0.125716
0.113827
0.110673
0.099380
0.167831
0.136765
0.150297
0.114717
0.165283
0.149965
0.167781
0.172261
0.130353
0.159371
0.163990
0.169004
0.127043
0.109419
0.134998
0.133507
0.122013
0.137465
0.118374
0.122258
0.128989
0.127801
0.167380
0.130933
0.158309
0.131630
0.144416
0.138753
0.147390
0.074604
0.118678
0.134287
0.141399
0.146978
0.150193
0.130987
0.125980
0.125975
0.141593
0.111968
0.132044
0.122646
0.146195
0.118688
0.127460
0.136314
0.149589
0.137836
0.138371
0.148415
0.134788
0.139462
0.120630
0.167207
0.155111
0.183450
0.147640
0.159165
0.121952
0.152539
0.121100
0.177533
0.180591
0.119448
0.131508
0.141415
0.157756
0.137401
0.107351
0.130150
0.091694
0.090828
0.140795
0.141430
0.150976
0.111904
0.112311
0.105737
0.153126
0.147001
0.144550
0.101449
0.130472
0.130621
0.133757
0.127232
0.122124
0.153593
0.140952
0.126521
0.140267
0.114396
0.164239
0.135303
0.136128
0.168026
0.174852
0.139210
0.144645
0.144982
0.145532
0.155527
0.124497
0.146050
0.127941
0.131282
0.130873
0.150888
0.154300
0.138704
0.137619
0.152381
0.120764
0.176977
0.136580
0.117096
0.130793
0.117015
0.166795
0.116199
0.151745
0.165411
0.159564
0.173475
0.121856
0.141592
0.181794
0.137640
0.131368
0.131948
0.168394
0.169019
0.170551
0.158513
0.177689
0.161801
0.171948
0.144593
0.129814
0.121467
0.163911
0.163091
0.153022
0.133002
0.150312
0.124639
0.148846
0.164158
0.147356
0.123083
0.127593
0.137544
0.142267
0.149925
0.167648
0.146115
0.149294
0.173297
0.153562
0.174647
0.176512
0.162800
0.160742
0.143112
0.150156
0.144812
0.146636
0.116877
0.140547
0.149951
0.132653
0.178761
0.124308
