0.00
279.93
430.85
405.72
423.44
496.53
288.65
382.63
410.59
384.56
257.19
391.46
304.70
452.80
518.34
404.06
461.37
420.67
449.04
485.14
469.73
471.85
492.76
430.85
502.48
525.66
487.05
502.03
520.49
516.73
532.16
514.35
492.63
488.35
341.83
520.59
373.75
371.65
357.92
378.74
322.30
294.95
314.50
355.52
271.24
325.31
360.21
273.22
356.74
344.66
428.23
320.30
386.22
281.72
274.47
388.16
408.11
444.04
391.49
429.50
416.68
488.65
478.79
367.00
410.60
335.59
262.75
411.96
286.74
291.29
321.02
263.18
306.85
309.73
265.32
421.42
297.34
332.92
185.09
170.71
176.47
220.22
253.85
154.60
152.10
214.14
221.09
186.93
229.20
303.56
272.64
334.20
335.44
311.41
281.46
309.94
329.18
282.26
287.79
286.33
282.72
284.61
293.55
295.69
341.04
300.86
274.69
233.15
216.73
262.71
278.07
254.86
217.13
221.78
262.56
192.26
169.19
331.60
246.12
141.88
306.93
177.02
303.48
230.60
219.08
232.15
237.86
154.69
220.51
245.59
215.27
168.70
310.28
273.81
322.60
276.56
220.95
230.85
198.84
240.57
237.51
236.67
226.24
224.28
216.70
292.22
198.08
223.44
215.84
250.63
269.20
270.54
258.30
231.35
259.42
216.63
218.68
257.55
234.73
296.86
266.82
264.22
323.96
255.82
