0.00
249.61
206.31
246.73
198.15
298.02
319.84
252.49
398.54
194.75
414.95
429.05
389.14
385.50
355.86
431.67
415.58
393.09
448.45
340.63
446.09
330.29
470.54
418.95
411.57
507.84
368.34
438.60
445.52
362.65
374.12
476.39
372.66
307.54
252.78
428.98
245.23
293.10
344.56
344.13
273.19
270.00
379.19
304.88
440.48
444.76
401.16
452.47
476.72
420.29
469.63
506.94
418.55
371.96
445.55
394.25
430.61
391.24
307.42
336.81
284.80
258.58
374.84
263.96
369.42
307.89
405.08
296.75
333.54
292.74
210.77
225.97
276.45
334.49
268.64
273.57
348.83
397.11
451.58
376.03
215.68
411.01
311.35
464.10
456.32
281.46
374.77
438.69
431.57
408.98
449.15
383.76
460.68
471.81
442.82
421.72
313.01
365.48
361.79
394.68
279.94
445.61
440.92
357.61
351.03
451.12
429.34
444.06
439.38
418.88
484.63
436.94
420.21
431.67
399.58
455.41
431.42
488.20
423.71
415.64
385.60
475.30
461.05
450.83
432.23
462.49
423.30
482.57
419.03
384.09
457.62
428.81
407.18
478.72
431.21
470.97
363.96
422.91
409.47
484.01
378.21
461.51
347.44
453.81
262.51
207.57
389.68
280.90
254.66
374.36
199.58
234.84
174.62
175.69
249.58
274.19
320.31
246.22
397.83
267.71
245.79
409.11
345.88
426.21
356.56
412.18
343.76
361.58
346.28
356.61
372.54
389.61
227.33
346.04
385.10
335.43
350.39
335.04
387.48
364.23
356.98
332.04
430.50
388.20
342.20
344.43
461.11
418.28
471.11
407.74
358.26
346.62
405.35
308.09
350.71
296.54
255.99
251.48
371.71
294.20
266.87
244.62
231.64
245.61
320.71
223.21
339.12
266.51
312.93
282.71
361.93
307.67
271.49
331.06
294.06
283.03
321.74
211.43
202.48
126.86
297.41
279.13
284.38
196.80
323.13
192.43
162.26
270.84
180.35
127.67
133.97
203.91
117.70
140.50
177.38
85.14
187.67
126.98
173.25
207.84
209.55
139.76
179.84
186.24
132.91
165.60
158.03
111.07
223.81
151.83
180.26
148.91
149.64
326.59
222.80
320.46
265.18
333.77
377.23
253.24
374.64
247.42
295.61
177.79
150.10
232.92
241.39
274.11
227.35
216.80
202.23
146.90
139.91
164.02
165.97
149.52
238.96
196.11
161.86
165.00
191.00
268.99
239.36
150.08
213.81
165.37
247.51
215.39
225.86
211.39
256.24
206.43
222.74
225.89
173.46
162.83
273.19
311.01
282.00
232.74
303.27
246.75
371.17
364.12
348.21
366.59
392.93
397.42
