0.036881
0.129625
0.160831
0.148195
0.149001
0.129189
0.142481
0.130943
0.152518
0.138841
0.142780
0.144128
0.136986
0.147781
0.131351
0.168650
0.163100
0.169767
0.152262
0.158329
0.132867
0.136526
0.138721
0.136513
0.135713
0.112931
0.139246
0.141413
0.124272
0.102486
0.147527
0.153082
0.112699
0.146081
0.133715
0.141370
0.192178
0.179982
0.190573
0.153682
0.172622
0.172024
0.153062
0.135816
0.166774
0.145318
0.203199
0.181121
0.193680
0.126329
0.147606
0.118392
0.129968
0.127272
0.157714
0.149781
0.164769
0.159250
0.170690
0.163847
0.156168
0.133810
0.136677
0.159263
0.131588
0.137120
0.126670
0.139603
0.132345
0.129461
0.146326
0.169580
0.156220
0.131298
0.145929
0.166809
0.174482
0.126568
0.152928
0.137130
0.132296
0.134622
0.146822
0.136663
0.136603
0.143689
0.132036
0.124551
0.141174
0.134753
0.136644
0.132634
0.134885
0.143326
0.146250
0.139395
0.133156
0.159185
0.121767
0.172943
0.174522
0.147933
0.162241
0.135265
0.177148
0.170191
0.178614
0.150905
0.123262
0.146793
0.105929
0.142846
0.106205
0.119102
