0.00
209.44
221.70
227.99
130.94
229.09
147.83
292.67
133.28
290.16
201.80
265.37
255.24
252.71
260.06
324.67
206.67
231.27
324.54
266.52
330.73
305.06
282.39
168.65
263.27
347.17
260.91
288.24
366.80
276.90
282.34
266.81
210.67
155.69
284.99
290.42
194.67
271.28
251.37
224.64
191.53
285.17
265.82
196.29
182.66
260.87
173.52
204.67
320.13
161.42
214.36
183.62
185.55
156.29
229.33
189.19
323.58
234.76
194.43
132.07
241.97
202.65
166.10
164.32
144.46
201.27
123.08
188.43
174.09
210.41
217.36
271.97
252.57
161.02
210.53
276.06
275.80
244.24
274.60
144.69
171.67
147.50
176.74
157.15
239.48
174.09
265.67
234.13
220.06
236.34
192.31
216.33
193.69
165.87
174.05
191.37
253.83
218.46
254.24
247.38
260.81
271.63
281.64
247.59
220.60
189.94
257.27
221.94
253.68
253.61
210.08
273.00
267.16
321.45
192.42
283.84
258.96
164.28
245.56
271.11
127.20
292.19
204.66
255.49
309.34
246.25
236.12
193.11
187.37
148.13
152.23
212.58
195.65
230.20
286.07
232.80
280.06
296.78
283.64
268.12
226.20
263.38
188.40
268.28
149.90
198.99
244.27
207.19
260.99
237.98
317.89
237.13
251.11
311.01
134.35
302.24
176.75
217.44
157.54
362.71
297.63
214.42
169.65
231.08
266.19
176.38
314.31
317.22
308.78
255.30
181.95
204.40
342.94
288.90
282.01
203.04
236.46
258.78
341.28
284.94
354.80
191.87
327.47
401.13
422.12
237.18
304.51
355.03
361.50
308.05
210.50
316.25
222.59
229.80
228.19
252.59
285.85
367.41
362.19
243.36
282.45
284.12
248.30
344.65
307.22
219.81
211.29
197.51
234.28
297.31
237.89
275.61
275.26
239.97
286.05
252.61
232.90
283.97
183.03
149.89
160.73
207.21
144.11
191.51
171.97
161.35
121.00
143.67
203.67
143.71
131.79
106.41
97.05
113.85
146.05
111.67
226.40
113.62
184.59
95.91
181.47
