0.00
494.45
472.02
449.42
465.44
452.30
455.29
465.46
433.68
442.67
415.31
363.49
395.89
396.73
396.48
377.00
361.15
402.79
415.65
318.12
333.26
385.75
422.83
405.10
458.22
460.93
477.89
477.10
479.96
473.66
451.19
448.00
462.61
447.76
422.96
436.54
427.00
431.92
419.94
383.68
389.08
349.85
261.83
405.83
316.19
310.75
298.82
322.21
304.59
365.94
369.06
342.37
326.88
380.13
379.88
398.46
391.30
394.63
411.71
438.99
395.09
427.92
423.81
441.05
423.45
431.17
425.17
464.49
437.92
421.46
434.89
445.89
399.81
389.40
349.65
395.88
373.22
388.42
340.52
333.18
225.56
351.92
246.49
337.31
379.66
439.87
469.91
420.59
355.37
371.13
414.59
297.16
265.86
297.69
405.34
393.08
418.84
390.32
388.63
416.34
416.82
331.64
381.28
388.24
412.35
415.14
402.02
408.97
294.09
355.20
353.07
418.81
341.61
359.80
379.50
361.76
407.92
467.49
380.10
431.91
432.22
449.22
422.61
442.38
447.26
457.89
428.74
453.89
377.43
295.94
397.49
392.13
400.40
400.06
440.40
420.58
404.71
426.54
387.49
399.18
326.25
259.90
243.27
255.76
277.68
331.15
292.67
360.06
245.24
293.18
280.51
298.01
227.70
219.05
308.40
270.79
335.16
340.77
299.32
367.08
410.63
402.90
403.79
376.91
422.18
358.58
369.33
269.13
356.93
371.82
452.41
439.09
419.10
382.49
418.43
368.73
243.57
356.10
338.62
320.98
338.57
293.94
325.28
371.08
344.18
350.15
339.02
369.68
393.87
349.45
377.31
399.81
385.43
386.90
283.06
276.14
316.62
313.58
339.36
278.18
355.67
293.70
197.33
226.39
264.39
365.04
405.68
408.51
286.35
312.81
377.12
248.94
220.93
210.88
241.25
269.99
304.68
218.41
241.80
143.68
291.38
202.13
295.33
224.85
269.08
199.15
223.65
176.85
277.35
350.80
220.67
300.31
397.94
230.60
242.29
347.78
175.13
224.97
405.58
234.23
232.82
245.22
227.66
232.53
205.29
270.11
297.41
247.83
300.77
370.64
357.41
364.12
368.39
378.09
344.09
365.79
306.32
338.70
363.98
374.39
354.15
342.57
349.66
331.63
311.69
343.27
365.45
275.33
355.91
378.13
249.10
310.42
359.09
231.40
290.46
288.16
249.30
207.46
151.35
204.03
146.23
145.13
272.35
270.18
221.10
218.23
216.66
156.03
148.03
241.33
190.68
210.08
166.06
168.67
202.46
