0.225530
0.154426
0.116136
0.122248
0.139635
0.136468
0.130457
0.146179
0.171761
0.127128
0.159997
0.160776
0.123746
0.145032
0.128683
0.144969
0.140812
0.141350
0.140170
0.173063
0.145308
0.184044
0.188251
0.142620
0.143067
0.122212
0.140604
0.147043
0.134672
0.137061
0.156736
0.133749
0.148937
0.144045
0.132913
0.145135
0.125177
0.129966
0.129016
0.114031
0.131184
0.145042
0.148143
0.130848
0.147062
0.171314
0.123932
0.123252
0.129675
0.134089
0.182750
0.136051
0.160736
0.127622
0.168374
0.183200
0.150802
0.152609
0.103199
0.117879
0.126210
0.137425
0.103376
0.123516
0.137840
0.171929
0.205023
0.121878
0.136639
0.129780
0.127266
0.151316
0.156960
0.149737
0.146893
0.186963
0.142059
0.142765
0.168638
0.137880
0.164507
0.236807
0.182807
0.163623
0.143526
0.179391
0.133922
0.176204
0.113193
0.142861
0.168523
0.167190
0.146079
0.189171
0.164146
0.160028
0.126988
0.173509
0.128117
0.132128
0.130626
0.160871
0.110065
0.128613
0.159702
0.158819
0.115613
0.132912
0.135757
0.146533
0.134894
0.152709
0.127870
0.118188
0.141937
0.161331
0.150111
0.131282
0.147474
0.123657
0.157351
0.138497
0.138990
0.174212
0.137690
0.130274
0.129685
0.143000
0.115554
0.142727
0.148176
0.101434
0.126158
0.138703
0.123657
0.148575
0.160079
0.127855
0.112942
0.118218
0.163696
0.139508
0.175638
0.139345
0.152960
0.150868
0.150627
0.168485
0.120552
0.114370
0.111854
0.141105
0.148382
0.145871
0.124269
0.144506
0.153180
0.144653
0.162346
0.109557
0.137824
0.159442
0.128282
0.146092
0.141142
0.133740
0.158435
0.175262
0.140932
0.138746
0.137125
0.167907
0.153694
0.163633
0.154377
0.153613
0.151894
0.157432
0.135517
0.120758
0.134615
0.161294
0.154260
0.138043
0.134840
0.136832
0.179811
0.178623
0.148674
0.142725
0.141788
0.118416
0.167397
0.124934
0.155174
0.144360
0.108588
0.146879
0.142810
0.149476
0.148425
0.172860
0.176336
0.147107
0.169364
0.152722
0.128558
0.182309
0.139928
0.131346
0.148231
0.127644
0.169133
0.191855
0.136529
0.162524
0.129742
0.144492
0.168580
0.137511
0.178267
0.132749
0.168972
0.137567
0.169196
0.149107
0.118145
0.154959
0.134042
0.124552
0.129709
0.163255
0.138878
0.148492
0.154046
0.162721
0.144549
0.175299
0.158112
0.128252
0.157437
0.182253
0.184385
0.168008
0.143325
0.145145
0.118752
0.114344
0.181366
0.175975
0.164968
0.153840
0.160050
0.186149
0.164396
0.100936
0.132626
0.180253
0.156059
0.161011
0.145957
0.146628
0.139689
0.133376
0.153859
0.140709
0.118545
0.144769
0.135161
0.145065
0.116215
0.140452
0.176518
0.149351
0.133199
0.119656
0.129659
0.151758
0.130377
0.137139
0.170912
0.162838
0.100340
0.143649
0.111642
0.168065
0.165043
0.154064
0.155328
0.144132
0.176502
0.153692
0.152774
0.145592
0.141574
