0.00
547.73
519.70
535.00
510.05
501.84
457.81
457.83
222.01
259.66
441.94
281.65
441.94
341.17
222.18
211.51
228.84
212.10
146.47
257.08
140.10
119.43
177.87
147.47
145.14
268.77
180.54
169.03
220.68
228.85
176.42
165.82
377.42
302.08
366.64
402.27
298.69
274.54
368.59
256.59
227.56
200.74
254.76
317.52
270.03
275.18
257.52
239.60
181.66
255.29
148.49
176.32
167.77
210.78
206.48
190.41
187.28
255.19
302.71
278.27
237.68
348.27
253.31
277.82
332.60
358.23
378.74
408.42
449.05
430.34
464.27
452.95
445.82
434.32
423.78
399.92
391.35
395.20
387.24
333.83
370.39
374.15
334.06
338.81
345.23
308.70
435.12
439.69
429.08
392.34
331.30
446.14
347.13
372.85
387.64
322.23
278.87
220.16
201.50
241.29
256.37
211.08
229.72
225.86
254.66
259.70
198.19
263.20
172.32
227.28
227.55
204.08
279.51
149.11
362.63
226.65
171.60
321.53
334.75
295.02
170.34
174.04
226.89
280.82
260.93
168.01
178.78
204.06
215.29
239.77
299.88
300.45
309.42
342.23
371.82
371.15
371.23
341.82
235.60
324.22
197.79
299.51
342.44
255.66
295.15
358.76
400.80
403.35
409.82
337.93
321.94
295.42
326.59
364.93
314.93
352.07
332.39
340.50
356.96
321.85
316.63
297.63
309.71
285.28
366.49
377.37
402.64
412.21
404.75
416.30
434.23
417.92
391.89
436.21
405.29
373.12
388.07
393.70
413.13
392.55
420.89
386.78
402.07
427.00
412.91
419.55
412.80
428.56
387.90
378.42
344.10
324.19
339.94
378.04
354.12
194.42
330.71
365.37
219.15
247.06
237.84
289.76
376.46
318.25
410.05
400.43
414.57
319.73
345.36
367.13
325.55
392.96
403.50
390.77
321.43
379.22
437.41
425.44
275.93
252.82
250.62
231.99
