0.188703
0.132977
0.123311
0.132383
0.131641
0.143092
0.139675
0.154334
0.172269
0.162829
0.145742
0.131497
0.127109
0.127937
0.116552
0.135775
0.128259
0.127159
0.112456
0.127081
0.119619
0.175981
0.153277
0.123178
0.154530
0.128939
0.117128
0.124716
0.166493
0.103143
0.148943
0.091489
0.127147
0.124948
0.125045
0.148888
0.132876
0.135157
0.120982
0.156482
0.159022
0.136257
0.136072
0.122880
0.129854
0.122628
0.115545
0.125362
0.120075
0.145370
0.106721
0.117332
0.133056
0.114236
0.131151
0.135278
0.116028
0.140251
0.119545
0.117491
0.099343
0.122415
0.117890
0.118635
0.140369
0.141217
0.135718
0.110894
0.134092
0.139169
0.158280
0.134074
0.128243
0.122477
0.147175
0.153186
0.143660
0.150864
0.160441
0.161258
0.130909
0.151931
0.132989
0.129123
0.115307
0.101401
0.139213
0.131716
0.140001
0.123746
0.125088
0.161278
0.131590
0.133962
0.139075
0.150043
0.146676
0.135020
0.132937
0.137568
0.123599
0.124319
0.141113
0.136114
0.129924
0.172465
0.177568
0.129212
0.130548
0.132107
0.154720
0.140740
0.138951
0.156186
0.125210
0.130450
0.106125
0.124435
0.124802
0.123155
0.101319
0.124921
0.141674
0.124613
0.113965
0.137525
0.135895
0.123673
0.125792
0.129550
0.168576
0.141230
0.098243
0.135944
0.135406
0.130172
0.140937
0.137404
0.146932
0.132637
0.125285
0.126067
0.152130
0.159863
0.140900
0.144839
0.110721
0.112583
0.146840
0.126269
0.151465
0.148422
0.126598
0.125503
0.123247
0.135226
0.119504
0.099427
0.099718
0.125619
0.170800
0.146052
0.139320
0.133869
0.127238
0.126585
0.124150
0.149398
0.110799
0.133358
0.147001
0.138668
0.130248
0.119429
0.127969
0.143216
0.141546
0.150208
0.152591
0.145457
0.149514
0.153075
0.167203
0.155648
0.123221
0.136306
0.124093
0.122424
0.135371
0.122361
0.096631
0.109652
0.151560
0.128862
0.145360
0.122114
0.139994
0.119487
0.124092
0.120409
0.111404
0.112714
0.123920
0.155940
0.145939
0.142558
0.120046
0.177972
0.119555
0.156468
0.128997
0.140508
0.142204
0.164823
0.127913
0.148382
0.146012
0.128337
0.126511
0.148082
0.132857
0.144195
