0.00
328.98
373.11
230.38
422.82
249.63
338.00
288.54
340.03
345.50
311.75
385.51
257.51
401.76
298.01
342.98
204.26
294.05
221.37
225.73
205.75
313.72
242.23
227.94
200.00
363.32
284.12
348.28
220.75
332.83
304.95
336.74
316.04
335.31
351.03
320.06
352.96
281.29
331.38
289.54
299.78
280.34
341.15
182.90
206.73
146.01
150.90
159.25
131.98
195.93
138.51
193.64
121.63
207.21
247.84
231.77
200.76
121.10
126.22
97.46
71.07
171.22
146.62
116.19
188.37
148.69
209.56
176.71
152.79
193.75
78.55
210.90
206.03
226.83
182.77
260.28
170.83
154.11
115.97
222.87
152.16
131.81
122.04
100.83
105.69
74.59
56.80
82.10
68.81
68.50
134.20
124.38
140.45
127.47
86.87
54.94
166.77
105.84
139.03
111.67
83.51
91.05
240.07
238.86
228.42
274.37
