0.00
428.42
438.19
376.30
408.57
409.13
395.97
364.16
356.23
360.63
354.36
360.73
350.02
309.75
291.64
263.01
268.18
123.97
291.69
174.83
253.53
224.75
241.87
275.30
310.41
249.92
237.74
205.48
219.22
173.08
159.86
133.81
117.67
152.18
116.35
129.40
123.23
148.67
133.15
134.38
158.86
125.18
103.02
118.76
88.53
140.85
145.14
181.43
140.01
135.81
181.40
163.47
174.95
148.58
160.77
200.65
251.71
283.90
289.48
266.93
272.67
290.28
263.54
278.90
206.58
194.85
180.36
210.89
269.56
297.49
250.90
252.33
242.08
204.90
235.35
174.70
158.69
149.87
143.44
198.86
209.30
244.28
260.64
266.05
246.01
314.12
312.44
341.12
327.77
317.51
355.07
350.66
294.31
269.10
261.61
302.64
362.56
331.90
276.88
249.45
234.16
242.21
196.63
152.05
105.67
112.96
129.03
99.08
215.26
226.10
235.47
236.08
203.65
265.58
306.26
244.25
250.67
312.69
313.88
235.45
220.04
180.09
237.59
200.94
227.78
297.30
183.33
115.18
114.05
186.84
247.19
245.32
373.37
367.83
316.84
302.04
257.11
209.52
140.36
144.16
113.10
218.26
136.77
137.08
117.74
123.36
231.60
138.63
110.34
104.88
115.64
157.60
156.77
176.20
159.64
171.88
191.11
172.18
