0.093940
0.148606
0.132188
0.149431
0.148101
0.125665
0.122563
0.097621
0.117810
0.133892
0.141980
0.140192
0.137923
0.163864
0.130363
0.126262
0.160759
0.195456
0.133884
0.122157
0.149292
0.131773
0.144309
0.140111
0.133484
0.136225
0.130443
0.158447
0.101495
0.138105
0.154171
0.142735
0.152290
0.134793
0.130398
0.165014
0.166901
0.126929
0.137831
0.145600
0.118283
0.136553
0.141574
0.112928
0.116065
0.144418
0.158304
0.134486
0.149671
0.112291
0.117623
0.121343
0.126990
0.120325
0.148043
0.129738
0.139950
0.165303
0.125767
0.145794
0.167508
0.155486
0.164191
0.166151
0.125778
0.147836
0.159468
0.113559
0.160856
0.156282
0.153722
0.178368
0.165101
0.139639
0.137965
0.193695
0.161720
0.178989
0.166919
0.176204
0.214736
0.199049
0.155444
0.181370
0.127972
0.134991
0.127416
0.164883
0.136289
0.149034
0.117288
0.146733
0.135105
0.157720
0.162430
0.145715
0.224418
0.124490
0.156782
0.143850
0.149731
0.147960
0.140539
0.199284
0.172089
0.149707
0.132997
0.131923
0.156372
0.158106
0.134696
0.134186
0.134510
0.166222
0.165948
0.130080
0.125244
0.151377
0.149431
0.146528
0.152479
0.171498
0.120244
0.138674
0.117491
0.139070
0.155146
0.146332
0.136921
0.129705
0.133839
0.116957
0.156010
0.137178
0.140766
0.121650
0.147375
0.163080
0.155978
0.160426
0.151175
0.160281
0.131947
0.127056
0.120452
0.165632
0.156729
0.122081
0.133509
0.146744
0.147316
0.154651
0.163995
0.137728
0.143115
0.150392
0.124097
0.135355
