0.219671
0.108525
0.122758
0.130195
0.130658
0.130762
0.145401
0.148032
0.161604
0.156822
0.115103
0.159935
0.108868
0.128825
0.121179
0.115079
0.132842
0.132293
0.150864
0.143238
0.161470
0.139894
0.153311
0.144355
0.128748
0.137041
0.137252
0.137758
0.143478
0.129517
0.127687
0.161680
0.148207
0.134645
0.143547
0.146774
0.124097
0.151391
0.122095
0.128458
0.142738
0.114211
0.101033
0.106855
0.114833
0.121861
0.119023
0.147365
0.130824
0.124304
0.136910
0.094861
0.120741
0.099391
0.165506
0.118116
0.128986
0.115476
0.158019
0.139726
0.157706
0.107934
0.152507
0.115211
0.161895
0.170457
0.140475
0.197763
0.189128
0.141098
0.155473
0.131415
0.188922
0.152096
0.171343
0.165239
0.208765
0.111752
0.121388
0.170091
0.138585
0.152763
0.135912
0.127708
0.142176
0.135453
0.142832
0.119740
0.131623
0.116371
0.133259
0.139344
0.137197
0.128304
0.155521
0.141277
0.125063
0.131220
0.135355
0.140153
0.137409
0.140113
0.115944
0.114102
0.129821
0.144242
