0.00
320.21
302.93
264.42
173.23
121.00
107.03
173.89
88.07
92.36
72.38
72.89
79.23
55.74
128.92
150.59
121.58
101.06
137.56
188.20
125.97
77.87
160.69
106.16
76.83
72.04
126.15
101.25
131.53
146.43
111.17
129.71
215.47
134.66
199.11
148.34
244.64
216.80
258.41
200.01
154.86
136.66
101.22
41.24
9.89
54.47
154.74
99.65
140.98
147.29
179.94
214.22
290.26
269.65
241.50
247.45
183.77
270.98
167.15
193.65
225.74
152.79
155.44
191.74
178.23
182.36
151.79
106.29
117.97
119.68
124.89
116.12
109.38
134.09
146.77
116.97
138.74
149.70
189.79
115.17
146.03
136.32
105.28
97.06
143.42
155.53
85.59
44.93
134.42
63.39
82.62
80.76
81.28
101.06
98.07
114.90
114.49
160.43
122.71
125.90
112.84
153.19
147.03
184.61
104.56
142.01
149.16
137.55
101.25
80.50
83.60
120.21
189.72
153.49
155.75
149.58
139.87
106.62
173.15
146.55
136.62
104.72
134.27
96.23
149.04
176.15
150.14
165.02
128.20
143.05
147.79
223.73
187.54
152.72
110.10
104.38
130.81
98.60
86.91
67.21
64.25
79.02
130.80
109.88
108.45
141.71
133.95
134.93
137.76
126.39
145.61
182.12
179.19
177.96
170.01
145.23
107.30
153.62
164.75
170.09
159.04
165.67
109.05
141.64
113.78
