0.072336
3.997711
0.142371
0.109317
0.136786
0.124161
0.123225
0.145200
0.147625
0.130190
0.159969
0.153671
0.129381
0.136454
0.136611
0.107122
0.114918
0.096784
0.120921
0.134075
0.158329
0.108551
0.155679
0.174476
0.112143
0.137905
0.147779
0.134312
0.157048
0.115319
0.158584
0.117901
0.159214
0.170473
0.147063
0.119151
0.121673
0.104280
0.135479
0.093225
0.147825
0.132959
0.129450
0.138625
0.138374
0.127353
0.139349
0.166435
0.152193
0.157165
0.168285
0.118425
0.132472
0.137171
0.179132
0.147082
0.127737
0.131193
0.152558
0.173329
0.139896
0.139896
0.143588
0.124359
0.140749
0.126585
0.122054
0.142744
0.161518
0.133087
0.146162
0.129848
0.155102
0.178877
0.172661
0.131016
0.211680
0.162479
0.158335
0.145266
0.162672
0.157284
0.126255
0.144295
0.177153
0.177229
0.171096
0.151083
0.164239
0.142626
0.154601
0.132496
0.180799
0.140035
0.143764
0.121677
0.143500
0.159645
0.140975
0.169175
0.163749
0.129716
0.134900
0.143717
0.151510
0.129280
0.127014
0.099203
0.139330
0.129746
0.151341
0.128067
0.132359
0.126348
0.121784
0.144109
0.155355
