0.00
0.85
0.86
0.61
0.74
0.65
0.75
0.79
0.83
0.76
0.84
0.79
0.72
0.65
0.74
0.67
0.64
0.80
0.79
0.86
0.75
0.78
0.76
0.61
0.82
0.81
0.76
0.71
0.57
0.61
0.57
0.58
0.83
0.80
0.82
0.73
0.73
0.71
0.76
0.81
0.79
0.76
0.74
0.65
0.70
0.74
0.80
0.66
0.68
0.76
0.71
0.62
0.75
0.53
0.69
0.72
0.56
0.51
0.62
0.57
0.55
0.50
0.50
0.52
0.63
0.55
0.62
0.58
0.61
0.55
0.53
0.62
0.52
0.54
0.71
0.57
0.57
0.51
0.54
0.53
0.58
0.60
0.64
0.56
0.61
0.63
0.55
0.45
0.48
0.60
0.56
0.57
0.56
0.53
0.47
0.57
0.53
0.47
0.50
0.54
0.55
0.59
0.63
0.71
0.56
0.75
0.72
0.70
0.73
0.69
0.63
0.60
0.69
0.63
0.62
0.65
0.63
0.46
0.55
0.62
0.63
0.70
0.71
0.71
0.67
0.71
0.72
0.75
0.59
0.76
0.69
0.69
0.69
0.71
0.60
0.63
0.58
0.62
0.48
0.51
0.55
0.48
0.58
0.56
0.53
0.54
0.53
0.58
0.55
0.49
0.44
0.45
0.57
0.48
0.67
0.54
0.51
0.57
0.47
0.67
0.62
0.73
0.45
0.62
0.57
0.47
0.50
0.61
0.60
0.60
0.72
