0.150089
0.138522
0.122098
0.147329
0.129345
0.118882
0.111331
0.153987
0.115728
0.179375
0.107521
0.134201
0.139627
0.185719
0.141787
0.108261
0.163673
0.145947
0.120922
0.150519
0.136107
0.122581
0.116599
0.109055
0.152416
0.115586
0.165300
0.141721
0.176415
0.188456
0.172842
0.112331
0.119938
0.165584
0.182944
0.180679
0.133625
0.158667
0.159162
0.124659
0.148940
0.146338
0.161025
0.156462
0.160472
0.142388
0.135566
0.175344
0.172492
0.148074
0.134246
0.140118
0.174658
0.154923
0.140482
0.125929
0.169538
0.143757
0.140800
0.148928
0.141148
0.158204
0.115197
0.138564
0.171889
0.144630
0.157567
0.156309
0.155185
0.179319
0.153663
0.092860
0.151054
0.181282
0.115368
0.192725
