0.274869
0.128342
0.162902
0.145377
0.111918
0.150416
0.157189
0.121516
0.161321
0.155159
0.140289
0.169282
0.111854
0.149077
0.134676
0.122121
0.123502
0.129206
0.145336
0.132715
0.118027
0.114723
0.134126
0.156063
0.158996
0.146539
0.105998
0.133183
0.188278
0.167138
0.182122
0.156037
0.128737
0.149741
0.133356
0.158303
0.145303
0.143040
0.133784
0.163970
0.167296
0.158180
0.119153
0.140514
0.139871
0.135273
0.116065
0.179655
0.092394
0.123075
0.117675
0.122516
0.142252
0.140559
0.120653
0.103428
0.155568
0.125302
0.137636
0.119866
0.138114
0.132926
0.108222
0.124087
0.122856
0.131670
0.132783
0.152418
0.155797
0.135538
0.167980
0.177727
0.135800
0.140900
0.155361
0.136876
0.136679
