0.00
190.40
340.59
398.04
516.83
493.52
509.86
527.71
480.61
506.86
525.97
449.54
536.24
539.47
521.94
552.62
547.55
541.74
488.23
541.12
513.24
552.78
545.22
546.58
556.09
531.38
521.13
510.32
512.78
531.69
523.40
525.59
536.05
520.60
548.14
552.69
549.97
517.47
545.58
478.70
536.25
535.91
507.13
533.51
443.59
541.51
527.31
535.35
541.55
532.63
484.94
537.93
525.57
485.52
465.43
478.69
441.79
480.25
453.39
460.28
470.10
481.88
506.04
523.12
498.06
529.63
523.93
512.45
519.96
499.81
532.63
545.67
539.12
529.69
541.46
536.89
531.00
510.69
524.99
479.16
506.08
491.90
473.27
502.23
515.87
512.35
518.61
507.55
525.41
503.02
506.51
503.37
507.52
527.29
517.65
507.87
520.35
428.91
472.46
496.55
435.74
452.83
495.76
473.47
496.52
472.11
465.25
461.61
440.01
381.04
377.73
316.40
327.20
367.33
366.24
425.57
365.56
315.00
429.16
456.00
419.33
433.03
446.32
430.87
407.18
405.72
428.52
386.25
406.84
414.49
422.68
429.18
405.46
383.50
466.49
405.68
462.06
410.92
422.73
423.11
409.71
432.88
429.10
432.67
456.72
435.92
456.31
449.14
439.38
432.90
453.53
463.70
467.22
477.96
464.52
488.92
422.80
432.22
422.52
410.89
414.92
414.01
501.00
404.67
490.82
504.42
532.61
499.29
519.67
476.03
474.22
484.19
505.21
525.26
469.07
514.65
486.13
510.42
463.95
498.24
482.88
510.21
493.54
455.27
458.78
440.03
474.74
419.92
436.12
390.48
418.29
441.75
473.56
382.43
435.22
471.31
372.96
432.23
482.07
436.72
482.48
459.63
483.44
484.89
440.89
437.84
473.45
468.82
460.86
456.46
443.66
459.82
444.69
430.83
437.99
386.73
391.98
402.66
360.42
375.31
402.03
423.11
435.52
447.01
463.24
434.87
481.62
462.63
473.85
483.14
496.67
463.86
483.10
390.68
501.47
402.60
401.14
472.00
435.93
490.97
473.05
467.17
460.83
429.33
401.56
384.93
475.88
447.60
401.29
446.57
471.25
477.86
473.89
475.39
462.30
475.67
456.79
503.62
446.61
508.84
497.48
500.94
495.14
497.15
483.61
475.73
448.39
459.24
449.84
482.29
494.89
476.87
497.87
465.34
478.65
463.56
462.36
416.99
345.36
344.58
258.04
256.05
265.29
282.74
304.01
407.76
282.37
306.74
247.81
487.88
374.36
507.38
449.45
459.75
474.03
497.29
482.02
463.76
444.97
419.83
432.86
391.00
284.16
287.32
389.88
451.68
462.98
524.84
504.05
504.05
504.70
518.45
511.03
520.37
484.24
509.20
486.85
495.38
494.65
523.59
511.96
530.02
519.04
511.11
502.90
455.83
504.68
491.03
512.97
484.81
492.07
504.88
509.48
510.44
469.06
489.71
489.89
495.37
517.20
517.69
504.21
496.18
505.12
480.49
505.02
505.67
523.77
521.83
523.51
523.44
510.98
512.87
489.37
503.20
480.17
482.21
478.77
507.18
511.94
490.55
492.95
459.56
529.82
514.86
463.02
515.05
510.36
435.16
494.36
504.72
451.79
439.43
412.62
246.66
350.74
507.93
403.65
503.40
365.67
337.30
478.29
409.70
299.93
318.45
298.72
267.66
337.08
250.69
211.05
219.21
179.09
209.45
191.73
197.35
169.94
