0.179603
0.116483
0.096310
0.109397
0.100387
0.113568
0.124293
0.123924
0.120491
0.107973
0.108058
0.110859
0.125618
0.118605
0.138269
0.128936
0.115340
0.118606
0.140664
0.127711
0.136589
0.154207
0.143619
0.115366
0.140665
0.122091
0.124325
0.148700
0.129913
0.136184
0.136333
0.124164
0.142926
0.148134
0.120925
0.129101
0.147532
0.121157
0.110966
0.145506
0.150894
0.133429
0.132486
0.142133
0.139126
0.153910
0.136905
0.120164
0.173010
0.117595
0.105854
0.134323
0.144341
0.104652
0.124741
0.132161
0.131752
0.111169
0.177278
0.149277
0.152095
0.137961
0.136754
0.108786
0.124202
0.119672
0.102592
0.135866
0.106861
0.143051
0.136302
0.119228
0.160484
0.126234
0.140994
0.131294
0.125543
0.141359
0.114566
0.156488
0.118178
0.117839
0.147396
0.131111
0.139667
0.081436
0.068669
0.074358
0.090202
0.075011
0.083186
0.083631
0.083472
0.071847
0.083200
0.124878
0.106907
0.096016
0.117816
0.110728
0.100899
0.100645
0.099900
0.110201
0.114237
0.103336
0.096423
0.089317
0.118040
0.148031
0.123108
0.112409
0.114573
0.122852
0.136540
0.138646
0.133847
0.150107
0.124939
0.166784
0.155873
0.130231
0.155721
0.143691
0.140295
0.124169
0.150259
0.138379
0.126770
0.153426
0.124918
0.097239
0.150218
0.139217
0.129361
0.127742
0.161233
0.119702
0.129250
0.140651
0.151509
0.143394
0.142272
0.134211
0.132077
0.147666
0.114130
0.134594
0.111421
0.140958
0.158906
0.130350
0.159880
0.148633
0.127971
0.141037
0.121888
0.145152
0.146683
0.131171
0.105564
0.144724
0.129151
0.153160
0.134645
0.108294
0.113550
0.138482
0.113092
0.135365
0.171319
0.160706
0.130767
0.160768
0.184073
0.112594
0.131625
0.136764
0.216772
0.160489
0.212677
0.174830
0.135128
0.123617
0.134730
0.161744
0.156859
0.136098
0.159225
0.162304
0.248266
0.148865
0.120551
0.115986
0.142735
0.139792
0.185083
0.172967
0.141487
0.155499
0.130647
0.125816
0.163034
0.149082
0.127008
0.154875
0.129136
0.123423
0.117321
0.126974
0.124366
0.138535
0.127457
0.116024
0.115236
0.113604
0.102518
0.154989
0.106847
0.117267
0.122627
0.111541
0.148697
0.120179
0.128840
0.095690
0.113483
0.151978
0.115458
0.130522
0.128233
0.106976
0.151922
0.137412
0.131017
0.132875
0.122126
0.156823
0.125286
0.160698
0.135158
0.150970
0.127261
0.126919
0.126938
0.158933
0.133999
0.117369
0.118337
0.146900
0.123216
0.138453
0.152083
0.135665
0.147730
0.147959
0.142020
0.174107
0.174039
0.163471
0.133345
0.144887
0.131965
0.129708
0.142896
0.123201
0.149490
0.154162
0.158800
0.141512
0.160558
0.155086
0.156073
0.147252
0.128818
0.155039
0.156021
0.134257
0.131630
0.153164
0.142981
0.139221
0.155195
0.117612
0.134536
0.134225
0.140314
0.156634
0.133613
0.183503
0.157007
0.108768
0.170451
0.119828
0.129728
0.140947
0.151754
0.141534
0.141270
0.134297
0.136469
0.139920
0.134698
0.145775
0.139175
0.142508
0.119695
0.150280
0.136066
0.151623
0.110000
0.135323
0.130941
0.157080
0.128737
0.155430
0.141394
0.130156
0.166224
0.128585
0.162065
0.125165
0.146819
0.110637
0.136750
0.132689
0.147705
0.126484
0.182563
0.151127
0.134542
0.131341
0.115169
0.117501
0.117022
0.163356
0.152225
0.117080
0.140008
0.133804
0.152102
0.153933
0.137132
0.138096
0.144497
0.177030
0.138811
0.154298
0.152870
0.151643
0.158590
0.142427
0.146205
0.143921
0.171245
0.149784
0.143516
0.142373
0.140448
0.128274
0.142647
0.156019
0.146930
0.142835
0.136613
0.146231
0.150012
0.152024
0.143030
0.113903
0.120100
0.162377
0.133014
0.115583
0.140276
0.106537
0.170625
0.136608
0.130048
0.151025
0.135484
0.122720
0.124011
0.136037
0.142843
0.127235
0.146715
0.173066
0.133819
0.141124
0.155621
0.180495
0.163119
0.108308
0.159717
