0.00
0.89
0.89
0.88
0.87
0.88
0.89
0.89
0.89
0.89
0.88
0.87
0.87
0.85
0.88
0.86
0.86
0.85
0.84
0.84
0.86
0.84
0.85
0.85
0.83
0.84
0.81
0.64
0.63
0.74
0.78
0.79
0.83
0.82
0.79
0.81
0.70
0.64
0.69
0.80
0.80
0.84
0.85
0.86
0.87
0.86
0.86
0.87
0.87
0.86
0.85
0.86
0.83
0.86
0.84
0.84
0.84
0.84
0.84
0.78
0.82
0.83
0.83
0.80
0.83
0.77
0.80
0.81
0.81
0.81
0.79
0.80
0.83
0.80
0.80
0.76
0.81
0.82
0.81
0.80
0.82
0.79
0.82
0.80
0.79
0.80
0.73
0.79
0.76
0.70
0.74
0.57
0.69
0.56
0.70
0.54
0.61
0.67
0.74
0.73
0.71
0.66
0.63
0.65
0.53
0.66
0.60
0.71
0.68
0.62
0.67
0.65
0.64
0.70
0.68
0.65
0.64
0.52
0.55
0.56
0.56
0.71
0.61
0.72
0.68
0.68
0.67
0.67
0.61
0.62
0.65
0.58
0.59
0.54
0.60
0.59
0.61
0.58
0.54
0.55
0.61
0.62
0.60
0.58
0.56
0.62
0.57
0.58
0.60
0.63
0.60
0.54
0.56
0.51
0.55
0.61
0.64
0.63
0.57
0.66
0.65
0.64
0.71
0.69
0.69
0.69
0.70
0.68
0.68
0.68
0.71
0.71
0.68
0.67
0.64
0.56
0.63
0.44
0.41
0.43
0.38
0.27
0.42
0.22
0.31
0.30
0.38
0.37
0.33
0.40
0.41
0.43
0.46
0.52
0.48
0.56
0.39
0.35
0.39
0.34
0.23
0.27
0.19
0.27
0.45
0.46
0.42
0.45
0.45
0.45
0.40
0.53
0.60
0.52
0.63
0.49
0.56
0.52
0.50
0.61
0.52
0.60
0.44
0.53
0.65
0.50
0.50
0.55
0.46
0.59
0.58
0.56
0.45
0.44
0.44
0.41
0.34
0.26
0.29
