0.00
433.65
303.89
274.51
301.74
242.28
259.10
234.24
259.40
229.25
359.99
403.28
392.14
406.92
412.42
370.77
339.61
358.20
339.86
355.32
340.78
316.53
249.62
320.87
322.56
325.10
338.35
367.67
359.98
338.74
322.23
292.81
269.91
235.91
261.72
233.43
269.51
259.78
269.81
281.73
289.57
216.20
327.99
230.00
249.00
251.81
281.64
305.19
305.38
210.72
238.03
231.11
380.98
306.16
261.25
255.95
328.69
288.25
298.58
258.82
247.19
267.35
174.63
226.78
200.83
291.67
356.60
315.68
323.53
301.94
256.94
226.28
243.90
278.83
259.19
209.60
233.83
321.95
232.70
278.72
240.74
277.13
210.70
274.91
304.86
248.64
243.43
205.00
259.58
240.30
367.66
378.13
333.55
265.26
338.25
210.89
223.19
234.73
240.44
235.61
184.62
201.27
306.81
333.05
323.47
352.16
284.94
282.62
292.39
311.33
273.78
275.92
201.99
196.44
341.19
312.81
401.02
305.15
346.49
307.87
343.95
340.00
279.57
287.37
189.77
203.96
183.38
231.05
196.42
310.33
322.85
331.55
327.27
387.69
330.48
292.34
258.65
162.39
187.79
201.49
86.17
129.35
300.46
351.40
349.22
410.41
356.74
280.83
313.19
242.74
151.22
242.69
195.92
219.03
194.33
345.79
303.83
267.85
182.86
152.35
119.83
160.71
95.34
75.47
194.63
181.33
285.54
214.01
329.71
352.77
233.24
123.54
116.29
128.49
173.98
130.41
199.07
