0.202233
0.146240
0.161649
0.116938
0.166705
0.136154
0.114828
0.140868
0.148881
0.127776
0.131697
0.150471
0.112025
0.128882
0.160845
0.132744
0.108917
0.138683
0.145410
0.142638
0.157285
0.125487
0.159447
0.120892
0.148299
0.161982
0.134673
0.135022
0.121540
0.147118
0.137814
0.133740
0.152693
0.142064
0.173568
0.113164
0.153535
0.158297
0.147671
0.142980
0.119423
0.166212
0.160922
0.148684
0.131012
0.120119
0.115656
0.143566
0.152040
0.161790
0.158638
0.165155
0.157018
0.127905
0.144125
0.156320
0.119126
0.121786
0.134532
0.163343
0.187833
0.156857
0.135276
0.171727
0.141728
0.141285
0.156042
0.135907
0.165295
0.138826
0.127450
0.144788
0.122424
0.163471
0.147992
0.130243
0.128849
0.145332
0.117527
0.134143
0.144623
0.121542
0.145607
0.150177
0.152523
0.148198
0.139750
0.146930
0.156612
0.147315
0.146814
0.121730
0.154686
0.135854
0.137448
0.150355
0.135325
0.112738
0.147477
0.149254
0.147871
0.132646
0.156492
0.178357
0.124252
0.150663
0.156058
0.121578
0.150305
0.134447
0.157822
0.159615
0.126818
0.118590
0.152174
0.142195
0.139345
0.105034
0.174970
0.138014
0.130088
0.127185
0.129785
0.118465
0.121002
0.119943
0.128334
0.129196
0.180539
0.157081
0.159453
0.147444
0.149190
0.157479
0.168160
0.163661
0.143942
0.134439
0.133166
0.143918
0.146759
0.145755
0.147920
0.166283
0.180212
0.143054
0.117358
0.150469
0.166242
0.135813
0.131025
0.131100
0.110514
0.147800
0.149868
0.183521
0.131393
0.129160
0.150390
0.157055
0.164405
0.115398
0.162007
0.110157
0.119554
0.136567
0.112090
0.187226
0.145668
0.155552
0.127889
0.167223
0.158224
0.149489
0.162431
0.143537
0.147831
