0.038440
0.154952
0.161338
0.161108
0.149312
0.120307
0.122489
0.150291
0.140442
0.129421
0.112724
0.124339
0.140484
0.127365
0.145946
0.133081
0.138670
0.136372
0.121697
0.112098
0.105566
0.110170
0.097784
0.097310
0.105531
0.108577
0.092155
0.091087
0.109540
0.129277
0.136403
0.145199
0.184926
0.143907
0.157966
0.167900
0.170842
0.168767
0.143984
0.144944
0.140428
0.126763
0.113547
0.130440
0.117398
0.137848
0.124244
0.146596
0.174642
0.166898
0.150409
0.145068
0.172258
0.146136
0.138405
0.127588
0.117416
0.103533
0.107356
0.110896
0.109674
0.149209
0.096657
0.106980
0.118083
0.130649
0.113651
0.144061
0.176526
0.119897
0.127633
0.143910
0.127593
0.148081
0.144804
0.125295
0.127835
0.135538
0.145894
0.110386
0.117314
0.114085
0.111529
0.118264
0.124683
0.131937
0.132078
0.128772
0.150912
0.132629
0.150214
0.123271
0.136276
0.137879
0.114833
0.108474
0.106511
0.119897
0.114083
0.114459
0.168416
0.120313
0.136360
0.125808
0.154273
0.126636
0.115796
0.105494
0.131434
0.136949
0.119104
0.119945
0.120458
0.116238
0.126212
0.134555
0.110953
0.110461
0.113912
0.135076
0.128034
0.130313
0.147342
0.145555
0.154573
0.126225
0.120300
0.137936
0.117044
0.126148
0.123715
0.129780
0.128675
0.142742
0.136721
0.132731
0.125897
0.136081
0.147143
0.201797
0.188210
0.141820
0.124644
0.119629
0.111941
0.115357
0.113770
0.122931
0.097044
0.100394
0.103348
0.117162
0.112405
0.129426
0.129892
0.132981
0.134796
0.151730
0.123107
0.124544
0.139731
0.142660
0.143897
0.121509
0.114383
0.107334
0.112762
0.117536
0.132094
0.153565
0.140915
0.139076
0.130536
0.125494
0.130257
0.133562
0.131961
0.109420
0.112460
0.108164
0.114289
0.110332
0.105544
0.140378
0.110491
0.120545
0.117668
0.115424
0.123350
0.123154
0.121642
0.165748
0.117393
0.120780
0.127987
0.126902
0.154139
0.109438
0.131761
0.137377
0.117390
0.121860
0.114626
0.113626
0.113791
0.130246
0.150081
0.138863
0.121568
0.138165
0.139940
0.138495
0.121665
0.131679
0.109577
0.121512
0.117254
0.105913
0.107764
0.106458
0.121213
0.115947
0.134813
0.111482
0.109660
0.124132
0.105507
0.116088
0.121948
0.126368
0.121305
0.124878
0.126839
0.140403
0.114303
0.104260
0.120780
0.128739
0.119449
0.095658
0.104081
0.097463
0.118694
0.155448
0.105012
0.112208
0.111178
0.110047
0.096081
0.108401
0.092425
0.109839
0.092805
0.112861
0.104045
0.101752
0.104832
0.095097
0.107320
0.103794
0.108520
0.099776
0.099424
0.097096
0.105780
0.112105
0.123152
0.098498
0.117408
0.096125
0.097739
0.107393
0.097469
0.106978
0.095800
0.110981
0.141407
0.096027
0.100434
0.108170
0.096232
0.119843
0.124997
0.091795
0.097473
0.125417
0.119413
0.092039
0.113341
0.107146
0.102190
0.122945
0.091831
0.105853
0.108917
0.112834
0.108865
0.109113
0.099966
0.111018
0.129184
0.107927
0.113473
0.140203
0.126852
0.102681
0.122852
0.128647
0.094386
0.095306
0.114094
0.105192
0.107843
0.109503
0.092351
0.109753
0.120438
0.099923
0.102128
0.099073
0.124214
0.104373
0.096287
0.099933
0.107074
0.117236
0.101277
0.111619
0.102525
0.097334
0.096880
0.127916
0.137047
0.100495
0.105840
0.127228
0.129839
0.151005
0.130804
0.116258
0.122968
0.147282
0.119492
0.113706
0.138770
0.129825
0.147577
0.118974
0.108983
0.121865
0.119096
0.118477
0.124945
0.111209
0.132012
0.123546
0.149874
0.117826
0.123808
0.120436
0.119630
0.107434
0.125110
0.108213
0.115566
0.109832
0.135585
0.130359
0.107613
0.138633
0.141330
0.125941
0.123297
0.139744
0.126605
0.107082
0.109393
0.116622
0.123913
0.108160
0.122897
0.132454
0.134420
0.145653
0.118717
0.121035
0.134727
0.146386
0.151837
0.136055
0.124470
0.107832
0.108453
0.112078
0.122882
0.107896
0.109694
0.166821
0.180634
0.108540
0.119724
0.108761
0.119909
0.116248
0.115204
0.116125
0.127260
0.114545
0.114881
0.129926
0.132756
0.137607
0.130786
0.130973
0.110912
0.128756
0.120879
0.117873
0.140052
0.155074
0.114156
0.122113
0.113892
0.118352
0.127585
0.103990
0.115771
