0.019604
0.117113
0.119648
0.130355
0.120450
0.114434
0.117531
0.118738
0.133024
0.120926
0.132390
0.131645
0.116475
0.124128
0.115177
0.150407
0.125943
0.117019
0.111988
0.110900
0.115368
0.119436
0.116047
0.123347
0.111333
0.128534
0.115754
0.138775
0.122796
0.111093
0.129783
0.110805
0.117452
0.108975
0.143254
0.146419
0.115893
0.131212
0.127385
0.127176
0.121453
0.124548
0.118562
0.120708
0.128758
0.119334
0.116135
0.148510
0.132431
0.130745
0.117750
0.132393
0.132221
0.114409
0.130367
0.120114
0.129226
0.123298
0.131245
0.120515
0.131760
0.124724
0.119255
0.126714
0.118946
0.112668
0.104271
0.111046
0.105299
0.103988
0.100143
0.104217
0.096454
0.100758
0.112865
0.096244
0.140452
0.105923
0.103281
0.103140
0.117193
0.126950
0.104026
0.113764
0.094086
0.101259
0.095333
0.101811
0.101449
0.106244
0.099646
0.110137
0.098734
0.120649
0.113323
0.106870
0.092793
0.107382
0.111193
0.094616
0.099081
0.096652
0.101855
0.100570
0.100768
0.099778
0.099038
0.104509
0.103276
0.088037
0.119475
0.094099
0.116631
0.112900
0.142391
0.107788
0.107225
0.096759
0.099500
0.094529
0.095480
0.099234
0.101203
0.095946
0.101198
0.092951
0.099406
0.102458
0.109058
0.105928
0.105338
0.096663
0.100215
0.098771
0.094112
0.117382
0.114563
0.097243
0.098837
0.098311
0.105967
0.110081
0.100981
0.106173
0.109689
0.102588
0.101261
0.109823
0.100507
0.108319
0.108454
0.106136
0.105129
0.131757
0.109899
0.114710
0.130097
0.135359
0.127030
0.124518
