0.014709
0.117820
0.156310
0.134939
0.111144
0.122259
0.125173
0.115628
0.114903
0.142121
0.146297
0.162042
0.153689
0.152814
0.161626
0.174057
0.173957
0.164563
0.140485
0.158440
0.148324
0.187645
0.165997
0.134167
0.118570
0.111930
0.113320
0.130692
0.131698
0.141447
0.149905
0.158705
0.158117
0.143689
0.153670
0.146296
0.151686
0.130377
0.164818
0.163246
0.158566
0.163339
0.119606
0.121872
0.127654
0.123827
0.114127
0.130919
0.121011
0.129632
0.156998
0.136513
0.124794
0.120480
0.115192
0.119846
0.126635
0.119554
0.127136
0.124218
0.128700
0.107304
0.108970
0.114401
0.123657
0.125449
0.124196
0.123891
0.127201
0.168780
0.130895
0.131264
0.137440
0.117505
0.123365
0.129939
0.130619
0.134315
0.115069
0.126329
0.113229
0.112646
0.112691
0.116207
0.120238
0.116439
0.119737
0.163541
0.123909
0.125791
0.129070
0.118026
0.128241
0.127677
0.125298
0.108231
0.124102
0.104876
0.125746
0.121773
0.129099
0.130207
0.110796
0.136802
0.122006
0.119507
0.116869
0.141100
0.139723
0.119259
0.124878
0.136215
0.119346
0.132970
0.124750
0.123124
0.144393
0.121346
0.113533
0.119556
0.125008
