0.093983
0.135709
0.119486
0.145413
0.136279
0.138563
0.140759
0.131411
0.125968
0.155850
0.128203
0.124850
0.168518
0.120922
0.120179
0.126079
0.161530
0.117426
0.111267
0.115871
0.119322
0.138256
0.128349
0.145385
0.155435
0.124071
0.132761
0.141069
0.124782
0.145512
0.139450
0.125469
0.120983
0.130708
0.119901
0.167757
0.153001
0.136584
0.130393
0.135421
0.109977
0.120358
0.134423
0.137532
0.122389
0.119578
0.110368
0.099880
0.102989
0.095157
0.099713
0.100187
0.123105
0.104180
0.093799
0.110907
0.106212
0.101973
0.116645
0.127042
0.122869
0.125266
0.121983
0.104053
0.124461
0.105633
0.105576
0.111460
0.104452
0.096712
0.096432
0.098166
0.139450
0.096224
0.104638
0.107522
0.139716
0.121313
0.156701
0.135131
0.126346
0.112839
0.124772
0.114836
0.111691
0.111940
0.093755
0.099404
0.101866
0.099013
0.098219
0.109646
0.116163
0.096736
0.099570
0.093671
0.109011
0.095881
0.102901
0.106648
0.117893
0.108617
0.114331
0.111008
0.136875
0.118516
0.111505
0.116343
0.127340
0.120338
0.112931
0.107750
0.117643
0.119302
0.127088
0.121844
0.117884
0.117963
0.120670
0.133504
0.121779
0.119025
0.129745
0.152023
0.130934
0.116971
0.138936
0.114931
0.118348
0.114627
0.113063
0.116943
0.116764
0.121518
0.104171
0.118478
0.110303
0.113712
0.109865
0.112626
0.118340
0.135580
0.122993
0.125510
0.119500
0.121998
0.106715
0.120178
0.107313
0.121401
0.111464
0.114200
0.116940
0.116356
0.116040
0.123057
0.122247
0.125879
0.127392
0.138900
0.124231
0.113003
0.115723
0.117448
0.120574
0.139224
0.109633
0.111671
0.116143
0.109132
0.122374
0.118926
0.121126
0.121193
0.134978
0.117390
0.119682
0.113823
0.132689
0.117850
0.121286
0.121054
0.109103
0.108362
0.124397
0.107260
0.106254
0.120218
0.111471
0.124840
0.153490
0.130308
0.137132
0.129532
0.119204
0.119735
0.124186
0.121267
0.112830
0.119662
0.118805
0.126496
0.121359
0.138153
0.124171
0.112833
0.122542
0.142880
0.150714
0.126789
0.111690
0.124148
0.132681
0.117130
0.111775
0.123464
0.126104
0.115027
0.128498
0.118310
0.106205
0.105881
0.113126
0.117462
0.111463
0.108568
0.111374
0.123474
0.122486
0.116155
0.135436
0.115139
0.117711
0.120414
0.131596
0.115493
0.124491
0.126619
0.114695
0.125077
0.117284
0.122364
0.109565
0.144094
0.170723
0.154960
0.142055
0.149420
0.122112
0.116456
0.114264
0.121467
0.116976
0.105231
0.097629
0.111185
0.109187
0.127405
0.110938
0.140870
0.117899
0.106689
0.111382
0.104304
0.103131
0.103933
0.107819
0.105551
0.121442
0.115925
0.126050
0.125956
0.123403
0.108802
0.110449
0.107900
0.111582
