0.013165
0.104081
0.111837
0.119470
0.117990
0.108845
0.108646
0.122096
0.129896
0.120331
0.119937
0.147337
0.130671
0.149834
0.131696
0.142141
0.130504
0.123015
0.138340
0.117032
0.149112
0.123411
0.135166
0.137896
0.121765
0.125173
0.179060
0.133739
0.115011
0.103574
0.105203
0.121767
0.126153
0.124607
0.117742
0.125858
0.115775
0.099304
0.111097
0.105623
0.106891
0.110372
0.116438
0.121839
0.124563
0.142890
0.134150
0.125773
0.126664
0.115203
0.112808
0.112192
0.111123
0.110980
0.111065
0.101941
0.101334
0.093000
0.096332
0.094101
0.092333
0.092403
0.093168
0.093272
0.092406
0.108842
0.103005
0.093191
0.105002
0.100872
0.096336
0.103392
0.099763
0.101951
0.090989
0.090100
0.092767
0.091433
0.091290
0.091188
0.102163
0.100487
0.098771
0.100427
0.107271
0.101328
0.096854
0.102647
0.093534
0.093244
0.106239
0.092928
0.094028
0.093880
0.107912
0.099540
0.112283
0.114916
0.118586
0.111851
0.113551
0.113133
0.114336
0.118783
0.117156
0.115029
0.124203
0.116511
0.114672
0.119985
0.130669
0.130979
0.115545
0.116548
0.122297
0.112871
0.111854
0.122056
0.116754
0.127717
0.124049
0.275434
0.133603
0.126961
0.110799
0.110354
0.110080
0.115671
0.117933
0.117934
0.132530
0.116490
0.119739
0.114767
0.121914
0.110595
0.113636
0.112943
0.114033
0.126367
0.112414
0.111358
0.123637
0.113824
0.116099
0.112008
0.116689
0.110599
0.113479
0.115197
0.109751
0.113256
0.114510
0.115259
0.113151
0.113158
0.136073
0.119134
0.112418
0.116326
0.116551
0.115807
0.113736
0.117907
0.117481
0.120850
0.150210
0.124940
0.114892
0.148186
0.117433
0.128746
0.119680
0.122876
0.108212
0.110710
0.115582
0.109936
0.111041
0.110781
0.112972
0.110284
0.110935
0.114439
0.112638
0.112329
0.114708
0.113029
0.126498
0.116114
0.118002
0.121011
0.117686
0.112210
0.118640
0.118209
0.120789
0.129210
0.113251
0.125349
0.117050
0.116562
0.115720
0.112855
0.110801
0.119893
0.109786
0.118835
0.109675
0.113394
0.121579
0.115215
0.116241
0.113718
0.127461
0.129328
0.106687
