0.019797
0.129531
0.119247
0.134406
0.117945
0.129209
0.130617
0.121735
0.124761
0.121109
0.125600
0.134984
0.127401
0.119894
0.127616
0.118856
0.124115
0.132296
0.118707
0.114658
0.120811
0.129951
0.139918
0.132909
0.117058
0.135067
0.124657
0.117239
0.125980
0.134964
0.137777
0.126579
0.123524
0.131385
0.126458
0.121794
0.119694
0.130065
0.123218
0.114812
0.125109
0.113649
0.120605
0.119423
0.135433
0.122879
0.138207
0.117742
0.138044
0.131229
0.124261
0.129053
0.138384
0.129412
0.123371
0.121402
0.129965
0.110079
0.130687
0.112300
0.121808
0.110190
0.130923
0.120600
0.118092
0.113117
0.123457
0.117881
0.114569
0.121474
0.118609
0.120309
0.143280
0.123608
0.126211
0.116385
0.124257
0.127343
0.116646
0.142329
0.115307
0.116234
0.118572
0.116794
0.130488
0.137898
0.136249
0.119267
0.116570
0.119223
0.131819
0.120639
0.129914
0.118384
0.145631
0.113427
0.126807
0.110843
0.118093
0.126583
0.157480
0.135495
0.138217
0.137894
0.145010
0.146903
0.125201
0.154619
0.128827
0.140132
0.140214
0.126017
0.111863
0.122266
0.111383
0.118184
0.122476
0.158204
0.142630
0.148234
0.162580
0.131110
0.128353
0.129478
0.148640
0.154848
0.130245
0.110789
0.119291
0.112503
0.116419
0.118403
0.113800
0.118714
0.112318
0.105758
0.109535
0.108867
0.109009
0.107092
0.106422
0.111767
0.160758
0.161697
0.152317
0.170172
0.176580
0.162267
0.174224
0.214059
0.151854
0.174222
0.144787
0.145282
0.131577
0.116027
0.111204
0.116167
0.111416
0.110715
0.115471
0.120529
0.119545
0.150685
0.167219
0.149946
0.145276
0.153181
0.180305
0.162706
0.171388
0.152886
0.163741
0.123019
0.121688
0.106655
0.106145
0.109857
0.115321
0.113292
0.114826
0.110120
0.113214
0.112582
0.099390
0.111604
0.112418
0.109267
0.111047
0.103903
0.129924
0.154509
0.127462
0.133073
0.128255
0.148222
0.136091
0.133676
0.154604
0.119825
0.125409
0.128579
0.122639
0.127524
0.129217
0.116636
0.142706
0.117004
0.119308
0.124221
0.142567
0.156667
0.162531
0.173994
0.113698
0.133545
0.130522
0.127098
0.131754
0.130990
0.126172
0.151136
0.109165
0.120933
0.120312
0.117466
0.116898
0.110399
0.109708
0.108927
0.112115
0.109368
0.108023
0.135005
0.144035
0.145172
0.131455
0.134941
0.160923
0.131425
0.122644
0.138758
0.112141
0.120852
0.112525
0.141510
0.103270
0.130418
0.102918
0.125283
0.137374
0.114304
0.121791
0.128753
0.122670
0.140352
0.118595
0.134889
0.152225
0.118919
0.120226
0.102926
0.091385
0.096293
0.099219
0.095576
0.095148
0.098907
0.097666
0.138639
0.106694
0.108632
0.106808
0.110136
0.107974
0.115728
0.122432
0.108822
0.115853
0.131261
0.105874
0.101142
0.111138
0.103681
0.095289
0.134451
0.127719
0.113871
0.103864
0.120192
0.108317
0.108578
0.103334
0.112808
0.104639
0.100857
0.105074
0.100637
0.106237
0.133737
0.143609
0.101919
0.106198
0.107980
0.106128
0.109877
0.113537
0.119687
0.115323
0.112320
0.106527
0.106144
0.116211
0.130551
0.121422
0.124244
0.132144
0.107704
0.111684
