0.011070
0.099704
0.100444
0.102682
0.103543
0.099685
0.099371
0.099403
0.099730
0.100985
0.092290
0.105042
0.106538
0.106476
0.105474
0.106233
0.102231
0.103492
0.284206
0.105249
0.105282
0.115479
0.105130
0.110852
0.106524
0.109541
0.108223
0.105581
0.116297
0.103678
0.105112
0.114909
0.104644
0.102451
0.102336
0.104011
0.105638
0.106910
0.102467
0.087554
0.079649
0.077163
0.125052
0.105753
0.090487
0.088918
0.089204
0.089419
0.089997
0.089175
0.090477
0.088974
0.088413
0.085524
0.088532
0.085459
0.086742
0.090988
0.088843
0.087826
0.085763
0.095683
0.098341
0.104797
0.104040
0.105699
0.104570
0.103773
0.101684
0.104973
0.105229
0.102697
0.103859
0.105632
0.099774
0.101279
0.100386
0.101358
0.101741
0.101284
0.101721
0.101525
0.106800
0.104119
0.109168
0.103155
0.101871
0.104566
0.102986
0.103732
0.104100
0.105165
0.101854
0.102610
0.102793
0.102272
0.102418
0.102331
0.101971
0.104035
0.102087
0.096565
0.080960
0.077590
0.078576
0.084011
0.109137
0.118301
0.089539
0.092621
0.099400
0.088392
0.090624
0.088868
0.088228
0.085215
0.090183
0.086046
0.094808
0.087612
0.098301
0.103641
0.111366
0.103650
0.104618
0.106859
0.112900
0.110703
0.108426
0.104321
0.111969
0.099139
0.100366
0.099113
0.098468
0.100451
0.100814
0.103880
0.108700
0.106386
0.105171
0.104146
0.104650
0.104441
0.105980
0.105440
0.103650
0.103740
0.103874
0.101589
0.102576
0.106971
0.104332
0.105856
0.108801
0.105460
0.105889
0.107154
0.106207
0.104833
0.107673
0.107446
0.102362
0.103310
0.105489
0.105467
0.103681
0.109279
0.101664
0.105460
0.103634
0.105624
0.106350
0.102164
0.105392
0.105945
0.104315
0.117411
0.103910
0.096023
0.112675
0.106439
0.101189
0.101743
0.102185
0.098795
0.090533
0.086090
0.085285
0.086720
0.091090
0.096561
0.102328
0.111235
0.106985
0.103898
0.105096
0.103747
0.107062
0.104651
0.104630
0.106445
0.107280
0.108020
0.104210
0.103149
0.105977
0.107759
0.104613
0.106794
0.107404
0.102613
0.106927
0.101663
0.105186
0.104708
0.106429
0.104065
