0.017909
3.281481
0.093399
0.106414
0.107390
0.106231
0.106655
0.104107
0.103183
0.103490
0.117549
0.108129
0.125792
0.120400
0.126875
0.124472
0.138381
0.115485
0.119557
0.107147
0.114540
0.107930
0.113316
0.110516
0.109854
0.106574
0.127966
0.126410
0.114019
0.114866
0.115843
0.104814
0.110041
0.124548
0.120200
0.126119
0.126827
0.139302
0.122763
0.116381
0.157744
0.122216
0.125099
0.143166
0.136576
0.131396
0.129726
0.118319
0.121113
0.128461
0.121457
0.120017
0.136210
0.119972
0.125978
0.128907
0.151024
0.131153
0.120050
0.121795
0.119359
0.129340
0.131232
0.143654
0.135229
0.138069
0.113837
0.151247
0.121813
0.109557
0.112080
0.110200
0.114605
0.139104
0.109747
0.106263
0.121582
0.108540
0.124954
0.121945
0.131415
0.116172
0.115525
0.108940
0.113457
0.122101
0.137435
0.118199
0.106973
0.105368
0.121291
0.112770
0.115183
0.106429
0.123471
0.105821
0.115506
0.119384
0.113278
0.114041
0.117462
0.123300
0.147475
0.126571
0.112639
0.131804
0.109675
0.125464
0.113372
0.115678
0.117232
0.118349
0.112482
0.122143
0.127603
0.118137
0.115871
0.116695
0.116309
0.112186
