0.019818
0.128339
0.143239
0.135725
0.137468
0.121833
0.137663
0.134417
0.123802
0.132433
0.118284
0.131308
0.120867
0.125766
0.122268
0.130338
0.118239
0.125389
0.123195
0.118879
0.124767
0.127796
0.118272
0.113556
0.113185
0.114309
0.123684
0.114777
0.126812
0.124936
0.121287
0.116039
0.130662
0.140069
0.120364
0.141650
0.127184
0.112799
0.124814
0.117880
0.122829
0.123853
0.122497
0.127940
0.111685
0.125885
0.121820
0.117665
0.138153
0.191261
0.122868
0.129494
0.140398
0.132245
0.123432
0.120093
0.146380
0.118265
0.122681
0.156811
0.116642
0.138021
0.122887
0.137680
0.113084
0.110626
0.113757
0.116826
0.123268
0.144178
0.121558
0.140065
0.127080
0.112790
0.115787
0.118209
0.126010
0.118517
0.144058
0.139324
0.134699
0.136965
0.162825
0.154556
0.136534
0.133179
0.176134
0.146779
0.120892
0.116574
0.115775
0.117162
0.112309
0.140453
0.130522
0.135298
0.143885
0.138229
0.128199
0.146426
0.156398
0.142713
0.157308
0.138953
0.114542
0.119278
0.120823
0.120129
0.110538
0.118329
0.113023
0.116268
0.116705
0.161315
0.147572
0.122736
0.133238
0.112387
0.121964
0.110749
0.110309
0.116552
0.117846
0.121653
0.110253
0.145242
