0.023949
0.136719
0.135696
0.125026
0.107862
0.120788
0.112643
0.123882
0.111903
0.122077
0.114159
0.110988
0.143510
0.098229
0.125305
0.122702
0.114843
0.115127
0.114820
0.136922
0.117267
0.113038
0.111547
0.112219
0.121950
0.119500
0.124715
0.113719
0.116175
0.121586
0.112489
0.129312
0.125253
0.119520
0.107439
0.148736
0.103904
0.116176
0.111139
0.110690
0.123111
0.136977
0.130852
0.120398
0.124587
0.116091
0.104706
0.128154
0.127741
0.139729
0.128990
0.130772
0.132986
0.134389
0.116319
0.118865
0.120445
0.109769
0.113158
0.119081
0.120468
0.126742
0.116082
0.126475
0.121822
0.131440
0.128682
0.120010
0.110516
0.127695
0.111571
0.117479
0.118232
0.137299
0.142985
0.122279
0.115419
0.118785
0.110762
0.111482
0.114498
0.131942
0.115292
0.120977
0.134029
0.126844
0.102313
0.106815
0.118417
0.117146
0.137276
0.117260
0.118163
0.168942
0.132344
0.171626
0.157148
0.138899
0.140466
0.170117
0.153231
0.123664
0.136151
0.138285
0.113191
0.125880
0.121791
0.145026
0.143625
0.126518
0.129833
0.150542
0.136241
0.144362
0.134612
0.163889
0.122590
0.122950
0.118541
0.135450
0.127239
0.151918
0.118138
0.126753
0.164858
0.155136
0.116975
0.118416
0.117595
