559	325	68	143
534	327	71	140
516	330	71	141
498	332	69	141
485	332	71	144
473	333	71	144
465	334	71	142
457	337	73	140
450	336	75	142
445	339	72	143
440	343	70	142
435	347	69	141
430	350	68	139
428	354	66	139
425	355	62	142
420	352	64	147
414	350	66	152
409	350	68	148
404	349	77	152
405	352	77	144
406	353	76	143
405	359	71	140
407	361	69	140
407	365	66	138
409	368	65	139
408	371	64	135
405	368	68	140
402	368	72	140
401	369	77	140
398	368	82	139
397	369	83	139
396	371	82	138
397	375	76	136
396	378	74	134
397	381	69	132
396	381	67	136
395	380	66	137
394	381	66	141
393	379	75	146
389	377	76	148
387	375	76	150
385	379	77	146
383	379	84	147
384	383	82	144
383	386	83	142
380	389	77	144
377	388	81	144
376	388	82	147
370	388	84	150
365	385	86	153
361	385	88	156
356	385	95	157
352	386	94	161
346	387	99	161
342	390	98	164
338	393	103	162
334	395	100	160
330	396	101	160
324	400	100	157
318	402	103	159
311	404	104	158
306	409	101	155
300	412	104	156
294	412	106	159
282	414	104	157
274	415	103	155
265	415	101	156
254	417	107	158
245	418	117	159
235	423	114	156
227	426	122	156
215	429	119	158
208	432	111	153
196	436	111	151
188	436	108	155
178	437	108	159
165	442	95	151
159	445	89	164
148	451	98	162
141	454	106	165
130	458	115	165
125	465	105	160
113	471	85	136
101	473	74	118
92	473	81	125
83	470	82	125
75	473	88	138
68	469	96	169
63	473	101	174
56	478	104	171
50	485	96	166
45	487	92	165
40	490	89	165
37	490	87	167
29	490	89	167
22	489	92	169
16	489	94	166
8	491	96	163
2	494	96	160
0	498	92	158
0	503	82	150
0	503	79	151
0	508	73	149
0	504	70	153
0	506	72	149
0	500	68	152
0	506	65	143
0	506	62	138
0	508	60	134
0	506	56	133
0	509	53	135
0	511	50	130
0	507	48	141
0	506	49	140
0	508	55	136
0	511	52	133
0	511	56	130
0	519	48	113
0	517	51	120
0	517	52	120
0	515	53	120
0	518	54	114
0	520	58	113
0	516	56	115
0	510	55	122
0	508	56	123
0	502	57	130
0	499	62	137
0	499	66	139
0	498	59	131
0	492	63	130
0	494	49	116
0	492	54	120
0	492	56	118
0	490	67	138
0	489	78	143
3	484	82	151
5	483	87	152
8	483	89	153
11	483	90	154
16	483	91	154
20	483	93	154
26	482	91	155
33	485	89	150
38	486	89	152
45	487	87	152
49	488	88	151
54	488	91	148
59	487	91	137
65	486	95	150
79	479	90	149
86	481	84	137
98	473	74	119
110	469	95	165
128	470	87	165
139	467	85	161
155	464	85	163
173	463	82	160
184	457	79	158
193	453	81	159
201	451	78	158
208	448	78	159
217	447	77	157
224	445	78	157
232	444	81	159
240	448	81	154
244	447	81	154
249	445	82	157
254	443	83	161
259	438	85	164
268	437	82	160
276	433	82	164
282	429	83	162
293	426	81	165
302	424	80	167
312	424	81	171
323	425	76	168
332	423	76	165
342	420	74	165
352	419	70	163
359	415	71	167
366	413	71	166
371	410	72	167
378	410	74	167
386	408	75	165
393	411	73	158
400	410	74	155
411	405	75	157
418	404	74	156
427	398	77	164
439	392	77	167
449	386	79	171
459	381	78	175
473	379	76	174
483	378	79	171
496	379	76	162
505	380	81	157
518	381	78	152
529	378	79	149
541	376	78	150
552	371	81	153
564	369	83	150
576	364	83	148
587	361	80	149
599	358	79	154
609	359	78	148
621	360	77	140
634	359	74	136
643	358	73	139
656	358	72	131
667	355	72	135
681	352	70	135
695	351	65	129
713	349	60	124
723	347	62	123
728	345	66	125
739	346	64	122
750	347	63	120
749	347	73	119
767	347	65	119
778	348	65	109
780	341	71	127
792	341	69	119
807	338	64	121
819	335	61	120
824	333	66	123
836	335	65	118
838	336	69	118
852	338	64	116
862	339	66	117
872	339	66	117
880	338	69	117
886	338	72	117
900	336	67	119
910	337	67	119
919	337	66	116
930	339	63	116
935	341	65	114
940	342	68	114
947	341	68	115
957	342	64	116
964	344	63	115
972	345	61	115
979	345	60	112
982	344	65	116
993	344	60	115
1001	345	60	116
1001	347	65	118
1016	348	59	118
1017	352	63	113
1028	353	57	112
1033	353	60	116
1038	356	60	112
1045	355	60	115
1049	355	61	115
1053	356	62	119
1058	357	63	120
1063	357	63	122
1067	359	63	121
1072	362	63	120
1078	364	64	119
1085	367	60	116
1090	370	59	116
1094	369	59	116
1098	372	59	115
1101	373	62	116
1105	374	64	119
1107	375	65	122
1111	376	68	123
1116	378	67	127
1119	381	70	123
1126	384	68	125
1133	388	68	120
1139	391	66	119
1144	393	66	118
1149	394	65	120
1155	395	63	121
1157	396	66	126
1161	399	66	126
1165	399	65	131
1168	400	65	131
1172	404	64	128
1175	408	64	130
1179	409	63	131
1182	411	63	130
1185	412	63	129
1187	414	62	127
1190	416	65	128
1189	416	68	132
1192	419	68	135
1193	418	68	140
1195	421	69	139
1195	424	67	137
1195	428	68	131
1197	429	71	137
1195	435	70	128
1199	434	72	135
1197	437	68	128
1201	435	71	137
1197	438	72	134
1196	438	71	136
1196	439	73	138
1196	441	74	139
1195	443	74	139
1194	446	72	138
1190	446	75	142
1187	450	77	142
1183	450	77	142
1182	453	75	140
1178	454	77	144
1175	456	77	141
1170	458	78	141
1166	459	79	141
1162	460	80	143
1156	462	83	144
1155	463	83	144
1153	465	81	150
1146	463	85	156
1142	465	85	161
1139	473	83	146
1133	472	87	157
1129	476	86	146
1124	480	87	144
1116	484	90	143
1112	488	88	136
1105	490	91	138
1099	494	93	132
1093	496	96	136
1087	499	97	141
1080	502	98	146
1071	504	102	152
1066	504	102	153
1058	507	106	151
1053	509	108	150
1046	514	111	147
1042	518	112	146
1039	522	110	149
1034	525	113	158
1030	528	113	164
1025	531	114	170
1020	532	114	173
1018	539	112	168
1016	544	110	165
1013	547	110	163
1008	549	112	165
1003	551	115	163
1002	551	115	166
995	552	121	166
994	552	121	165
1005	555	109	160
1001	558	111	161
995	562	113	156
994	563	111	154
997	568	104	150
1000	572	98	146
1007	576	91	141
1009	575	89	140
1004	574	93	140
998	576	97	142
996	573	100	146
994	572	103	147
998	572	100	147
1000	571	95	145
996	570	99	149
995	573	97	146
996	574	92	144
997	576	89	143
997	574	88	145
1000	569	82	147
995	565	88	151
994	561	86	156
993	556	89	160
991	553	88	165
988	552	87	165
988	551	88	165
989	550	86	164
988	550	83	162
986	549	87	165
986	549	88	159
985	543	95	162
978	539	99	172
978	537	106	174
982	534	102	173
985	532	104	172
993	530	97	170
995	527	95	166
995	528	97	165
995	529	95	162
985	528	100	163
981	524	106	167
988	518	102	174
991	513	100	175
998	511	97	166
998	504	100	168
1005	498	96	161
1006	493	97	171
1009	490	98	170
1007	488	98	174
1010	487	99	168
1021	486	91	161
1033	488	82	151
1029	485	91	157
1020	478	105	167
1029	476	96	166
1028	474	104	166
1030	469	105	170
1051	467	91	166
1049	467	98	162
1053	468	100	159
1058	467	99	160
1060	467	100	158
1061	467	103	154
1057	461	108	159
1063	456	103	159
1066	449	104	162
1073	444	100	159
1074	439	105	161
1078	435	106	165
1081	437	107	164
1087	436	107	165
1092	439	103	163
1094	439	106	162
1101	441	106	159
1113	442	100	156
1119	440	100	159
1123	440	102	163
1134	440	98	160
1133	440	106	168
1136	440	104	169
1142	442	99	167
1135	444	109	169
1136	446	107	167
1142	450	101	161
1150	451	98	162
1154	451	100	163
1159	452	95	162
1160	453	94	163
1162	452	96	167
1161	452	99	167
1159	454	103	171
1156	454	108	176
1155	457	108	178
1155	458	108	179
1151	460	111	179
1147	463	117	178
1143	463	121	180
1143	465	121	179
1141	471	122	172
1140	474	125	175
1141	476	123	175
1144	479	120	178
1144	481	118	176
1146	485	115	179
1140	488	120	188
1137	491	121	191
1133	496	124	199
1128	499	126	202
1123	502	127	203
1121	506	126	202
1117	511	125	201
1112	514	129	200
1100	515	138	200
1094	515	137	198
1086	512	142	205
1080	516	144	200
1072	514	146	199
1060	508	154	203
1072	507	137	205
1033	508	171	208
1034	502	157	213
1025	497	161	216
1015	490	164	218
1007	483	163	224
1005	478	156	227
995	474	161	231
988	474	163	235
974	474	168	236
965	473	166	238
969	475	156	237
957	479	156	231
940	485	161	229
915	488	176	229
905	487	173	230
894	490	174	228
886	490	170	227
886	492	152	224
880	493	150	221
877	490	141	228
865	485	136	229
846	480	139	233
835	483	137	231
817	479	136	235
798	485	139	229
793	482	131	227
765	482	141	233
751	484	148	229
730	481	157	235
720	479	161	238
699	473	161	242
695	466	157	244
674	464	157	240
658	462	154	237
638	462	154	236
625	462	149	235
612	462	143	235
594	463	139	234
579	462	131	231
567	456	121	238
549	451	121	244
526	446	121	248
506	440	129	246
487	431	136	243
468	423	144	239
456	419	136	232
439	417	134	232
425	411	126	228
412	406	127	230
400	399	126	231
386	396	127	228
372	390	131	225
358	387	131	226
345	383	131	222
332	382	133	224
323	380	139	222
312	383	138	215
305	385	138	212
297	394	135	204
288	399	127	196
279	402	125	195
267	405	123	193
255	404	120	197
244	401	119	201
238	398	119	202
227	393	126	206
219	390	126	211
211	389	127	212
206	391	127	206
198	392	122	198
194	394	111	188
190	395	111	181
185	393	119	180
172	394	106	167
168	393	111	166
161	389	112	169
154	387	110	167
146	383	115	172
138	378	108	167
135	377	113	164
128	372	112	171
124	374	106	166
121	375	94	156
115	375	92	150
111	373	93	149
107	370	89	152
100	370	90	145
95	368	89	140
91	365	83	132
85	364	88	122
82	360	95	130
80	359	104	131
78	359	105	128
77	358	108	127
75	356	111	128
72	356	109	127
69	354	108	123
67	353	96	119
63	349	99	121
60	345	97	120
57	342	83	115
54	345	79	109
54	345	105	120
52	346	97	119
53	347	97	117
49	348	105	120
48	348	104	119
42	348	110	123
41	348	104	122
37	349	106	125
38	349	96	131
33	352	96	129
31	354	94	132
31	360	88	130
30	364	90	125
32	368	88	120
30	372	86	116
29	375	86	119
25	374	91	117
24	375	92	123
25	377	94	136
24	378	95	149
21	381	98	154
21	387	99	159
22	391	96	162
21	396	95	157
23	397	95	157
25	401	90	154
30	403	87	156
31	406	88	153
35	406	90	161
40	409	94	170
41	408	98	171
46	411	101	176
52	412	103	182
58	420	104	173
63	423	108	174
67	427	111	174
75	431	104	173
84	436	106	176
89	441	111	182
99	445	113	184
104	449	126	194
115	455	128	196
129	463	126	190
140	476	134	190
153	489	144	193
171	502	138	182
181	512	147	181
194	522	153	176
208	532	158	173
