0.047186
0.151294
0.126126
0.171471
0.151880
0.134637
0.153764
0.126969
0.137501
0.141959
0.169124
0.141852
0.106120
0.107191
0.115921
0.118932
0.137514
0.107123
0.114689
0.114866
0.115506
0.126953
0.124585
0.128993
0.160334
0.163527
0.159580
0.166333
0.153256
0.163988
0.163214
0.152389
0.171030
0.146470
0.128363
0.118837
0.112778
0.112343
0.109825
0.111481
0.147358
0.148244
0.155042
0.168352
0.177756
0.171726
0.155397
0.167497
0.146055
0.154215
0.152400
0.140139
0.112774
0.121846
0.140185
0.115839
0.118504
0.117579
0.129393
0.114338
0.129975
0.123212
0.124343
0.122672
0.124949
0.135204
0.129635
0.138090
0.159332
0.148432
0.128508
0.135564
0.149427
0.129435
0.128296
0.123936
0.134081
0.128801
0.150805
0.134807
0.126865
0.108515
0.112080
0.137589
0.127576
0.112315
0.114812
0.112100
0.111327
0.117833
0.144149
0.140478
0.135326
0.120176
0.165854
0.141926
0.130303
0.124436
0.121401
0.131139
0.124753
0.132842
0.118697
0.125617
0.131277
0.141076
0.145626
0.139800
0.130302
0.136433
0.124945
0.135751
0.113583
0.115646
0.119259
0.117292
0.136835
0.124306
0.131892
0.136447
0.113001
0.118753
0.132738
0.121083
0.134585
0.126857
0.123636
0.123059
0.140476
0.141613
0.135144
0.129107
0.149494
0.119919
0.138653
0.124159
0.116172
0.114286
0.132483
0.130676
0.130944
0.135747
0.143192
0.148985
0.171541
0.159649
0.143010
0.123535
0.124635
0.146891
0.132314
0.118984
0.116315
0.112621
0.112085
0.114739
0.117892
0.127378
0.133713
0.163037
0.152720
0.161443
0.155607
0.147634
0.137693
0.141951
0.130940
0.127316
0.115552
0.115664
0.116189
0.115335
0.121160
0.114603
0.179954
0.121752
0.129887
0.141407
0.129570
0.123306
0.132119
0.145021
0.121336
0.112433
0.116878
0.116912
0.111185
0.111976
0.116955
0.127952
0.129820
0.122758
0.123615
0.121961
0.120299
0.118588
0.137055
0.154413
0.129497
0.139835
0.186504
0.126383
0.131940
0.140597
0.169146
0.143958
0.132367
0.143490
0.127536
0.135790
0.117785
0.119594
0.105807
0.118134
0.112225
0.126153
0.113222
0.127437
0.132195
0.120867
0.109263
0.099113
0.103664
0.104639
0.147689
0.122831
0.150821
0.150578
0.119573
0.095012
0.108831
0.110503
0.113157
0.113515
0.092860
0.124032
0.103732
0.100177
0.110223
0.107542
0.136575
0.123866
0.125401
0.142926
0.163483
0.146735
0.135066
0.124566
0.111370
0.108755
0.104734
0.107833
0.095666
0.100365
0.093021
0.141477
0.120156
0.093719
0.112804
0.090930
0.104120
0.093252
0.102311
0.090774
0.090796
0.102708
0.128596
0.123574
0.129927
0.130723
0.143758
0.098653
0.123728
0.115907
0.109252
0.090665
0.089330
0.091447
0.090413
0.099353
0.090876
0.089430
0.094188
0.138938
0.118754
0.117224
0.112976
0.141770
0.120522
0.126088
0.137966
0.131939
0.120882
0.093523
0.099533
0.096411
0.109471
0.101579
0.096971
0.096425
0.114546
0.095812
0.103657
0.102652
0.108550
0.110854
0.121065
0.117417
0.109766
0.124532
0.112612
0.118962
0.125637
0.111546
0.112670
0.107589
0.128479
0.108137
0.099252
0.100025
0.141605
0.104965
0.101307
0.100520
0.118347
0.116714
0.099887
0.127246
0.130574
0.103469
0.100608
0.122205
0.099030
0.117700
0.100684
0.106968
0.100137
0.097474
0.106582
0.126770
0.111418
0.112447
0.122869
0.113966
0.120068
0.141377
0.129900
0.106468
0.106271
0.108936
0.110806
0.108096
0.100192
0.122347
0.103969
0.103019
0.116769
0.137726
0.108152
0.108660
0.107457
0.098938
0.105416
0.096097
0.107205
0.124690
0.120295
0.149061
0.145108
0.121303
0.132200
0.119819
0.141944
0.138429
0.143480
0.116071
0.129794
0.139584
0.146363
0.132529
0.131189
0.117437
0.127113
0.110308
0.138671
0.121294
0.126009
0.117316
0.123981
0.124909
0.127524
0.132760
0.141035
0.142204
0.127173
0.124529
0.160257
0.123442
0.136371
0.140676
0.144095
0.148116
0.138702
0.147542
0.145002
0.126071
0.126129
0.112035
0.111602
0.119791
0.140895
0.113271
0.109911
0.114057
0.106557
0.144834
0.146077
0.162076
0.133706
0.168368
0.133008
0.150904
0.136321
0.150752
0.153774
0.146080
0.113702
0.118296
0.133613
0.134288
0.129117
0.122914
0.141571
0.157388
0.121382
0.143638
0.125565
0.149230
0.144612
0.130165
0.127116
0.119386
0.119740
0.194642
0.188308
0.131227
0.116673
0.102935
0.098841
0.118775
0.129073
0.123389
0.135910
0.158282
0.166757
0.157990
0.150766
0.140123
0.160279
0.149930
0.165174
0.162597
0.123636
0.131757
0.147526
0.106990
0.112987
0.130884
0.114887
0.111947
0.132404
0.153158
0.122836
0.154611
0.132111
0.137117
0.134839
0.119253
0.139891
0.134625
0.142165
0.149422
0.143472
0.153142
0.167412
0.124185
0.118232
0.122944
0.134136
0.137244
0.134578
0.148152
0.145652
0.168832
0.158241
0.190585
0.159486
0.176461
0.159683
0.142985
0.162692
0.139661
0.125019
0.141173
0.127208
0.145155
0.140446
0.132663
0.150656
0.209555
0.144961
0.175484
0.126233
0.129782
0.141026
0.132675
0.123384
0.125945
0.175965
0.125457
0.140055
0.142920
0.142380
0.141707
0.136323
0.197742
0.132882
0.127667
0.145268
0.153501
0.134235
0.150635
0.142325
0.142941
0.133156
0.134680
0.136274
0.131908
0.128850
0.156734
0.121333
0.132608
0.137126
0.120818
0.143434
0.126842
0.123027
0.129544
0.128657
0.133630
0.119783
0.120818
0.123030
0.116948
0.131581
0.141731
0.158371
0.131562
0.137423
0.141689
0.149764
0.153450
0.147866
0.128314
0.104478
0.105493
0.118155
0.121401
0.138585
0.149128
0.138164
0.137571
0.124546
0.136235
0.140522
0.133120
0.135691
0.125500
0.125863
0.119053
0.114105
0.137394
0.120776
0.118469
0.118526
0.118687
0.120194
0.118340
0.124724
0.116602
0.123052
0.109155
0.120292
0.146237
0.122957
0.141530
0.148981
0.143686
0.141536
0.142689
0.130135
0.127010
0.124062
0.118480
0.117360
0.138972
0.146539
0.137143
0.161882
0.133893
0.134038
0.125942
0.154250
0.154944
0.138485
0.133853
0.130596
0.121717
0.119523
