0.024856
0.115737
0.125125
0.119528
0.131592
0.130020
0.157505
0.132851
0.115448
0.150676
0.133079
0.122658
0.126078
0.136204
0.134679
0.130552
0.141866
0.121815
0.152177
0.130763
0.149748
0.136471
0.135728
0.126576
0.135755
0.131793
0.149177
0.126353
0.124314
0.128792
0.121441
0.125810
0.115291
0.139747
0.131499
0.166815
0.150436
0.126097
0.163182
0.147890
0.134761
0.131037
0.123753
0.120455
0.128100
0.127475
0.138263
0.119229
0.123438
0.107345
0.104288
0.114710
0.117761
0.118696
0.113261
0.137785
0.135545
0.143211
0.142453
0.114947
0.128159
0.149226
0.169086
0.123235
0.130489
0.141720
0.125303
0.114189
0.149799
0.134363
0.136920
0.133024
0.138589
0.140026
0.132804
0.140861
0.123422
0.109783
0.110584
0.118200
0.188958
0.146037
0.107509
0.157838
0.123132
0.115100
0.136438
0.118749
0.127264
0.115769
0.155213
0.136053
0.136598
0.121821
0.136444
0.151543
0.136351
0.127719
0.137684
0.127242
0.123800
0.125728
0.122363
0.116457
0.129844
0.128377
0.130206
0.134037
0.130665
0.142731
0.135838
0.141492
0.131943
0.120255
0.117471
0.116844
0.118005
0.112230
0.114784
0.126096
0.124760
0.117043
0.112384
0.129760
0.117360
0.114917
0.117892
0.127005
0.119413
0.135734
0.115938
0.126602
0.121043
0.139551
0.156196
0.116194
0.114157
0.111278
0.105133
0.107091
0.112819
0.102858
0.107809
0.106687
0.094183
0.129843
0.115230
0.123065
0.100361
0.099520
0.120813
0.098082
0.108875
0.096675
0.127408
0.110379
0.108809
0.116163
0.109648
0.109239
0.104491
0.107914
0.100807
0.098629
0.154122
0.145084
0.107843
0.112772
0.102552
0.101435
0.101524
0.120784
0.106528
0.103256
0.106214
0.103468
0.118309
0.103747
0.120098
0.144647
0.103690
0.102094
0.122101
0.125702
0.145477
0.116629
0.110634
0.104325
0.118409
0.102444
0.111322
0.091756
0.112962
0.129197
0.110131
0.118442
0.118600
0.103848
0.119215
0.107563
0.094815
0.102402
0.097981
0.101749
0.106543
0.110348
0.102309
0.105861
0.104998
0.107895
0.108700
0.104608
0.098027
0.108541
0.112430
0.114730
0.115299
0.108787
0.117750
0.107655
0.107114
0.118121
0.119799
0.106523
0.118555
0.092412
0.104545
0.109708
0.101357
0.111125
0.092618
0.101652
0.141305
0.128172
0.099955
0.120353
0.130655
0.117781
0.114077
0.153142
0.149734
0.119435
0.126434
0.140876
0.138687
0.142475
0.136934
0.120040
0.124707
0.151551
0.119871
0.122202
0.117239
0.133087
0.137415
0.145779
0.129255
0.132706
0.139796
0.130921
