0.033133
0.099634
0.104497
0.101597
0.105822
0.103041
0.103137
0.115051
0.106783
0.111531
0.110536
0.101244
0.112520
0.111033
0.122374
0.126537
0.113704
0.093278
0.129773
0.139101
0.098709
0.099061
0.098701
0.096997
0.109014
0.094632
0.097120
0.095101
0.099697
0.136824
0.112836
0.104316
0.109690
0.102553
0.100438
0.101787
0.100304
0.119278
0.103474
0.107031
0.105071
0.100500
0.106398
0.114235
0.113372
0.102094
0.114190
0.112462
0.107536
0.107761
0.106831
0.100791
0.100868
0.091886
0.097655
0.099195
0.105086
0.119759
0.104981
0.109185
0.103913
0.123292
0.121103
0.136996
0.121660
0.139829
0.146463
0.136979
0.102036
0.105419
0.100824
0.108731
0.097935
0.108546
0.101305
0.130653
0.115272
0.112989
0.130735
0.135028
0.130406
0.131246
0.125020
0.123707
0.115989
0.118871
0.096470
0.102519
0.096246
0.102016
0.095262
0.098221
0.111921
0.120501
0.097724
0.096126
0.098274
0.097828
0.104152
0.091377
0.118000
0.109245
0.105663
0.128188
0.116905
0.130153
0.124048
