0.009170
0.129132
0.118289
0.118757
0.120420
0.114443
0.119721
0.116217
0.126459
0.119281
0.114833
0.127933
0.120514
0.120132
0.118646
0.114642
0.114504
0.117547
0.135991
0.120395
0.138133
0.117194
0.119151
0.119189
0.138562
0.115560
0.120155
0.129777
0.122962
0.133128
0.117231
0.120905
0.123641
0.117412
0.133958
0.141997
0.149639
0.129335
0.124329
0.120485
0.136620
0.131851
0.114741
0.123524
0.114683
0.131731
0.113626
0.118091
0.125873
0.142364
0.136541
0.141608
0.138459
0.130780
0.135178
0.123539
0.118507
0.108916
0.110003
0.115290
0.111390
0.131555
0.123695
0.141232
0.139214
0.120402
0.135196
0.116438
0.113804
0.112440
0.122965
0.123722
0.121632
0.128226
0.139348
0.139934
0.131674
0.157533
0.153323
0.130654
0.147805
