0.009760
0.111825
0.106954
0.107038
0.114060
0.098924
0.121877
0.119999
0.114954
0.102333
0.118805
0.114712
0.130664
0.124477
0.117917
0.099373
0.108240
0.112768
0.111718
0.108111
0.110831
0.112647
0.123300
0.123852
0.122285
0.124112
0.121389
0.135919
0.108189
0.117856
0.110860
0.091125
0.105115
0.085680
0.092990
0.095792
0.092782
0.094617
0.089597
0.113220
0.112841
0.111159
0.115394
0.100600
0.098508
0.119388
0.129560
0.115715
0.110760
0.117537
0.109782
0.094101
0.319232
0.108167
0.122740
0.108601
0.111369
0.099322
0.101216
0.091584
0.099407
0.111816
0.116899
0.139449
0.154010
0.137039
0.113080
0.130165
0.134821
0.129497
0.126145
0.109025
0.110191
0.112072
0.115214
0.109147
0.120860
0.132608
0.122937
0.130145
0.149662
0.128135
0.144439
0.124650
0.137693
0.117701
0.124369
0.103672
0.098666
0.112980
0.133106
0.163429
0.110704
0.112137
0.107186
0.109045
0.116901
0.121084
0.129743
0.126202
0.124449
0.124613
0.122245
0.128705
0.137577
0.126698
0.138346
0.131742
0.112826
0.112855
0.111923
0.114891
0.113377
0.145921
0.134334
0.131160
0.120509
0.128891
0.108629
0.119527
0.141066
0.124398
0.108085
0.107836
0.117826
0.144062
0.120051
0.122122
0.122436
0.102118
0.123196
0.132530
0.113393
0.116766
0.130581
0.124787
0.129651
0.106398
0.115208
0.113515
0.109987
0.115891
0.140633
0.118860
0.115787
0.110486
0.121070
0.140589
0.119444
0.112387
0.114742
0.124634
0.128646
0.147472
0.129743
0.141288
0.137232
0.142185
0.129341
0.134675
0.110317
0.114274
0.107010
0.111052
0.108775
0.109326
0.120483
0.119238
0.107974
0.123600
0.122199
0.126373
0.122775
0.121615
0.125624
0.157043
0.136081
0.123868
0.114573
0.111307
0.123865
0.121438
0.118648
0.126848
0.123036
0.116939
0.130831
0.108092
0.133979
0.114682
0.116705
0.115604
0.111125
0.138206
0.129967
0.124684
0.115949
0.118662
0.122864
0.132289
0.137446
0.128008
0.107643
0.113152
0.124697
0.112691
0.111905
0.120578
0.118302
0.129766
0.123038
