0.018569
0.105836
0.098569
0.100258
0.113237
0.102855
0.100451
0.103614
0.100798
0.098771
0.102308
0.102684
0.100959
0.109255
0.105447
0.111930
0.113512
0.101522
0.101493
0.100981
0.116392
0.101257
0.103993
0.111566
0.111228
0.110443
0.109058
0.109114
0.109740
0.109452
0.109766
0.106421
0.092987
0.091142
0.092203
0.091626
0.091599
0.093274
0.093700
0.092793
0.096198
0.094300
0.092620
0.104305
0.092562
0.091603
0.092498
0.093047
0.096879
0.093081
0.092703
0.092261
0.094197
0.099624
0.108857
0.108866
0.111037
0.110203
0.111700
0.110027
0.109335
0.109909
0.109531
0.109728
0.110667
0.112488
0.137284
0.114646
0.129647
0.123999
0.111511
0.104850
0.108954
0.121032
0.112080
0.111134
0.109502
0.110942
0.111931
0.109839
0.109745
0.109763
0.109569
0.108466
0.110965
0.109594
0.109386
0.108743
0.109277
0.109113
0.109194
0.108935
0.109102
0.106169
0.113276
0.106960
0.093055
0.093384
0.102195
0.099327
0.097961
0.092237
0.095506
0.093637
0.094947
0.094630
0.095409
0.093130
0.096763
0.088278
0.142904
0.166838
0.110125
0.108778
0.109558
0.107563
0.109300
0.116574
0.118496
0.153826
0.120193
0.134137
0.111244
0.107031
0.107574
0.110615
0.112801
0.112250
0.113668
0.110614
0.110659
0.108598
0.110150
0.108986
0.111146
0.109107
0.109653
0.109246
0.108099
0.109393
0.110116
0.110461
0.110607
0.112187
0.111023
0.111819
0.113345
0.112062
0.111483
0.111594
0.110588
0.109471
0.108919
0.108804
0.109467
0.110231
0.110576
0.108518
0.109143
0.108883
0.109680
0.109344
0.108785
0.109697
0.110561
0.110530
0.107000
0.271475
0.109314
0.106802
0.106327
0.106101
0.105671
0.096012
0.091071
0.089542
0.089055
0.090363
0.094375
0.100779
0.109883
0.109324
0.108001
0.107802
0.108452
0.108356
0.107772
0.106990
0.109251
0.106941
0.112386
0.107935
0.107735
0.107119
0.107933
0.107930
0.108565
0.110075
0.107273
0.107020
0.106900
0.107223
0.107372
0.108088
0.107986
0.107878
0.105047
0.104235
0.103412
0.105194
0.103741
0.100713
0.082735
0.070833
0.071613
0.071213
0.070927
0.070474
0.072041
0.070388
