0.042382
0.139029
0.125648
0.098544
0.120654
0.107281
0.111092
0.106475
0.113951
0.127039
0.143394
0.119424
0.124758
0.128810
0.131286
0.132491
0.132086
0.133153
0.110507
0.123345
0.119813
0.120507
0.125489
0.124691
0.122782
0.166594
0.134572
0.129104
0.126008
0.122379
0.143031
0.139522
0.167580
0.152887
0.130997
0.174018
0.134098
0.163610
0.160127
0.139462
0.153667
0.143096
0.179588
0.202902
0.196510
0.209781
0.211376
0.222447
0.198844
0.201269
0.200969
0.197617
0.188293
0.171830
0.189568
0.191552
0.183704
0.221880
0.226963
0.204458
0.151704
0.177330
0.160612
0.135251
0.128832
0.115551
0.114871
0.118414
0.117955
0.121922
0.122271
0.159119
0.144288
0.132312
0.125214
0.123433
0.136644
0.139443
0.162122
0.144447
