60	587	76	62
43	530	71	64
29	471	74	69
28	407	69	68
32	352	63	63
41	293	63	62
53	243	67	55
64	201	65	54
76	168	65	52
81	147	59	45
83	134	58	44
85	131	57	42
83	143	56	40
84	156	59	39
87	180	57	38
98	200	54	33
110	218	52	36
122	232	52	36
139	248	50	31
154	258	51	31
175	266	50	29
192	272	53	29
216	274	54	30
239	276	52	27
261	276	53	28
281	275	48	28
295	274	50	30
308	272	45	30
320	274	47	29
330	277	42	29
335	282	45	29
341	285	43	32
339	289	39	29
334	294	43	31
325	301	43	29
318	307	44	29
310	314	44	28
303	322	43	29
295	330	45	29
289	335	46	28
286	341	45	27
284	344	44	27
280	347	46	27
278	348	45	30
279	350	43	33
278	356	44	32
277	362	44	31
273	371	47	30
271	373	46	37
271	378	44	37
272	388	40	36
271	398	41	35
278	410	41	34
287	419	43	39
303	431	49	44
322	446	48	45
339	461	54	46
359	477	58	48
382	496	57	47
402	511	61	48
424	528	60	47
444	543	59	46
460	555	63	45
473	566	62	39
485	574	62	38
496	578	63	36
503	580	65	36
510	580	64	38
520	579	66	37
529	576	66	39
543	572	64	41
556	567	60	47
566	551	54	56
569	531	51	58
570	505	53	64
560	482	57	61
548	466	62	51
531	461	67	44
513	461	68	38
493	469	66	37
477	478	53	38
457	491	62	43
442	508	58	47
422	529	59	45
404	544	58	43
383	558	56	39
365	567	52	36
347	574	47	34
324	578	46	34
301	583	50	34
278	585	50	35
259	588	56	36
241	591	59	35
222	587	65	35
213	585	62	34
205	580	57	32
192	570	60	34
184	562	58	32
173	555	60	34
160	553	65	33
151	553	62	32
137	547	66	35
128	540	63	34
118	533	65	33
106	526	67	34
94	520	66	33
84	509	67	35
75	498	64	37
64	485	63	36
54	472	63	39
45	457	63	40
40	442	58	39
32	428	56	37
28	412	56	37
24	402	57	36
29	391	56	38
37	388	60	37
49	391	64	38
71	396	66	41
90	407	71	40
109	412	76	40
132	417	77	39
152	417	78	37
171	412	80	41
186	404	82	44
197	398	87	47
209	392	87	46
219	389	89	47
228	386	91	45
233	382	94	47
242	377	96	52
244	374	101	55
253	370	103	60
257	368	107	62
261	370	110	63
262	369	116	64
263	374	121	58
262	376	128	60
265	380	129	71
266	383	135	79
266	388	143	86
265	400	152	84
265	412	155	82
261	424	162	81
259	430	164	82
255	437	172	87
247	446	181	88
241	455	192	91
234	460	200	101
237	470	193	100
212	477	214	111
198	488	226	111
180	493	228	125
162	495	222	131
141	497	230	148
115	499	241	152
86	505	249	165
66	520	248	169
34	532	257	171
5	549	270	158
9	571	241	137
2	588	234	124
0	590	219	123
2	587	203	125
2	582	199	128
0	581	205	130
0	580	205	130
0	579	216	132
1	582	225	131
0	586	246	125
6	582	256	127
32	591	271	119
76	596	265	115
128	610	253	100
183	620	250	91
230	635	263	79
285	647	259	69
344	661	225	55
388	676	193	41
511	687	93	29
504	607	72	60
483	598	110	95
442	534	200	176
389	219	134	84
452	222	107	62
438	207	108	70
481	203	69	64
499	198	62	61
516	191	67	67
476	183	39	50
444	180	85	57
519	184	107	70
559	183	92	66
577	186	90	75
584	183	48	53
583	192	77	54
604	180	103	79
693	200	46	43
745	208	38	44
702	225	72	41
720	215	87	75
651	163	190	104
658	147	262	128
695	156	272	132
752	170	260	124
784	179	270	138
815	187	280	161
848	218	272	155
887	231	261	155
898	241	274	162
910	242	278	172
925	249	274	176
939	258	268	179
947	257	271	193
956	271	275	196
971	273	276	216
988	295	270	200
1001	305	270	245
1004	318	270	217
1036	334	236	185
1073	351	196	164
1102	358	169	156
1109	380	93	104
1153	387	71	79
1177	388	73	80
1194	390	77	87
1211	392	66	99
1219	407	60	89
1240	424	36	65
1253	434	26	55
1187	393	90	99
1213	482	58	75
1205	478	67	69
1206	467	64	79
1207	461	67	73
1221	451	54	71
1220	438	56	76
1222	426	54	75
1222	418	54	67
1213	408	62	72
1215	402	60	68
1168	385	104	74
1128	366	141	83
1121	360	155	99
1114	360	157	97
1119	357	148	101
1128	373	124	81
1161	367	102	94
1218	320	57	77
1196	303	77	85
1162	292	103	88
1125	281	152	115
1069	260	210	139
1007	255	254	137
948	241	324	152
884	235	336	156
810	224	345	166
748	222	336	162
678	216	340	163
617	216	338	145
564	208	354	151
508	198	329	152
456	200	322	144
397	188	318	159
319	167	355	192
291	172	325	160
232	154	340	186
176	151	346	180
144	149	333	172
84	144	352	190
46	153	341	173
0	153	335	175
3	156	282	163
0	534	98	86
0	534	126	90
1	518	138	108
13	499	160	119
48	483	153	120
92	467	144	110
125	449	154	107
165	432	157	98
199	421	156	90
237	411	147	80
279	395	140	77
320	374	130	85
362	357	114	89
395	342	118	81
422	330	123	75
462	322	118	64
496	321	115	58
524	320	116	55
555	324	113	59
592	325	101	70
612	332	103	67
641	344	95	57
665	356	87	53
682	369	87	52
694	382	73	54
666	384	91	52
670	389	73	58
638	395	78	45
589	398	96	45
558	406	97	48
539	412	98	56
528	417	96	61
532	428	89	51
541	434	80	51
551	442	75	44
561	446	71	45
573	447	63	43
583	448	60	42
590	445	52	49
587	443	55	44
579	434	54	40
564	427	55	40
550	426	55	35
534	421	56	34
517	414	58	40
499	406	57	42
480	395	58	42
463	383	64	44
447	377	64	40
434	365	63	39
423	358	61	38
410	349	66	39
401	347	62	36
392	341	65	37
388	333	62	36
384	329	69	36
387	326	70	35
394	325	69	36
402	324	69	37
404	326	75	36
414	329	76	38
427	333	72	37
436	341	75	38
443	349	74	39
446	361	71	38
449	375	72	40
451	388	76	41
455	401	74	42
453	414	79	41
452	424	80	42
454	435	83	42
452	444	83	43
450	453	86	45
447	463	86	47
442	473	88	49
436	484	92	49
432	490	90	54
425	493	97	55
423	504	100	54
423	510	103	59
424	517	111	64
428	525	113	64
433	534	117	68
438	540	121	68
446	549	123	69
460	549	118	74
467	545	120	82
476	538	114	85
487	530	108	84
492	519	110	84
498	509	103	78
499	497	97	74
501	484	86	72
491	472	90	70
489	451	77	74
475	441	77	67
459	430	79	61
443	420	76	61
428	411	71	57
415	401	70	54
402	396	71	49
393	386	66	47
386	371	63	51
385	357	56	50
377	339	55	55
370	327	50	54
367	314	48	56
359	304	44	55
347	293	45	59
335	286	45	56
329	280	41	54
320	276	41	49
313	276	40	43
304	277	41	38
300	274	37	36
293	274	40	33
293	272	38	33
290	268	38	35
286	266	34	32
283	258	36	33
282	253	37	31
280	247	40	28
279	236	40	34
280	221	40	35
280	202	41	38
287	187	38	36
288	169	41	38
295	156	38	33
294	144	40	32
295	136	38	31
287	126	45	34
287	122	39	31
282	121	38	28
266	120	44	31
257	116	47	35
257	122	46	30
248	126	50	34
263	141	40	34
269	156	44	35
273	174	48	37
284	189	51	40
296	204	50	38
313	218	50	37
322	232	56	38
340	249	54	39
354	266	53	43
376	286	48	41
394	305	45	44
411	326	44	40
426	342	47	39
436	354	53	42
459	362	45	47
477	366	42	47
485	371	49	46
498	371	47	47
507	370	50	46
513	370	51	44
521	369	47	43
522	366	51	45
525	364	46	44
526	366	45	42
520	372	47	41
522	377	41	36
512	382	47	38
512	387	45	37
509	394	44	36
510	403	42	36
504	410	48	39
503	417	49	44
510	426	47	42
517	433	48	40
528	433	50	41
544	439	49	34
563	424	56	57
563	425	57	49
593	417	39	40
604	413	44	37
606	401	54	44
620	394	47	43
625	386	50	43
634	380	43	43
640	379	40	38
642	377	46	38
638	376	61	40
639	378	50	41
631	386	52	40
624	388	62	45
620	391	62	45
610	396	58	45
604	401	62	50
597	408	62	51
589	418	63	47
586	426	55	51
581	439	55	42
571	445	56	42
568	453	53	42
562	459	59	42
556	464	58	40
546	465	62	45
540	467	66	47
531	472	68	44
525	474	66	45
513	475	71	47
508	478	67	46
496	479	70	45
494	479	61	45
485	479	58	46
480	479	58	46
471	480	56	42
463	480	64	42
456	481	66	41
453	484	67	40
444	484	75	41
439	482	82	44
438	481	87	44
438	481	90	46
449	483	85	45
452	484	88	46
469	490	77	44
464	492	90	47
467	496	93	47
478	498	90	46
478	498	95	49
496	502	79	46
493	503	91	48
506	505	81	47
517	502	80	49
534	498	74	50
551	496	70	52
569	495	68	51
590	495	63	49
607	494	63	50
620	492	64	50
633	489	66	51
641	486	66	53
648	480	70	59
655	472	65	64
660	454	62	71
668	441	55	70
670	429	57	56
672	415	59	57
675	408	58	49
673	396	59	50
673	386	57	44
679	378	45	37
677	372	47	32
690	364	34	33
686	361	31	28
691	355	29	29
688	351	34	33
686	347	24	24
686	346	18	20
685	347	19	20
685	349	18	22
676	348	27	32
668	344	33	45
684	370	35	40
655	378	60	36
665	376	48	38
659	370	54	37
669	365	41	33
673	364	34	29
671	367	40	33
668	370	51	41
671	375	55	37
670	379	57	36
668	379	56	38
668	378	53	39
668	378	48	38
663	378	56	35
666	373	52	36
662	369	56	40
662	368	53	38
645	368	62	41
635	370	58	42
607	374	66	40
584	379	71	41
564	382	72	40
546	385	67	37
533	386	69	37
523	386	69	39
513	390	69	38
506	387	76	41
499	391	83	41
518	397	70	39
515	402	83	43
531	410	78	40
542	414	79	43
543	419	85	45
545	425	86	46
546	431	84	49
540	429	81	51
531	430	81	51
520	436	82	49
504	439	82	50
493	442	77	56
479	450	77	60
468	459	77	58
459	470	78	57
453	481	79	60
447	487	81	66
441	494	80	70
434	504	85	67
427	511	86	74
414	519	90	75
407	527	93	80
394	535	96	82
390	542	90	82
374	550	97	87
361	559	100	91
356	571	97	88
343	584	99	99
337	600	99	95
336	616	97	96
336	628	92	86
338	637	96	75
345	648	89	66
351	653	87	60
351	658	86	56
351	662	91	53
354	666	86	51
359	671	81	45
356	667	90	50
359	664	89	51
359	659	89	57
359	655	91	60
363	648	85	64
358	633	92	81
359	616	95	96
367	600	93	109
379	579	85	107
388	559	84	109
391	536	85	110
392	515	85	107
388	495	85	100
384	479	83	91
379	464	82	83
373	451	81	74
369	432	77	73
367	412	72	70
365	389	73	75
366	367	69	73
365	350	66	66
366	335	63	63
366	320	62	64
368	314	61	63
372	314	58	62
378	321	56	62
379	333	56	66
384	351	56	66
387	367	58	74
392	383	57	73
397	400	58	69
403	415	56	60
404	425	57	49
406	433	54	39
412	433	52	40
413	437	51	38
413	436	50	38
414	432	50	40
415	427	49	40
414	425	49	37
415	421	47	39
414	419	45	37
414	419	43	35
414	418	40	36
412	418	43	38
414	426	37	30
413	426	36	31
413	426	34	29
411	426	35	28
410	420	36	31
412	418	34	31
413	414	31	32
412	412	32	32
413	413	31	30
413	414	31	29
413	411	31	32
413	411	34	30
413	409	35	27
420	407	35	27
423	407	34	27
429	405	31	29
429	405	34	29
435	403	32	30
440	401	32	27
446	397	33	27
453	396	29	26
453	392	37	29
461	394	32	27
466	392	31	27
471	391	31	26
472	390	32	28
470	378	36	39
471	376	34	44
471	370	34	48
472	367	32	45
467	363	37	47
468	362	32	37
465	363	32	34
468	362	32	31
462	360	34	32
468	360	30	29
466	360	30	33
444	303	36	37
446	295	45	54
409	349	31	49
410	347	32	50
410	346	31	53
411	346	32	55
406	343	34	55
405	341	35	56
403	342	37	54
403	343	37	50
406	346	36	46
411	347	36	46
413	347	36	59
416	351	41	55
419	356	44	62
424	359	41	63
457	412	54	62
458	442	56	66
455	477	62	68
450	514	70	75
449	558	69	76
446	603	73	81
