0.016432
3.582328
0.130274
0.107823
0.108821
0.127552
0.144040
0.126652
0.124641
0.127028
0.116564
0.115286
0.119371
0.110857
0.121672
0.107287
0.109666
0.119495
0.119089
0.104521
0.110697
0.113293
0.129905
0.116758
0.112528
0.132380
0.133080
0.117803
0.114649
0.117612
0.129399
0.124824
0.112154
0.143145
0.131341
0.112696
0.133001
0.142251
0.109076
0.129600
0.165524
0.141053
0.134510
0.139426
0.120997
0.119354
0.117126
0.125010
0.132470
0.125423
0.120020
0.131323
0.135759
0.136153
0.119647
0.126561
0.146414
0.155720
0.124025
0.121301
0.109499
0.115439
0.133218
0.130450
0.136157
0.111259
0.119359
0.128344
0.129608
0.133708
0.120695
0.118580
0.124848
0.121196
0.120458
0.130937
0.129940
0.122104
0.116298
0.120121
0.126460
0.111180
0.119372
0.119226
0.117800
0.121464
0.127735
0.112255
0.127650
0.117417
0.118300
0.114687
0.109287
0.123970
0.116228
0.114770
0.120348
0.106931
0.127506
0.126614
0.116966
0.116820
0.120595
0.119890
0.127706
0.118994
0.116686
0.122879
0.124069
0.114177
0.117166
0.122515
0.106447
0.112900
0.115045
0.108693
0.111297
0.103496
0.107720
0.132856
0.123271
0.120868
0.131598
0.125482
0.131071
0.158730
0.130076
0.154946
0.137490
0.138985
0.177819
0.152561
0.153177
0.150692
0.117733
0.121918
0.122241
0.120738
0.121897
0.114339
0.135001
0.133005
0.173992
0.125221
0.106893
0.113653
0.116012
0.120356
0.106768
0.135353
0.121282
0.125404
0.095704
0.119715
0.110510
0.102695
0.104335
0.108007
0.108291
0.184103
0.166816
0.116544
0.126390
0.134484
0.112958
0.107568
0.108855
0.196425
0.106405
0.144792
0.142044
0.164788
0.148793
0.144323
0.147089
0.148131
0.191257
0.150677
0.148589
0.150818
0.135710
0.123445
0.133207
0.130284
0.130061
0.104291
0.106112
0.128590
0.136243
0.118744
0.138231
0.121680
0.124363
0.127480
0.111087
0.118625
0.106809
0.106374
0.106041
0.113164
0.112911
0.106090
0.119483
0.123544
0.119690
0.140844
0.125632
0.139303
0.135209
0.164600
0.119344
0.128422
0.133584
0.114306
0.118931
0.109957
0.118129
0.122592
0.127095
0.136075
0.161659
0.146204
0.150275
0.136400
0.156272
0.148913
0.152337
0.159972
0.168698
0.176764
0.168812
0.129462
0.118072
0.134637
0.117293
0.121346
0.114390
0.112689
0.122148
0.115294
0.112865
0.152514
0.184636
0.132493
0.130525
0.126598
0.135801
0.136942
0.120570
0.128667
0.125194
0.123048
0.117957
0.124204
0.118333
0.131029
0.108524
0.146609
0.118196
0.121329
0.117188
0.137683
0.117486
0.142505
0.123453
0.114020
0.127746
0.127525
0.130404
0.131196
0.122514
0.120409
0.129341
0.121023
0.126786
0.131148
0.124781
0.116881
0.137529
0.121239
0.117089
0.120879
0.116301
0.129545
0.137622
0.131758
0.116396
0.132551
0.115538
0.118280
0.141853
0.122222
0.127131
0.128020
0.123355
0.122171
0.146960
0.122918
0.120713
0.134953
0.118005
0.113849
0.127908
0.122094
0.118839
0.171766
0.135660
0.147832
0.130240
0.131105
0.117604
0.115286
0.131851
0.127425
0.133034
0.124702
0.124146
0.127358
0.116853
0.106405
0.114944
0.129324
0.114683
0.121038
0.116929
0.149249
0.123280
0.128294
0.122991
0.116548
