0.084620
0.095025
0.104807
0.118378
0.092144
0.107548
0.099021
0.100688
0.102589
0.101953
0.097502
0.097020
0.101960
0.102056
0.102752
0.098169
0.102277
0.101005
0.103169
0.113671
0.109286
0.104823
0.111198
0.119258
0.119887
0.100063
0.110442
0.102879
0.096210
0.105226
0.118369
0.108922
0.119472
0.119244
0.145919
0.151293
0.125610
0.136185
0.137091
0.116694
0.143067
0.143396
0.119218
0.114578
0.119661
0.119024
0.119808
0.111849
0.127373
0.120475
0.126405
0.136323
0.135259
0.165421
0.122869
0.141750
0.139934
0.160900
0.132471
0.120300
0.128902
0.115929
0.120713
0.102282
0.092689
0.108940
0.107686
0.121143
0.134976
0.101552
0.105374
0.096860
0.102638
0.109192
0.091009
0.101263
0.105316
0.142907
0.123635
0.130781
0.130919
0.124525
0.129465
0.108123
0.110129
0.130588
0.125141
0.130105
0.107516
0.089645
0.099990
0.099082
0.088902
0.097016
0.103706
0.110273
0.132084
0.122810
0.131283
0.135896
0.146778
0.129791
0.144926
0.139263
0.130097
0.123008
0.131160
0.126584
0.135405
0.139213
0.138317
0.098354
0.099360
0.113536
0.111120
0.097247
0.097956
0.098916
0.101701
0.099342
0.135773
0.120796
0.121639
0.120127
0.114830
0.110507
0.096327
0.107419
0.086025
0.093284
0.105048
0.129400
0.114476
0.099979
0.116009
0.111048
0.138201
0.132393
0.139889
0.114829
0.086067
0.098958
0.095669
0.097206
0.097396
0.100450
0.132849
0.121617
0.155133
0.128177
0.144058
0.111448
0.116061
0.121563
0.129835
0.135154
0.123240
0.116879
0.129008
0.109942
0.133536
0.111739
0.112001
0.122659
0.113726
0.102604
0.102888
0.096892
0.097612
0.114690
0.096561
0.097326
0.141253
0.135370
0.160777
0.130712
0.117369
0.116709
0.118482
0.127294
0.113375
0.105600
0.112931
0.129795
0.139409
0.139966
0.102229
0.102891
0.105314
0.104620
0.105402
0.100339
0.100764
0.094687
0.129743
0.097104
0.098457
0.096797
0.100273
0.104572
0.108650
0.115803
0.139437
0.133116
0.126132
0.143025
0.146317
0.118074
