0.009451
0.103420
0.102318
0.101481
0.093016
0.090489
0.094237
0.098653
0.094198
0.087050
0.090694
0.088115
0.101096
0.088130
0.094105
0.091362
0.097668
0.100312
0.098415
0.101883
0.105480
0.092982
0.105347
0.101278
0.103366
0.111331
0.140238
0.103883
0.096371
0.113025
0.103997
0.112922
0.107106
0.124108
0.112138
0.118559
0.122620
0.120479
0.120102
0.120408
0.119850
0.119222
0.124610
0.119791
0.109570
0.116047
0.117304
0.140790
0.109882
0.121889
0.119901
0.117673
0.118557
0.112792
0.106682
0.111929
0.110861
0.132758
0.165681
0.167675
0.107090
0.104867
0.115541
0.114908
0.131622
0.124157
0.113210
0.119204
0.119026
0.120274
0.122973
0.123029
0.117234
0.115128
0.126199
0.133244
0.115861
0.109191
0.115804
0.113648
0.117712
0.111809
0.111241
0.108171
0.106364
0.108114
0.111379
0.110083
0.110225
0.120612
0.121484
0.135363
0.122272
0.114248
0.146523
0.125127
0.126121
0.106106
0.116900
0.113719
0.110507
0.113036
0.114745
0.122316
0.117985
0.126235
0.136282
0.115080
0.117271
0.116234
0.115268
0.114214
0.108351
0.107767
0.107646
0.113793
0.107943
0.114747
0.097141
0.109043
0.109957
0.110009
0.109561
0.108861
0.111595
0.108564
0.115390
0.118268
0.117957
0.133722
0.117258
0.122408
0.125519
0.104180
0.114579
0.105706
0.106688
0.111012
0.119137
0.117961
0.116130
0.119954
0.127408
0.109965
0.127410
0.104901
0.103503
0.107243
0.109599
0.106859
0.108578
0.113992
0.107237
0.098941
0.114434
0.109716
0.108221
0.108624
0.115463
0.125885
0.119547
0.120003
0.113009
0.134313
0.128312
0.118734
0.107991
0.113620
0.112745
0.113160
0.111488
0.106504
0.115686
0.118475
0.134311
0.121811
0.117935
0.161348
0.129722
0.117099
0.108686
0.105703
0.113851
0.106100
0.105323
0.107421
0.111104
0.123969
0.158345
0.103312
0.128244
0.146155
0.167376
0.106303
0.105646
0.105355
0.106109
0.108089
0.109840
0.130720
0.126134
0.161430
0.129081
0.125397
0.127564
0.115244
0.108697
0.107666
0.106871
0.111382
0.112232
0.106872
0.108528
0.110563
0.112903
0.097494
0.101699
0.104221
0.104477
0.104632
0.106590
0.108185
0.116158
0.128368
0.129330
0.120450
0.115902
0.118204
0.117930
0.128758
0.111132
0.105434
0.105460
0.102872
0.102682
0.106662
0.128186
0.133451
0.118314
0.123321
0.140982
0.124052
0.118181
0.117576
0.110098
0.113600
0.110078
0.111136
0.110795
0.108431
0.105992
