828	483	29	41
827	486	31	45
828	491	32	45
830	496	32	48
831	500	33	48
832	507	34	48
834	513	34	45
835	517	36	50
838	523	34	49
839	530	35	51
841	535	35	53
842	542	36	53
844	547	36	52
846	554	37	53
848	561	37	53
850	567	38	54
852	573	37	55
855	577	38	54
856	578	38	57
858	577	38	58
859	578	38	59
860	575	39	62
861	574	36	59
861	568	38	62
862	562	37	63
863	554	34	62
863	547	34	53
862	536	35	57
860	525	36	61
860	514	35	61
860	504	33	58
858	491	34	63
857	473	34	66
859	461	31	66
858	444	31	68
856	426	34	72
851	407	37	72
849	384	38	73
847	372	37	61
846	358	35	51
844	345	34	47
868	292	33	63
866	293	34	63
837	321	40	65
867	299	35	63
864	296	36	67
860	290	41	75
862	291	39	73
861	287	39	77
863	285	35	75
865	289	31	67
861	287	33	63
860	283	32	60
856	283	32	50
809	289	36	51
756	262	37	66
689	282	27	52
689	282	26	50
689	282	28	50
687	278	30	52
689	278	29	53
684	275	32	54
681	273	32	51
682	273	31	50
677	272	32	48
677	270	29	53
670	266	35	57
672	262	34	61
674	265	28	56
668	262	33	52
667	261	32	49
666	258	33	46
665	255	34	49
664	249	34	51
678	169	32	36
681	156	31	46
684	153	30	49
686	155	27	47
688	153	26	50
689	149	26	52
691	148	24	51
691	145	25	54
691	144	25	48
693	141	23	50
693	140	22	48
693	139	23	49
693	138	23	50
661	131	28	41
694	139	22	42
659	132	32	41
695	136	21	37
695	136	22	37
656	130	32	44
658	130	31	44
654	131	33	45
651	131	35	39
651	132	34	37
648	133	37	35
650	137	34	35
640	137	42	33
639	138	42	35
642	137	37	37
635	140	41	35
639	140	38	37
672	164	31	46
633	148	33	31
638	154	31	28
626	148	44	33
625	149	45	34
623	152	35	32
619	152	26	32
637	168	53	46
661	172	30	43
659	172	31	45
612	160	32	31
611	161	45	41
610	164	33	35
658	180	27	46
606	169	41	37
605	169	45	41
601	173	24	36
599	174	46	46
599	176	41	43
597	182	46	46
595	181	44	44
593	187	47	41
647	192	29	35
644	187	33	47
645	195	29	42
642	192	33	46
645	199	29	45
647	205	25	37
648	206	25	39
648	210	25	38
626	205	42	46
638	214	31	42
612	240	32	41
600	240	41	43
640	223	27	44
628	221	38	47
625	222	38	49
623	220	41	57
623	229	40	58
624	236	38	51
623	237	40	53
623	237	42	56
622	239	41	57
559	262	46	40
557	268	53	45
558	273	27	42
556	275	52	51
608	308	27	46
607	313	28	45
603	317	31	47
598	320	36	48
563	301	56	55
562	305	61	51
567	309	51	51
606	345	33	47
613	350	28	47
571	327	53	54
571	334	55	50
570	340	58	57
574	346	55	47
573	351	60	56
574	356	62	63
575	364	61	53
616	393	41	59
628	399	30	60
591	383	49	62
586	389	58	69
632	348	50	67
652	366	30	53
648	375	38	52
627	446	37	55
638	454	27	52
633	464	33	49
635	470	32	52
633	478	35	50
633	484	36	52
641	494	30	48
634	500	36	51
641	510	31	49
630	516	42	52
610	586	44	50
618	599	71	75
603	599	83	80
631	615	57	81
604	612	83	86
608	621	77	86
604	628	78	84
599	633	83	77
605	642	77	68
613	651	69	60
600	648	81	66
605	656	72	60
602	660	80	55
597	664	89	52
601	667	82	49
638	615	51	50
695	546	43	58
694	550	44	55
674	549	39	45
699	559	41	51
703	559	40	58
703	565	43	48
710	572	38	39
713	590	35	43
714	596	35	40
713	597	44	44
766	635	25	34
765	638	25	33
718	602	36	44
717	602	40	48
719	603	35	45
719	602	36	49
765	636	29	44
772	644	23	35
767	634	27	38
769	630	23	38
769	624	24	37
769	617	23	36
766	603	24	36
764	588	24	40
763	578	24	33
761	565	25	33
755	547	31	34
713	500	35	51
712	483	34	47
711	467	34	49
709	449	35	52
670	479	39	54
618	520	66	61
613	499	74	71
476	499	47	65
475	486	47	63
475	470	47	63
476	454	47	65
474	439	49	63
475	439	48	62
475	439	47	63
473	441	48	62
473	442	47	63
473	443	48	64
473	444	47	63
473	445	47	62
473	445	47	65
473	446	47	63
472	447	47	63
470	449	48	63
469	450	47	64
470	451	48	63
469	451	47	64
468	451	48	65
467	453	50	65
467	455	48	64
466	457	46	65
467	460	46	63
466	460	47	63
466	462	47	63
465	464	47	62
465	464	48	64
467	466	43	64
464	468	46	64
464	470	46	62
462	473	47	60
461	473	49	64
462	475	47	62
460	477	48	62
460	476	47	64
457	476	49	67
456	478	49	64
455	480	49	64
455	481	48	65
457	484	44	64
453	486	47	64
453	487	46	65
452	488	46	65
448	491	49	63
447	492	49	62
445	492	49	65
445	494	50	64
445	496	51	64
443	496	51	64
443	497	50	65
442	499	50	66
442	500	50	67
440	502	51	65
438	503	51	66
436	502	50	68
433	504	52	69
430	507	53	67
430	507	53	67
429	510	53	66
429	512	52	66
427	512	53	66
426	513	54	68
425	511	53	70
424	516	52	70
422	518	54	70
422	519	52	69
420	520	53	69
417	522	53	67
415	522	53	71
414	524	53	69
412	524	55	70
411	525	55	71
410	526	54	72
408	527	56	71
406	528	56	73
407	529	54	73
404	532	54	73
402	533	54	72
400	534	55	72
399	538	54	70
398	537	54	72
396	539	55	72
392	535	60	75
390	537	58	78
390	542	55	74
390	539	54	77
384	537	63	80
388	548	55	70
386	546	55	76
382	546	58	76
382	548	55	76
377	552	60	73
374	551	60	76
375	552	59	75
370	549	62	81
370	553	59	80
367	557	62	76
366	555	60	80
364	558	61	77
465	462	72	67
494	462	47	53
505	462	32	51
500	463	38	51
511	537	24	38
508	536	23	44
508	535	24	45
508	536	22	43
507	534	22	47
506	534	23	46
505	534	24	47
504	533	23	47
503	532	24	46
503	532	23	46
502	532	24	48
501	532	23	45
499	531	25	46
497	531	28	47
497	531	29	50
498	533	45	58
449	499	53	63
489	528	48	66
488	527	28	53
490	530	32	49
490	529	27	50
485	530	33	49
494	541	31	42
486	530	30	49
481	523	29	50
419	510	54	75
480	522	47	65
414	520	48	64
410	516	48	67
410	519	48	71
410	520	42	73
405	521	45	78
402	524	45	77
401	524	48	84
400	531	46	71
400	532	45	67
412	537	34	57
414	556	25	38
399	538	45	61
410	536	33	60
426	501	37	42
431	495	38	45
424	501	32	44
386	546	45	55
416	491	29	36
413	489	37	37
422	490	30	37
407	484	35	38
408	482	35	45
407	482	38	46
410	482	36	43
420	484	31	38
416	481	50	51
