0.009642
0.104263
0.103616
0.105658
0.109092
0.120045
0.119995
0.107087
0.117820
0.113708
0.112810
0.127050
0.121106
0.110070
0.116666
0.113780
0.110752
0.111091
0.116235
0.105360
0.119999
0.098562
0.086452
0.092677
0.095302
0.097476
0.095724
0.097296
0.096400
0.121374
0.093478
0.107788
0.104647
0.098139
0.102438
0.099297
0.104515
0.101987
0.096394
0.093287
0.099488
0.093608
0.096976
0.105813
0.095817
0.097595
0.106305
0.100612
0.107052
0.107370
0.109960
0.094238
0.101822
0.092466
0.102237
0.096557
0.097215
0.096480
0.108672
0.113933
0.104154
0.116835
0.119867
0.115630
0.114545
0.111131
0.113260
0.119007
0.117209
0.115575
0.119508
0.122763
0.114237
0.122042
0.125801
0.133871
0.116805
0.116733
0.120918
0.109633
0.115478
0.127261
0.125218
0.112450
0.124965
0.131912
0.117489
0.127508
0.110066
0.120949
0.117877
0.123430
0.123763
0.119796
0.126601
0.117707
0.124187
0.120835
0.118336
0.131253
0.115345
0.118418
0.117814
0.117410
0.122838
0.122072
0.115494
0.120382
0.114618
0.115556
0.127442
0.120507
0.112138
0.116911
0.122175
0.112712
0.115929
0.122891
0.110610
0.119420
0.113057
0.117949
0.126757
0.113544
0.114205
0.115704
0.123257
0.113295
0.108870
0.120021
0.110600
0.154963
0.102521
0.114276
0.102687
0.130479
0.110037
0.139250
0.123387
0.124758
0.111003
0.116088
0.114821
0.114338
0.113200
0.121186
0.111884
0.120193
0.116220
0.113258
0.121085
0.110678
0.118026
0.117380
0.118288
0.110637
0.113328
0.123909
0.122567
0.124712
0.118967
0.117585
0.125868
0.119471
0.115691
0.129475
0.117509
0.128623
0.117669
0.117762
0.115042
0.115203
0.114105
0.118825
0.123210
0.113795
0.124647
0.120758
0.119851
0.122916
0.124915
0.118586
0.113979
0.113119
0.115253
0.111355
0.110709
0.110211
0.106611
0.107294
0.126464
0.115289
0.123247
0.143976
0.136327
0.117699
0.136264
0.107795
0.088883
0.092138
0.099063
0.096824
0.095252
0.095317
0.105970
0.108142
0.097826
0.097138
0.114541
0.101812
0.109412
0.108419
0.117824
0.283576
0.096825
0.094412
0.093138
0.092384
0.124200
0.099981
0.097526
0.092766
0.094680
0.094521
0.089937
0.111140
0.116231
0.108896
0.102347
0.117405
0.102697
0.095279
0.113361
0.113481
0.102968
0.095657
0.091500
0.095940
0.097319
0.097706
0.100954
0.108524
0.101764
0.103588
0.099091
0.127525
0.103788
0.100884
0.116595
0.099516
0.097458
0.088949
0.095281
0.093205
0.097965
0.100689
0.102259
0.106151
0.097406
0.093162
0.091997
0.092658
0.094831
0.101869
0.107090
0.104956
0.102436
0.099411
0.099765
0.112971
0.091210
0.096646
0.093476
0.096416
0.096168
0.092353
0.094018
0.100571
0.100286
0.097638
0.101915
0.097052
0.114931
0.103493
0.101010
0.113255
0.092430
0.098903
0.095028
0.100178
0.094216
0.097236
0.098048
0.089501
0.089539
0.088474
0.100643
0.122984
0.122643
0.103194
0.105427
0.105754
0.102959
0.105174
0.093616
0.097389
0.098937
0.103192
0.099979
0.096107
0.104330
0.096641
0.095181
0.099946
0.094931
0.091914
0.093916
0.098468
0.094450
0.097748
0.097684
0.097357
0.084774
0.099145
0.116684
0.114710
0.110617
0.112550
0.118030
0.129661
0.111320
0.119674
0.111141
0.113970
0.113936
0.109855
0.111917
0.113390
0.109321
0.114642
0.118530
0.114658
0.115088
0.116376
0.117850
0.108406
0.117411
0.118987
0.116014
0.115617
0.113981
0.117914
0.117405
0.118115
0.114852
0.115463
0.117828
0.116160
0.121371
0.116500
0.114394
0.110313
0.112013
0.115998
0.114624
0.109252
0.116836
0.108523
0.121805
0.107016
0.114290
0.119427
0.105032
0.107658
0.112434
0.120193
0.113717
0.114268
0.116300
0.116126
0.122914
0.105381
0.112853
0.111965
0.136432
0.106578
0.115036
0.113292
0.111091
0.123720
0.115679
