0.012628
0.107857
0.110639
0.122566
0.137051
0.116980
0.128833
0.128488
0.122863
0.120003
0.142069
0.121420
0.119502
0.122989
0.129207
0.138347
0.157292
0.134591
0.123842
0.117269
0.118549
0.115402
0.122493
0.137936
0.125474
0.137367
0.123170
0.134917
0.127657
0.133696
0.135710
0.118861
0.116849
0.113470
0.122673
0.115698
0.113523
0.149621
0.134202
0.118164
0.140669
0.121378
0.118130
0.116951
0.137071
0.115024
0.135393
0.117780
0.121426
0.112791
0.118883
0.111459
0.122521
0.116536
0.117088
0.138697
0.129730
0.118850
0.121398
0.125176
0.124236
0.136891
0.125792
0.145711
0.124419
0.137138
0.126115
0.129139
0.144551
0.116068
0.131355
0.133881
0.131402
0.131558
0.128236
0.125367
0.149478
0.153286
0.129735
0.150264
0.136729
0.160824
0.112616
0.107789
0.134761
0.125120
0.120978
0.127747
0.119830
0.110926
0.114107
0.107676
0.106788
0.113731
0.112822
0.112713
0.124146
0.137183
0.130374
0.144302
0.129088
0.123166
0.127001
0.138655
0.170159
0.112852
0.111384
0.122644
0.106409
0.177426
0.138696
0.127822
0.136117
0.131369
0.136616
0.135077
0.138232
0.127228
0.121142
0.111617
0.113418
0.110462
0.115825
0.108777
0.123358
0.104466
0.134675
0.131241
0.116642
0.122499
0.114086
0.128868
0.119331
0.127074
0.147346
0.127224
0.138412
0.124649
0.132427
0.143049
0.131127
0.134665
0.143519
0.113144
0.120186
0.113275
0.112807
0.112535
0.123111
0.126437
0.134248
0.132664
0.199484
0.171426
0.140159
0.123446
0.127609
0.118711
0.121865
0.113633
0.111930
0.126835
0.113991
0.114689
0.117241
0.122161
0.115730
0.114344
0.124511
0.114093
0.122536
0.121294
0.126544
0.118982
0.126397
0.117330
0.187722
0.153586
0.116114
0.120764
0.093817
0.115998
0.110097
0.101563
0.100193
0.104726
0.135321
0.129580
0.123344
0.097924
0.107163
0.113063
0.100020
0.099527
0.108222
0.108537
0.100802
0.111029
0.095919
0.098875
0.103082
0.116899
0.101747
0.101569
0.113237
0.101897
0.102247
0.102262
0.119486
0.123941
0.111532
0.097249
0.101156
0.095272
0.105891
0.110934
0.108764
0.096649
0.139961
0.111597
0.109481
0.099182
0.107229
0.097403
0.106110
0.125010
0.098857
0.130184
0.115692
0.103916
0.097750
0.103392
0.107241
0.112442
0.104247
0.111798
0.138171
0.113745
0.118192
0.108574
0.103336
0.112218
0.102937
0.100520
0.112339
0.108302
0.102436
0.112153
0.101691
0.108832
0.113290
0.101670
0.098565
0.110687
0.119941
0.094678
0.116374
0.094642
0.107507
0.097464
0.096259
0.092581
0.106905
0.101393
0.118757
0.109407
0.106588
0.094554
0.104352
0.101218
0.111778
0.109104
0.119643
0.095685
0.095421
0.098980
0.125041
0.113150
0.117753
0.114130
0.116658
0.122434
0.132370
0.129634
0.139730
0.153146
0.132886
0.123736
0.131616
0.133251
0.117866
0.118568
0.121061
0.145476
0.123927
0.117706
0.117860
0.118431
0.152325
0.147696
0.169592
0.124607
0.138602
0.135767
0.111850
0.117449
0.118929
0.117707
0.112306
0.118352
0.143003
0.134240
0.151159
0.121256
0.123619
0.146618
0.149015
0.140650
0.128711
0.112831
0.118021
0.112297
0.122371
0.114408
0.124533
0.136020
0.149514
0.134888
0.128909
0.141567
0.148360
0.143581
0.124143
0.122746
0.117750
0.122897
0.113935
0.115130
0.120579
0.113487
0.133430
0.177234
0.111671
0.143693
0.140785
0.118854
0.135536
0.114186
0.123014
0.109355
0.144684
0.118923
0.152543
0.154268
0.145586
0.174830
0.122356
0.124973
0.121463
0.119068
0.168925
0.149085
0.116721
0.122351
0.119333
0.124246
0.128950
0.129581
0.106643
0.145611
0.115535
0.130675
0.128991
0.114941
0.094912
0.112293
0.153387
0.125614
0.127798
0.137579
0.139633
0.178492
0.124577
0.110375
0.130942
0.118058
0.125825
0.108241
0.102538
0.144863
0.132855
0.128721
0.124002
0.183229
0.176506
0.158468
0.152082
0.192420
0.147224
0.135668
0.137734
0.125362
0.114188
0.105327
0.123651
0.132469
0.121566
0.117872
0.122685
0.114762
0.140673
0.178661
0.155800
0.114253
0.109986
0.110107
0.110987
0.108595
0.107699
0.111001
0.166022
0.137141
0.132572
0.119638
0.115541
0.121053
0.140826
0.139723
0.116927
0.121416
0.151383
0.141283
0.122470
0.110712
0.132396
0.147326
0.166397
0.140458
0.127329
0.162680
0.166931
0.159203
0.117133
0.124969
0.139122
0.148273
0.111915
0.110503
0.112136
0.110538
0.134920
0.114842
0.116597
0.112886
0.127379
0.117108
0.122697
0.118674
0.141242
0.150156
0.123932
0.123627
0.142779
0.159755
0.141643
0.109155
0.104995
0.106806
0.112617
0.120318
0.112550
0.135796
0.131639
0.130200
0.151220
0.132812
0.118164
0.146264
0.120252
0.126832
0.117634
0.115215
0.113315
0.115487
0.112857
0.113637
0.121219
0.127532
0.128845
0.130710
0.122062
0.113259
0.115237
0.118283
0.128142
0.120964
0.128740
0.110963
0.120613
0.124901
0.122420
0.136171
0.127169
0.115856
0.120315
0.118059
0.119054
0.110726
0.135184
0.122809
0.115884
0.114034
0.122858
0.124583
0.123485
0.133712
0.114709
0.116591
0.131178
0.111478
0.118706
0.127783
0.130172
0.127459
0.115288
0.128849
0.112226
0.128033
0.111320
0.115884
0.113332
0.122735
0.112032
0.113841
0.109427
0.139206
0.114320
0.122766
0.115048
0.114552
0.134227
0.135350
0.137726
0.125422
0.123119
0.129436
0.128198
0.141010
0.119249
0.113256
0.126529
0.121047
0.114477
0.128911
0.123481
0.118459
0.159692
0.124893
0.122226
0.133214
0.120285
0.127952
0.128031
0.119052
0.124615
0.111706
0.109251
0.114503
0.133178
0.124167
0.121455
0.123641
0.117832
0.113158
0.117898
0.111269
0.119378
0.155190
0.126443
0.115191
0.116800
0.118786
0.136498
0.135074
0.130038
0.171166
0.154163
0.141885
0.138760
0.141433
0.125093
0.127166
0.125335
0.121797
0.115815
0.137291
0.109803
0.115981
0.126528
0.136926
0.156704
0.125681
0.130415
0.135147
0.133713
0.158167
0.155404
0.128211
0.164019
0.114929
0.109762
0.112581
0.111431
