0.013342
0.106653
0.100344
0.092818
0.139119
0.108304
0.099513
0.106585
0.115765
0.104831
0.109008
0.091801
0.102910
0.102322
0.104167
0.107719
0.098886
0.110981
0.097006
0.097628
0.113703
0.113658
0.101171
0.101436
0.108378
0.102081
0.094952
0.101031
0.100814
0.099788
0.097033
0.112444
0.123620
0.116732
0.119931
0.133440
0.116392
0.124887
0.115459
0.120395
0.120229
0.111130
0.111524
0.115093
0.116915
0.114083
0.120363
0.123360
0.120845
0.117040
0.120591
0.111050
0.120373
0.119586
0.156544
0.107668
0.114134
0.143903
0.116699
0.119710
0.123014
0.115828
0.121203
0.120620
0.120692
0.112043
0.118518
0.121240
0.133612
0.115222
0.119836
0.134758
0.118137
0.119072
0.143103
0.129070
0.117951
0.122034
0.127685
0.128706
0.111797
0.131150
0.129964
0.121453
0.122990
0.123030
0.126847
0.115387
0.114596
0.121243
0.128839
0.114783
0.121849
0.112175
0.130306
0.118780
0.115312
0.118648
0.123110
0.121040
0.112194
0.112687
0.119461
0.115202
0.129496
0.134736
0.118666
0.166650
0.152559
0.125746
0.124529
0.114033
0.119698
0.112409
0.122916
0.113091
0.113089
0.111512
0.114105
0.107496
0.118398
0.148296
0.124343
0.124590
0.144016
0.119879
0.113596
0.118888
0.111697
0.109221
0.109479
0.114483
0.112287
0.105369
0.114128
0.117599
0.121081
0.119135
0.119581
0.108908
0.109104
0.111812
0.112019
0.110950
0.119398
0.133379
0.124424
0.123370
0.125524
0.132747
0.124527
0.124620
0.116317
0.117144
0.113199
0.118455
0.136905
0.124112
0.116961
0.124125
0.125301
0.142785
0.135974
0.119994
