0.009066
0.104205
0.098312
0.093061
0.117130
0.102996
0.098749
0.101660
0.122907
0.130047
0.107162
0.118887
0.120532
0.111058
0.118136
0.124861
0.117925
0.119288
0.119613
0.124777
0.099135
0.098684
0.092428
0.107827
0.119363
0.093582
0.116078
0.102972
0.135753
0.124744
0.138658
0.148694
0.108320
0.121952
0.129548
0.097472
0.128536
0.122342
0.102253
0.094933
0.107715
0.110996
0.102742
0.090445
0.089142
0.088836
0.088082
0.088921
0.096170
0.090021
0.101798
0.116632
0.125934
0.138252
0.109428
0.124921
0.143234
0.149347
0.150232
0.163873
0.093045
0.089214
0.116386
0.146552
0.118287
0.096410
0.101433
0.099804
0.100195
0.093399
0.099543
0.112592
0.114483
0.120938
0.140449
0.132569
0.164980
0.158277
0.158102
0.152708
0.130880
0.119939
0.117132
0.106485
0.096001
0.126516
0.128542
0.099154
0.089348
0.089117
0.089188
0.089714
0.089159
0.095179
0.102024
0.108772
0.118918
0.110266
0.103303
0.109480
0.114091
0.106583
0.100891
0.109355
0.104831
0.116550
0.106079
0.111884
0.130330
0.149500
0.154481
0.182903
0.161241
0.133825
