0.017482
0.128339
0.137786
0.122626
0.128174
0.138719
0.138769
0.121686
0.112607
0.145585
0.125175
0.119245
0.128119
0.147148
0.121827
0.118644
0.122806
0.134027
0.152353
0.142264
0.133928
0.104296
0.106694
0.098256
0.102825
0.118332
0.121000
0.109638
0.114225
0.128694
0.106556
0.118433
0.105191
0.111100
0.107831
0.095837
0.110623
0.137882
0.134344
0.133545
0.138368
0.137788
0.111639
0.111080
0.108996
0.096318
0.113835
0.110231
0.090998
0.097340
0.122161
0.108431
0.115239
0.109249
0.149072
0.156722
0.138080
0.138768
0.144523
0.145648
0.136270
0.146386
0.113022
0.123093
0.113442
0.115270
0.103417
0.088304
0.087133
0.095530
0.131071
0.103748
0.108963
0.147667
0.101239
0.117139
0.100128
0.095950
0.103827
0.105124
0.103040
0.120782
0.140632
0.120035
0.138912
0.124361
0.120663
0.107679
0.118445
0.116945
0.114132
0.104081
0.100641
0.103142
0.101501
0.106861
0.113650
0.102855
0.104434
0.144824
0.101192
0.112573
0.110328
0.109195
0.130129
0.112001
0.111727
0.125139
0.119259
0.132668
0.112059
0.092615
0.112765
0.106786
0.109310
0.093404
0.105921
0.104560
0.136317
0.106098
0.102878
0.114497
0.115336
0.117223
0.101750
0.125846
0.102815
0.118105
0.098745
0.120329
0.113262
0.106215
0.098788
0.096558
0.123040
0.109569
0.130525
0.100167
0.129035
0.095790
0.110231
0.106776
0.109220
0.102603
0.114362
0.103260
0.115658
0.109311
0.116369
0.101895
0.134066
0.116950
0.106622
0.110008
0.111068
0.101218
0.105424
0.096039
0.106755
0.108261
0.106985
0.106137
0.105635
0.105398
0.129493
0.111191
0.106114
0.118517
0.109759
0.107572
0.112039
0.115553
0.109701
0.100542
0.110742
0.110542
0.119793
0.100845
0.106807
0.108096
0.106979
0.112952
0.106772
0.118443
0.100720
0.107495
0.107903
0.116162
0.098435
0.101163
0.108141
0.124479
0.118608
0.122735
0.124227
0.117607
0.127576
0.109034
0.137807
0.121225
0.120960
0.129260
0.141907
0.123227
0.127484
0.114223
0.125140
0.116405
0.115269
0.127538
0.145017
0.149518
0.115523
0.119946
0.118916
0.115219
0.126719
0.114367
0.124608
0.119208
0.130903
0.127085
0.120776
0.158843
0.138712
0.123453
0.110923
0.109576
0.111541
0.110207
0.114747
0.125712
0.133680
0.118152
0.122911
0.127740
0.124484
0.129750
0.129147
0.115806
0.111499
