0.029696
0.097087
0.098406
0.091900
0.092817
0.090754
0.097478
0.093977
0.098989
0.095733
0.108980
0.109446
0.110291
0.109859
0.116017
0.125903
0.114624
0.109261
0.108991
0.119984
0.109591
0.109987
0.119962
0.113450
0.115223
0.114691
0.126794
0.114337
0.109999
0.122570
0.110169
0.112494
0.128193
0.121806
0.113605
0.118405
0.123905
0.113724
0.110654
0.111202
0.116572
0.123172
0.109472
0.113714
0.124419
0.114290
0.118779
0.111428
0.121898
0.119638
0.119083
0.112148
0.106072
0.107582
0.114038
0.109017
0.108363
0.109508
0.113650
0.108641
0.107357
0.110190
0.110359
0.113004
0.119024
0.115599
0.110296
0.109866
0.110568
0.112910
0.116481
0.111020
0.124663
0.116967
0.114076
0.106670
0.114132
0.126335
0.122323
0.123675
0.124987
0.119614
0.122018
0.110229
0.110216
0.114541
0.106578
0.114049
0.112387
0.128245
0.119342
0.109500
0.114834
0.113620
0.113931
0.111831
0.113450
0.110621
0.114542
0.114836
0.115200
0.110741
0.116308
0.122650
0.123731
0.118200
0.111981
0.114720
0.116140
0.112732
0.113175
0.116182
0.111324
0.117490
0.142194
0.105226
0.118190
0.113760
0.119931
0.109366
0.116153
0.108332
0.108322
0.112950
0.115606
0.115544
0.117157
0.112665
0.114530
0.113397
0.111125
0.111457
0.107493
0.116513
0.124928
0.131682
0.129596
0.134948
0.113737
0.143981
0.121492
0.104780
0.115058
0.112577
0.114532
0.115422
0.117779
0.120458
0.118058
0.133054
0.128529
0.136866
0.109614
0.117015
0.126588
0.102259
0.106539
0.105859
0.108080
0.109274
0.106471
0.107514
0.111250
0.106278
0.112728
