0.037108
0.124329
0.107596
0.108575
0.107283
0.105515
0.094214
0.102400
0.097105
0.105595
0.103513
0.098578
0.110234
0.133134
0.121772
0.127622
0.123513
0.144886
0.152560
0.156402
0.148876
0.144838
0.143412
0.125007
0.116689
0.134676
0.128600
0.128523
0.105986
0.113952
0.111653
0.125528
0.126233
0.107590
0.165235
0.160373
0.131415
0.136680
0.144838
0.149898
0.169625
0.121317
0.123407
0.124376
0.132047
0.104577
0.114847
0.119040
0.117130
0.147106
0.087483
0.105926
0.105745
0.124745
0.102352
0.125884
0.126944
0.107581
0.116368
0.122263
0.115098
0.124891
0.132232
0.123689
0.130136
0.140283
0.136532
0.128092
0.131761
0.129156
0.116233
0.099927
0.125381
0.119458
0.127115
0.124704
0.131917
0.128550
0.148467
0.127568
0.136795
0.129417
0.133702
0.129329
0.120639
0.111214
0.126867
0.118076
0.114455
0.117302
0.103946
0.117394
0.152670
0.117874
0.129875
0.109982
0.110507
0.147895
0.121355
0.127981
0.119240
0.123393
0.118997
0.108724
0.137638
0.128847
