0.021518
0.121094
0.123542
0.128537
0.123627
0.127211
0.133583
0.129480
0.126158
0.129522
0.117295
0.113085
0.122262
0.157560
0.145855
0.125664
0.134469
0.121080
0.124546
0.122062
0.140762
0.135710
0.139263
0.129869
0.128025
0.120002
0.125854
0.119360
0.127064
0.120584
0.112600
0.117806
0.120699
0.151662
0.129857
0.114089
0.128393
0.125397
0.122869
0.129291
0.136437
0.122284
0.167647
0.192410
0.178079
0.147957
0.121799
0.124574
0.119796
0.130989
0.120885
0.137153
0.119091
0.122109
0.128909
0.123635
0.135302
0.135158
0.139536
0.134747
0.166085
0.124291
0.130214
0.132958
0.126327
0.128721
0.122386
0.132854
0.133774
0.120177
0.127583
0.122643
0.124164
0.116518
0.123021
0.123167
0.139882
0.142474
0.140994
0.133620
0.115938
0.136333
0.141424
0.139755
0.146411
0.128127
0.141943
0.126703
0.169609
0.154408
0.148818
0.157264
0.137276
0.122927
0.137375
0.124576
0.138750
0.172388
0.156003
0.113947
0.122246
0.124191
0.124223
0.111011
0.114341
0.121089
0.119922
0.103648
0.107279
0.101652
0.114585
0.122876
0.118437
0.117882
0.163683
0.157403
0.150722
0.152663
0.153115
0.175225
0.176888
0.125806
0.123668
0.124947
0.117446
0.119009
0.122151
0.118975
0.137540
0.155058
0.176513
0.175684
0.154306
0.168806
0.155882
0.181352
0.169801
0.152483
0.161037
0.166595
0.145879
0.131826
0.114732
0.111055
0.115270
0.112549
0.112646
0.120821
0.162035
0.204486
0.161913
0.153426
0.142487
0.144417
0.143312
0.142481
0.133074
0.178196
0.164367
0.129821
0.131560
0.142652
0.137345
0.153298
0.121714
0.133638
0.136874
0.173178
0.132730
0.146631
0.147407
