0.029010
0.116568
0.133315
0.100146
0.117804
0.112586
0.124865
0.116509
0.113480
0.090882
0.103004
0.115535
0.095793
0.096134
0.095735
0.103978
0.113181
0.110080
0.117912
0.106515
0.129805
0.100873
0.115659
0.105268
0.129573
0.132076
0.129250
0.110774
0.101853
0.092133
0.103203
0.094509
0.099635
0.112337
0.118194
0.101919
0.097064
0.104338
0.113992
0.093951
0.097185
0.101301
0.099820
0.129501
0.120632
0.135641
0.115106
0.113165
0.106848
0.110004
0.123713
0.095543
0.129419
0.116439
0.093750
0.107393
0.103115
0.127700
0.115560
0.108478
0.097209
0.123673
0.109611
0.116922
0.125601
0.136093
0.104318
0.113548
0.125106
0.125216
0.121722
0.101054
0.098019
0.100792
0.105465
0.093033
