0.026387
0.113929
0.124477
0.162726
0.135314
0.125661
0.118899
0.125518
0.133194
0.155146
0.121975
0.116334
0.114427
0.112142
0.113915
0.129209
0.114757
0.128892
0.119327
0.118412
0.121836
0.164999
0.114099
0.127522
0.122858
0.119807
0.129729
0.116871
0.120063
0.127091
0.120768
0.111510
0.117009
0.121103
0.131774
0.132300
0.130578
0.112002
0.109490
0.140379
0.134262
0.123516
0.107791
0.129608
0.120199
0.118742
0.140869
0.121539
0.117404
0.115010
0.140368
0.108696
0.118598
0.120607
0.105688
0.112200
0.129751
0.114592
0.123496
0.113146
0.126868
0.126157
0.116936
0.133638
0.124612
0.117097
0.115044
0.126038
0.117085
0.129030
0.123672
0.111498
0.113524
0.124168
0.122363
0.108356
0.124811
0.115311
0.123461
0.116706
0.131428
0.122232
0.119563
0.109528
0.137022
0.107388
0.122628
0.114316
0.116132
0.122641
0.126645
0.108574
0.122519
0.108257
0.119391
0.131327
0.114167
0.119445
0.123612
0.121496
0.120633
0.135697
0.120091
0.121962
0.110411
0.188233
0.160000
0.119060
0.113683
0.121661
0.112211
0.128675
0.116528
0.113524
0.145164
0.107463
0.114178
0.115736
0.116254
0.126552
0.122809
0.114420
0.132011
0.124471
0.109493
0.132360
0.123149
0.112689
0.160666
0.116608
0.115403
0.125864
0.116863
0.106479
0.192434
0.142234
0.201732
0.150487
0.143408
0.156413
0.135009
0.126392
0.141344
0.130247
0.103863
0.111085
0.104355
0.118206
0.106343
0.117352
0.142653
0.120732
0.148198
0.150824
0.142630
0.145412
0.154483
0.172811
0.135789
0.106011
0.112807
0.117122
0.117073
0.157211
0.121799
0.107194
0.101674
0.126850
0.093038
0.108199
0.111829
0.104211
0.108033
0.109334
0.109679
0.152365
0.136912
0.148157
0.148706
0.144894
0.148999
0.149969
0.159746
0.168490
0.134535
0.127649
0.138266
0.147439
0.115350
0.107440
0.106840
0.113189
0.110898
0.105635
0.114911
0.129714
0.111009
0.155468
0.138327
0.151402
0.156076
0.151140
0.154127
0.149408
0.174363
0.137515
0.156242
0.120576
0.120636
0.105746
0.115078
0.111577
0.111481
0.109706
0.111267
0.110839
0.110239
0.110315
0.102098
0.107701
0.108717
0.108537
0.107817
0.112323
0.110703
0.130221
0.109691
0.125327
0.120900
0.147820
0.151909
0.156901
0.139401
0.125170
0.132247
0.138180
0.113187
0.111260
0.119272
0.125968
0.118610
0.123792
0.126142
0.124689
0.148631
0.148635
0.142069
0.165797
0.130024
0.131644
0.123713
0.133008
0.118051
0.142689
0.122832
0.114943
0.114702
0.123972
0.110468
0.119570
0.130729
0.102848
0.102602
0.110703
0.110202
0.108018
0.111441
0.137193
0.141108
0.128081
0.135086
0.157969
0.144302
0.143129
0.128965
0.140624
0.159716
0.135615
0.117461
0.112781
0.106485
0.093138
0.124901
0.126915
0.140829
0.122370
0.122061
0.147929
0.134385
0.115118
0.123804
0.130119
0.124642
0.129076
0.089807
0.091828
0.090877
0.096131
0.098220
0.104654
0.105399
0.117818
0.094621
0.118824
0.111347
0.102383
0.102900
0.107688
0.099675
0.102677
0.118820
0.096258
0.099755
0.097135
0.114197
0.101477
0.104933
0.099838
0.130076
0.111894
0.095965
0.108367
0.105102
0.097355
0.101732
0.109095
0.096131
0.101813
0.098678
0.098540
0.095551
0.102194
0.124101
0.113383
0.114689
0.098514
0.103179
0.104429
0.104951
0.103794
0.097537
0.103114
0.102748
0.131222
0.102426
0.102512
0.111850
0.122120
0.101542
0.110265
0.120728
0.106207
0.100461
0.105607
0.118687
0.103563
0.093975
0.099651
0.099832
0.099406
0.114332
0.114273
0.118176
0.101629
0.128276
0.116802
0.140111
0.123382
0.120931
0.134283
0.127380
0.100024
0.090009
0.106018
0.117095
0.106872
0.100927
0.099679
0.119537
0.123963
0.101907
0.114530
0.119640
0.113151
0.115519
0.127702
0.128294
0.118977
0.114027
0.123338
0.096465
0.107603
0.099559
0.093688
0.096527
0.100870
0.110982
0.103415
0.099816
0.098929
0.102079
0.100775
0.097185
0.104509
0.118421
0.098700
0.106695
0.121278
0.108719
0.127465
0.116062
0.102006
0.101192
0.094612
0.096739
0.086995
0.087424
0.090540
0.087816
0.103244
0.099812
0.138482
0.151518
0.127524
0.128320
0.127393
0.154582
0.134277
0.144715
0.152135
0.142474
0.134088
0.127970
0.117300
0.094790
0.089333
0.093562
0.100713
0.095729
0.091725
0.090998
0.108356
0.107342
0.103724
0.102936
0.116743
0.135431
0.114892
0.146395
0.151639
0.142239
0.109896
0.115990
0.112947
0.134063
0.119620
0.115083
0.108041
0.110482
0.123670
0.110735
