0.00
0.81
0.84
0.86
0.85
0.85
0.86
0.87
0.87
0.85
0.87
0.86
0.85
0.85
0.86
0.85
0.83
0.87
0.85
0.86
0.82
0.85
0.85
0.85
0.86
0.85
0.86
0.86
0.86
0.85
0.84
0.85
0.85
0.85
0.83
0.86
0.85
0.86
0.81
0.79
0.80
0.80
0.78
0.85
0.83
0.85
0.86
0.86
0.86
0.84
0.86
0.86
0.86
0.85
0.84
0.85
0.83
0.84
0.85
0.84
0.84
0.84
0.85
0.86
0.86
0.84
0.85
0.85
0.84
0.83
0.84
0.84
0.85
0.84
0.84
0.85
0.85
0.83
0.83
0.85
0.83
0.84
0.81
0.84
0.83
0.84
0.83
0.84
0.84
0.85
0.84
0.85
0.84
0.84
0.83
0.84
0.83
0.82
0.83
0.82
0.84
0.82
0.83
0.82
0.81
0.80
0.80
0.80
0.77
0.80
0.79
0.78
0.79
0.80
0.80
0.78
0.79
0.80
0.80
0.81
0.74
0.75
0.72
0.76
0.72
0.75
0.71
0.62
0.63
0.66
0.63
0.60
0.64
0.62
0.58
0.54
0.57
0.40
0.52
0.38
0.38
0.54
0.35
0.29
0.40
0.33
0.43
0.21
0.24
0.34
0.30
0.18
0.22
0.26
0.26
0.20
0.30
0.34
0.34
0.43
0.35
0.31
0.24
0.35
0.40
0.29
0.57
0.47
0.36
0.30
0.33
0.41
0.42
0.40
0.45
0.46
0.42
0.41
0.47
0.42
0.42
0.45
0.38
0.48
0.40
0.58
0.53
0.50
0.49
0.62
0.50
0.49
0.48
0.53
0.51
0.61
0.49
0.38
0.53
0.43
0.43
0.59
0.50
0.56
0.53
0.46
0.52
0.46
0.47
0.36
0.48
0.46
0.39
0.39
0.33
0.33
0.47
0.35
0.24
0.23
0.32
0.39
0.39
0.37
0.37
0.30
0.34
0.39
0.35
0.36
0.31
0.38
0.54
0.53
0.62
0.52
0.49
0.39
0.47
0.41
0.43
0.42
0.45
0.42
0.42
0.43
0.32
0.51
0.62
0.56
0.48
0.52
0.60
0.47
0.47
0.49
0.63
0.52
0.64
0.59
0.51
0.53
0.66
0.49
0.54
0.61
0.54
0.52
0.58
0.64
0.47
0.61
0.63
0.60
0.62
0.68
0.56
0.69
0.58
0.63
0.56
0.56
0.48
0.54
0.39
0.55
0.53
0.45
0.46
0.51
0.44
0.50
0.48
0.64
0.62
0.64
0.59
0.56
0.44
0.58
0.49
0.49
0.41
0.36
0.36
0.41
0.41
0.56
0.55
0.52
0.60
0.48
0.48
0.54
0.59
0.42
0.63
0.49
0.61
0.58
0.54
0.39
0.44
0.38
0.44
0.38
0.37
0.46
0.45
0.36
0.32
0.34
0.45
0.47
0.37
0.49
0.33
0.31
0.30
0.32
0.20
0.34
0.50
0.45
0.38
0.45
0.37
0.50
0.24
0.30
