0.053524
0.192039
0.151067
0.156950
0.158674
0.191523
0.238183
0.156991
0.170920
0.163584
0.174923
0.160963
0.160437
0.148764
0.164486
0.178159
0.150011
0.187931
0.161199
0.175634
0.160021
0.151791
0.165293
0.183789
0.163214
0.150360
0.156432
0.151160
0.143259
0.149844
0.163318
0.164275
0.153791
0.164580
0.173132
0.172203
0.160017
0.148616
0.164932
0.222905
0.172709
0.158945
0.176686
0.152858
0.158937
0.168454
0.159567
0.170836
0.157402
0.156025
0.165728
0.182964
0.164149
0.164585
0.155581
0.149958
0.160094
0.152966
0.172902
0.157635
0.157382
0.165055
0.156324
0.164934
0.160326
0.180277
0.152397
0.145437
0.151075
0.154512
0.156578
0.160140
0.155457
0.159059
0.171725
0.158905
0.184104
0.151423
0.151702
0.158752
0.169219
0.164565
0.194079
0.158278
0.188203
0.170699
0.165245
0.154871
0.161913
0.157222
0.181059
0.158607
0.176409
0.169340
0.162654
0.148977
0.151444
0.169225
0.176532
0.167791
0.184384
0.166560
0.183696
0.162517
0.157210
0.161606
0.180976
0.160463
0.173359
0.153810
0.152657
0.155471
0.167016
0.164299
0.171103
0.152781
0.157468
0.186181
0.173493
0.155556
0.158913
0.165000
0.155987
0.150432
0.151082
0.161483
0.168280
0.178502
0.172800
0.170482
0.154413
0.161432
0.180021
0.151795
0.162335
0.161870
0.159070
0.161400
0.163532
0.155342
0.158568
0.153264
0.156659
0.157442
0.148984
0.178229
0.150849
0.162168
0.158808
0.145454
0.147204
0.158319
0.162254
0.163528
0.159457
0.153987
0.159011
0.160594
0.163662
0.158996
0.180754
0.162129
0.163770
0.157331
0.158386
0.166275
0.163696
0.159073
0.191722
0.178230
0.164732
0.150178
0.149427
0.170881
0.172785
0.163605
0.151172
0.167185
0.155213
0.164516
0.166838
0.160392
0.158500
0.149220
0.153521
0.167682
0.220373
0.150404
0.160813
0.158838
0.175243
0.153661
0.159387
0.167808
0.155029
0.165401
0.160611
0.179158
0.166492
0.160752
0.221454
0.215778
0.163467
0.165209
0.164225
0.169575
0.169340
0.164260
0.160984
0.150250
0.163151
0.164012
0.156049
0.158617
0.165688
0.161837
0.160616
0.185918
0.171780
0.146605
0.173687
0.177680
0.160946
0.154780
0.158378
0.150823
0.146950
0.156383
0.149363
0.165413
0.196017
0.190945
0.155932
0.169142
0.162850
0.165637
0.170093
0.158511
0.153504
0.151623
0.170536
0.186780
0.158022
0.173877
0.169297
0.152223
0.149951
0.168769
0.158381
0.175585
0.173205
0.180001
0.156853
0.189078
0.163586
0.148676
0.148479
0.166933
0.172910
0.167378
0.160624
0.162909
0.148151
0.150114
0.156038
0.195440
0.159692
0.148450
0.154020
0.157030
0.160975
0.160587
0.161254
0.170636
0.160629
0.172414
0.157607
0.155748
0.175650
0.160064
0.160671
0.153546
0.159398
0.153336
0.152219
0.163672
0.162539
0.169734
0.178287
0.153641
0.149867
0.154555
0.159180
0.221326
0.154614
0.189318
0.156780
0.156505
0.168063
0.155513
0.159621
0.161027
0.165323
0.153428
0.170849
0.157211
0.166157
0.220287
0.163907
0.148445
0.181592
0.161900
0.152479
0.157657
0.175956
0.154576
0.151508
0.146925
0.168211
0.186888
0.165779
0.155600
0.147694
0.172638
0.147740
0.150528
0.152705
0.167453
0.146833
0.147661
0.153914
0.151651
0.194933
0.170268
0.151858
0.151340
0.159323
0.161468
0.158808
0.164872
0.169004
0.192065
0.201581
0.144120
0.203242
0.151343
0.169261
0.152629
0.155085
0.163445
