0.00
334.22
528.82
464.54
510.39
477.35
507.33
465.69
490.78
484.03
507.62
526.42
504.76
537.75
560.69
551.39
551.37
527.45
557.09
556.25
551.76
549.28
550.34
539.02
538.44
537.38
540.20
531.26
515.48
485.30
509.65
505.97
477.32
458.74
478.61
486.72
434.54
430.27
442.87
433.27
466.03
423.18
420.00
440.49
369.51
412.02
396.74
432.46
412.40
389.00
395.05
331.86
365.91
367.82
221.67
264.42
347.26
331.62
277.55
344.79
384.71
329.40
388.19
316.77
353.31
325.43
365.29
346.94
286.53
325.85
304.07
262.39
270.06
370.57
236.45
320.17
236.97
307.27
254.79
303.27
284.43
346.53
277.88
263.14
323.74
258.42
266.12
304.92
264.89
311.96
305.12
304.83
332.25
325.88
276.31
286.24
331.79
298.78
270.77
310.26
323.54
322.87
326.09
326.51
318.35
300.85
278.52
302.61
279.06
320.57
328.67
345.42
331.74
345.47
304.58
329.30
345.52
328.04
363.10
335.66
367.44
335.73
330.93
332.44
352.90
303.43
323.98
336.01
318.57
329.08
355.44
327.54
291.44
334.68
299.89
350.02
320.54
336.19
302.97
287.96
315.08
345.34
344.43
302.79
295.98
311.96
294.10
349.87
276.54
333.35
267.12
343.36
356.67
338.94
316.08
328.66
309.62
345.39
364.15
321.45
306.43
334.52
322.80
327.32
358.93
329.71
339.72
325.30
330.58
298.80
293.94
331.90
234.77
365.60
330.79
328.45
313.78
297.66
317.26
274.44
344.82
317.09
350.33
321.68
266.49
299.95
295.00
326.52
318.55
277.55
338.02
283.21
257.56
321.97
239.59
337.83
295.75
249.39
245.29
305.59
260.43
251.85
262.83
253.75
268.10
312.09
313.65
291.75
388.04
300.87
295.19
275.53
398.78
363.61
353.23
333.16
270.54
324.25
284.73
293.06
280.70
294.03
302.52
290.70
277.75
158.97
214.07
283.67
226.11
282.05
220.12
223.72
145.20
189.98
194.89
153.84
151.77
237.00
197.89
263.24
212.32
291.55
297.10
259.42
316.24
296.58
238.18
341.79
219.68
326.61
253.54
361.45
296.32
218.85
310.85
314.52
263.21
310.63
339.82
198.40
303.99
359.47
307.15
259.42
297.89
276.09
235.61
260.19
312.57
312.42
280.71
337.81
301.91
357.23
185.04
342.69
313.64
323.04
286.64
221.02
319.10
295.87
270.24
298.19
316.74
290.39
199.63
290.28
256.84
269.93
156.44
259.64
244.57
258.57
215.85
220.64
195.51
196.90
197.50
163.87
178.76
126.50
202.80
193.32
193.60
364.68
258.35
299.19
283.07
209.52
327.44
271.09
364.78
344.87
292.53
317.50
301.29
252.11
276.83
235.91
269.49
257.77
246.40
230.50
184.51
327.10
335.02
300.47
220.39
242.91
261.26
187.21
201.48
181.72
161.36
228.60
308.09
294.02
303.05
150.16
324.01
312.33
256.36
312.85
316.19
274.28
313.17
308.05
242.31
164.03
300.23
308.71
337.92
244.30
352.25
257.96
250.15
317.44
296.09
247.03
262.51
318.87
328.42
286.53
272.82
269.75
311.20
295.77
250.52
220.38
249.57
299.65
284.77
218.63
360.61
284.72
229.58
295.55
251.11
198.68
266.42
270.25
257.38
276.57
258.83
310.37
264.91
275.71
302.57
305.46
215.90
254.94
223.73
176.70
293.41
297.73
211.11
285.70
338.41
346.73
239.62
269.81
265.29
243.66
199.24
261.95
279.54
233.75
283.03
283.69
196.09
310.91
283.28
280.55
289.64
189.97
257.06
330.67
261.07
242.80
278.37
302.48
242.37
191.37
287.08
247.15
270.59
366.26
232.26
299.29
281.19
284.90
321.51
281.00
286.44
261.26
202.17
283.92
267.32
296.48
296.27
321.93
308.62
356.81
324.44
300.04
324.24
238.73
366.08
258.71
300.26
342.04
309.74
317.13
324.68
346.37
316.37
306.07
336.13
354.33
284.39
320.67
304.26
280.99
296.31
315.03
284.98
311.36
370.60
274.03
304.72
360.60
265.82
242.62
353.90
285.94
362.19
337.73
262.56
360.34
391.12
227.17
384.78
251.74
342.75
351.58
442.89
263.69
346.17
276.43
349.35
336.20
350.77
223.08
438.26
260.75
395.04
408.11
303.13
263.62
288.34
275.02
370.36
333.40
343.90
340.87
374.62
245.18
328.84
280.68
329.62
354.25
245.50
342.60
294.63
358.03
332.56
355.56
330.52
332.31
377.53
300.36
338.63
329.49
211.09
326.04
303.18
302.13
280.15
325.75
294.95
233.99
307.28
264.81
214.99
255.63
257.29
219.61
163.56
294.48
258.42
192.27
166.06
234.10
340.36
234.36
164.18
281.15
349.26
214.94
183.28
215.00
190.58
279.78
135.71
198.33
185.45
146.51
292.34
212.59
206.38
171.51
126.33
274.07
148.99
163.36
200.86
169.31
266.54
202.37
171.75
272.63
259.15
295.21
204.75
269.85
224.38
178.75
156.03
237.70
222.48
269.40
244.71
328.15
220.80
189.54
188.38
283.73
219.79
245.96
264.64
326.31
306.29
287.72
276.99
324.84
248.60
295.51
316.27
300.49
340.95
297.01
347.05
334.70
200.59
353.85
310.13
298.87
325.91
361.22
388.68
306.94
298.53
285.52
324.18
408.01
330.50
364.41
289.06
278.98
305.54
358.35
341.30
316.00
355.14
303.21
351.51
358.52
319.50
292.44
286.64
299.85
306.78
339.33
328.30
300.74
377.68
162.20
342.12
264.45
269.71
334.65
212.84
275.03
246.03
224.15
293.51
306.78
204.86
197.63
249.10
288.48
296.74
273.27
213.42
306.02
275.04
253.48
249.33
210.63
203.22
212.85
206.20
222.99
224.00
297.76
265.83
311.49
237.59
234.28
162.89
200.61
188.76
202.42
222.56
176.85
282.76
211.97
218.02
223.61
235.35
192.22
201.52
128.28
163.60
126.91
174.73
108.73
142.93
146.65
125.81
124.08
117.86
109.20
101.38
94.35
86.01
71.00
106.06
101.74
114.41
106.97
90.26
63.79
94.83
54.87
62.46
95.86
93.06
81.84
113.71
44.92
87.02
45.23
104.83
47.94
57.44
95.31
81.17
138.60
58.62
39.25
63.87
91.85
50.95
61.03
22.11
81.67
77.83
103.13
88.03
62.48
62.62
75.66
47.12
117.48
78.52
45.43
62.06
94.01
79.15
53.00
93.73
97.79
82.15
110.18
117.14
76.03
85.00
64.86
174.74
152.53
90.33
128.82
126.10
101.87
121.72
135.15
107.21
101.38
76.29
92.02
130.17
111.47
110.50
76.97
96.36
83.42
82.60
57.57
92.74
130.54
122.92
126.58
98.77
125.32
92.21
140.46
96.57
90.35
67.58
116.84
59.43
75.86
79.88
82.77
86.85
95.79
69.84
74.96
77.40
139.34
99.16
94.36
95.42
101.80
124.65
108.14
122.73
83.66
141.36
113.89
98.67
135.64
102.93
115.06
107.21
101.54
157.20
78.41
131.32
60.88
138.75
130.30
78.67
44.42
47.31
77.93
77.82
83.98
54.90
74.27
113.53
75.71
150.39
98.92
86.90
76.75
87.05
103.47
85.98
121.15
145.67
39.30
52.73
60.62
89.48
86.84
99.01
85.70
102.31
33.73
87.52
50.28
66.68
69.23
45.50
74.45
79.67
104.17
117.01
95.21
55.32
104.43
81.54
38.35
102.97
41.31
51.91
39.54
28.43
36.00
75.54
51.35
75.88
92.46
68.13
62.98
70.74
53.96
44.86
35.08
51.03
100.42
40.65
42.91
65.47
54.77
63.00
43.04
58.17
55.70
48.20
52.79
76.93
83.78
67.00
32.77
51.86
45.03
44.27
39.23
77.78
27.99
41.46
33.08
27.19
76.21
39.48
32.53
47.50
29.19
31.35
70.37
43.37
41.72
54.30
41.82
39.32
70.68
41.37
29.86
23.72
50.82
20.54
50.08
31.21
47.51
55.34
57.25
39.51
26.43
35.40
40.26
57.13
34.90
31.83
53.89
96.71
52.00
29.57
30.54
24.43
68.84
35.66
27.61
51.91
42.15
31.65
43.06
44.31
34.62
48.41
29.58
39.14
52.87
39.08
30.87
56.99
59.87
28.28
49.98
52.45
64.42
67.75
63.12
49.74
30.03
53.83
53.48
54.00
35.05
29.10
20.06
78.94
29.14
32.40
61.84
69.37
36.07
37.57
52.15
59.26
53.91
43.22
51.77
39.70
55.09
44.15
30.77
37.97
28.90
44.22
32.90
47.38
62.17
61.93
72.36
60.37
101.75
101.62
137.09
133.36
124.85
106.27
124.75
123.47
101.62
172.65
99.61
92.28
106.33
108.01
110.50
119.64
88.37
108.52
153.34
140.27
130.00
129.10
146.55
127.90
117.93
104.24
116.02
73.98
122.83
98.45
77.58
103.70
132.27
130.36
93.99
143.59
91.03
90.19
143.16
126.48
100.19
92.58
127.22
130.42
103.04
72.54
85.88
105.02
122.31
127.42
86.00
95.63
82.98
64.81
38.21
59.87
58.46
97.78
62.51
197.87
200.80
106.18
194.23
132.88
112.32
101.48
126.10
143.73
98.97
126.10
166.86
118.05
129.86
208.37
129.93
126.62
109.14
87.56
85.24
155.06
94.27
114.65
186.18
194.77
175.72
238.24
194.85
173.19
214.37
246.88
137.68
169.71
217.70
159.83
228.31
57.83
27.39
21.42
18.17
44.09
134.11
201.04
153.40
130.30
146.15
109.57
133.31
119.79
233.71
124.49
120.28
153.98
158.12
140.08
234.41
165.55
186.45
150.77
129.89
178.68
100.66
234.11
176.98
117.20
130.36
89.28
165.05
158.17
115.13
181.91
150.80
122.88
117.52
111.21
158.48
172.19
130.78
159.09
106.86
63.42
132.19
56.47
68.35
39.50
52.37
42.35
33.05
35.29
37.03
33.00
34.05
29.58
33.09
81.97
104.35
101.75
106.09
103.97
112.96
114.59
133.40
131.51
102.92
126.61
110.41
124.10
116.47
110.98
169.01
100.83
124.68
142.49
94.27
143.64
118.83
123.80
112.31
120.98
129.90
106.20
116.89
84.38
122.21
144.17
137.96
114.90
138.46
109.99
142.69
143.70
150.42
105.52
85.59
144.27
138.40
108.35
134.71
101.85
152.61
118.50
147.63
116.76
116.36
126.97
124.05
106.28
107.03
107.37
101.35
164.62
133.28
130.81
140.61
134.51
129.99
115.59
140.03
172.49
119.87
136.93
160.47
143.28
134.96
149.59
113.29
110.10
130.51
138.53
136.21
146.68
138.35
83.63
134.22
147.97
114.99
119.14
128.85
127.94
133.11
135.66
130.12
148.06
130.31
109.40
154.47
102.72
118.42
147.09
105.32
129.28
77.02
122.06
111.43
108.17
101.42
108.86
170.36
75.89
108.98
113.23
116.11
94.97
77.89
90.35
105.99
65.28
69.87
85.68
112.63
112.80
58.31
189.37
79.09
89.05
68.31
78.75
97.30
50.99
67.35
100.09
81.26
124.92
78.51
87.87
149.36
195.75
141.61
155.83
102.15
108.09
159.10
157.46
104.42
105.63
100.29
64.49
47.81
80.82
33.33
62.44
59.18
107.84
159.25
99.36
68.41
163.04
54.88
75.71
95.93
118.25
160.96
84.18
51.39
39.21
87.70
84.93
82.10
52.17
73.40
69.31
56.65
44.28
81.37
69.49
64.99
71.42
98.82
107.71
29.78
29.90
42.61
45.74
44.90
67.14
54.02
46.86
49.89
50.35
48.44
45.59
44.41
82.14
32.19
61.19
40.81
50.68
49.66
45.60
38.05
45.07
41.44
36.88
62.31
53.25
74.24
76.71
51.37
42.52
56.84
65.48
78.22
49.42
42.08
77.97
85.76
67.24
85.04
56.38
71.66
45.51
63.30
56.74
85.52
67.72
148.92
124.27
119.31
117.30
122.66
98.73
113.37
104.23
101.11
57.47
62.58
87.10
88.07
57.19
95.57
40.89
30.01
52.65
63.07
22.45
67.81
35.53
83.81
27.33
33.20
27.61
27.71
16.03
27.87
30.88
39.09
40.63
67.34
47.94
24.21
56.20
77.98
79.70
57.25
104.64
76.60
126.14
82.26
86.95
89.53
71.07
78.69
97.93
48.68
82.32
88.43
77.30
62.32
77.88
80.53
84.77
58.30
93.48
104.77
47.56
96.00
123.47
87.94
94.05
55.62
74.64
70.15
28.95
63.69
114.80
66.64
96.05
79.93
63.28
93.25
55.65
121.37
89.61
63.90
74.21
62.15
120.65
81.71
124.75
105.00
92.44
97.10
106.41
124.75
70.44
107.62
89.47
99.35
104.81
66.79
51.80
51.04
229.62
248.77
198.59
218.96
208.06
199.47
201.66
108.08
151.13
219.42
169.59
229.66
217.41
181.66
166.70
144.55
173.41
265.42
191.77
222.76
275.24
202.48
231.91
207.10
155.91
319.25
298.68
251.17
284.57
327.01
277.94
210.75
278.71
217.26
188.52
174.79
158.93
83.79
72.24
35.41
34.64
100.25
166.69
149.64
138.05
148.66
104.87
120.43
105.36
106.48
194.50
94.79
155.79
135.58
152.63
181.25
207.14
177.30
117.38
136.51
102.92
193.67
121.55
166.05
96.66
105.97
89.63
88.36
71.10
86.94
65.11
64.94
132.37
103.44
154.71
87.58
113.03
74.16
79.43
98.93
106.97
120.25
154.65
227.43
187.05
209.08
36.65
26.40
40.51
38.86
71.49
87.25
50.36
63.34
65.50
67.04
121.65
92.37
65.19
18.40
48.39
74.93
62.66
41.51
42.77
52.31
167.36
210.31
136.77
201.78
171.40
115.53
158.67
163.05
196.55
201.21
197.90
131.05
187.67
209.92
207.56
198.35
166.47
200.30
173.62
146.10
175.93
175.78
197.68
170.11
140.65
220.94
139.38
161.79
162.55
201.10
209.04
205.85
170.34
259.23
210.18
167.46
121.42
207.89
182.12
143.93
213.59
153.92
185.57
205.87
242.99
150.00
139.45
141.91
159.36
122.20
187.27
204.09
119.63
171.28
131.36
151.35
197.62
125.94
149.86
148.30
174.67
141.42
153.88
128.00
153.43
165.44
175.43
108.16
145.34
225.31
144.85
191.19
100.99
92.01
125.99
205.48
163.73
206.15
129.47
193.26
171.33
192.19
228.27
244.27
238.51
226.67
330.09
336.34
295.20
321.00
270.14
363.99
305.74
346.10
283.28
300.45
192.97
279.36
242.34
238.50
238.53
239.55
214.86
201.57
150.98
116.37
117.80
102.31
82.26
96.12
107.58
90.18
155.53
171.42
162.75
191.94
166.39
171.02
116.18
132.21
85.63
86.99
46.76
17.74
12.06
22.72
62.85
57.49
54.01
64.37
52.84
49.32
30.91
51.33
35.12
40.52
17.68
158.56
242.59
162.10
167.24
130.60
185.68
212.92
132.84
177.65
196.56
151.28
158.57
233.43
104.39
119.70
171.90
108.83
103.87
156.61
120.92
24.78
37.06
27.22
40.52
49.18
61.06
33.61
103.04
45.51
74.79
106.19
24.78
53.53
85.09
57.20
50.63
60.35
56.23
30.47
75.64
52.50
73.75
84.37
47.51
73.75
92.05
67.68
37.82
28.32
41.60
34.96
67.17
70.03
45.87
92.98
50.45
38.60
62.84
76.62
86.70
57.75
46.02
67.64
78.27
76.82
67.55
56.57
53.06
39.28
42.55
43.90
59.56
56.79
115.10
61.19
62.56
29.43
45.53
31.60
32.09
50.64
