0.087714
0.178349
0.166248
0.152179
0.164340
0.161559
0.133756
0.176525
0.159233
0.195402
0.185142
0.177404
0.168869
0.160300
0.162833
0.193939
0.211967
0.188911
0.147196
0.191448
0.194019
0.173169
0.184187
0.164186
0.166008
0.191072
0.169202
0.162628
0.172697
0.180519
0.175283
0.161377
0.182130
0.205808
0.176128
0.165165
0.159907
0.173698
0.178650
0.176121
0.151632
0.175984
0.171908
0.164233
0.178886
0.192712
0.188461
0.164236
0.194800
0.197417
0.153669
0.181060
0.158991
0.183451
0.146348
0.154876
0.159585
0.179453
0.145774
0.175588
0.165029
0.164922
0.176139
0.187034
0.182843
0.180577
0.162178
0.156411
0.191335
0.156112
0.196703
0.178797
0.217678
0.180195
0.220656
0.183381
0.191778
0.170817
0.161511
0.160172
0.169079
0.191520
0.177469
0.167313
0.161833
0.147107
0.186475
0.183214
0.167798
0.185218
0.188200
0.223894
0.203625
0.175229
0.183276
0.192574
0.171516
0.186660
0.200069
0.193066
0.214632
0.188899
0.161171
0.169642
0.188365
0.170359
0.214220
0.187705
0.193236
0.165406
0.186785
0.168932
0.176119
0.184143
0.156060
0.174411
0.190056
0.188886
0.169769
0.173625
0.214468
0.197928
0.150056
0.179748
0.154279
0.195762
0.182187
0.181835
0.141997
0.181597
0.183570
0.166414
0.185416
0.166820
0.194327
0.171059
0.187885
0.163354
0.159238
0.186563
0.152992
0.226504
0.187251
0.185835
0.154499
0.200427
0.157046
0.186746
0.157196
0.213020
0.189743
0.160136
0.182464
0.178738
0.167676
0.203035
0.169510
0.163130
0.183633
0.197193
0.207037
0.173031
0.164380
0.185548
0.170794
0.182451
0.173287
0.224874
0.201466
0.185677
0.182578
0.188173
0.206104
0.159900
0.168495
0.155689
0.184479
0.158767
0.187001
0.172294
0.198351
0.166822
0.159392
0.172097
0.152812
0.173413
0.203820
0.208038
0.154318
0.172275
0.219334
0.160045
0.178372
0.173608
0.154389
0.198197
0.151456
0.144441
0.173792
0.190745
