0.018163
0.130273
0.133326
0.157836
0.114937
0.132421
0.129048
0.173718
0.194694
0.205224
0.207683
0.222317
0.199317
0.190718
0.181917
0.171426
0.165911
0.200392
0.168034
0.166278
0.158254
0.157484
0.188621
0.159645
0.160525
0.179238
0.169691
0.127841
0.130662
0.131906
0.140362
0.156193
0.159765
0.145203
0.145614
0.183663
0.134232
0.140196
0.147933
0.159683
0.153672
0.166444
0.155664
0.163035
0.177859
0.150778
0.183523
0.158042
0.170967
0.158831
0.191008
0.152572
0.165275
0.137675
0.153436
0.136432
0.154196
0.139297
0.180789
0.141493
0.151730
0.140678
0.149729
0.161649
0.148941
0.210503
0.164230
0.154977
0.158524
0.149935
0.119055
0.158883
0.148183
0.162636
0.129991
0.154591
0.120725
0.152014
0.151520
0.143238
0.133757
0.142166
0.142269
0.139081
0.144497
0.165712
0.167811
0.141609
0.158195
0.167994
0.146045
0.192080
0.151865
0.157195
0.156765
0.179044
0.190665
0.153876
0.159830
0.140009
0.176805
0.141643
0.162557
0.178493
0.145522
0.153092
0.163606
0.177870
0.173741
0.186167
0.142665
0.138816
0.134462
0.141974
0.126762
0.155213
0.148212
0.149374
0.156983
0.159307
0.135777
0.118351
0.147326
0.118187
0.154222
0.171507
0.149171
0.140199
0.151638
0.134737
0.135587
0.164347
0.191400
0.155457
0.171549
0.159621
0.162064
0.143185
0.163223
0.170388
0.158725
0.127087
0.168689
0.178893
0.198395
0.193108
0.151377
0.191415
0.155907
0.164484
0.201173
0.152942
0.191988
0.201864
0.189869
0.161689
0.144296
0.147673
0.144425
0.150021
0.142633
0.150974
0.132642
0.159279
0.151446
0.128688
0.134637
0.165701
0.156885
0.165505
0.151291
0.132685
0.155059
0.149366
0.162973
0.167720
0.149422
0.146419
0.129193
0.124605
0.146374
0.159153
0.153357
0.162714
0.199311
0.125674
0.125587
0.121727
0.139531
0.140254
0.124496
0.144647
0.165520
0.177397
0.163754
0.151032
0.141579
0.136338
0.156559
0.146961
0.168992
0.189256
0.173648
0.128118
0.155929
0.133514
0.143332
0.158702
0.165834
0.165376
0.137257
0.150686
0.131619
0.130701
0.137543
0.125149
0.149242
0.139680
0.165215
0.153683
0.178716
0.164008
0.146467
0.162889
0.154651
0.169905
0.144468
0.158463
0.149194
0.180199
0.116570
0.133950
0.146050
0.173033
0.155623
0.140928
0.170146
0.148817
0.152001
0.161355
0.151233
0.162538
0.161553
0.148405
0.140490
0.146913
0.174404
0.147320
0.152989
0.168546
0.155950
0.143648
0.139341
0.141653
0.170215
0.134336
0.150817
0.171215
0.143433
0.155409
0.138337
0.141743
0.140159
0.147642
0.142662
0.127903
0.137937
0.154435
0.164427
0.136555
0.147696
0.172026
0.146381
0.150066
0.132310
0.151218
0.163663
0.162240
0.159825
0.163581
0.160678
0.147732
0.166658
0.162283
0.156490
0.151639
0.126187
0.147862
0.150437
0.150660
0.157581
0.179426
0.156504
0.210637
0.174567
0.165308
0.152810
0.164371
0.148020
0.133517
0.153370
0.168217
0.154081
0.175410
0.132048
0.144635
0.131352
0.141446
0.146535
0.151133
0.146859
0.140079
0.152790
0.161468
0.141104
0.161845
0.124272
0.157722
0.149452
0.151289
0.148450
0.136744
0.190479
0.175292
0.156213
0.157808
0.182376
0.156450
0.156950
0.135266
0.145623
0.151226
0.182644
0.159341
0.169260
0.158782
0.137964
0.129343
0.155757
0.172046
0.176526
0.146038
0.112337
0.144649
0.127932
0.161447
0.144662
0.152485
0.134359
0.162197
0.182945
0.168865
0.170655
0.171574
0.168028
0.179395
0.159730
0.160136
0.166647
