0.00
0.74
0.81
0.82
0.77
0.79
0.79
0.80
0.71
0.79
0.78
0.79
0.63
0.79
0.79
0.58
0.76
0.79
0.62
0.68
0.57
0.73
0.62
0.71
0.63
0.75
0.74
0.76
0.76
0.73
0.74
0.76
0.70
0.72
0.72
0.66
0.68
0.58
0.74
0.68
0.74
0.55
0.74
0.64
0.72
0.73
0.76
0.77
0.70
0.76
0.79
0.68
0.70
0.68
0.73
0.79
0.76
0.78
0.74
0.77
0.76
0.74
0.77
0.73
0.78
0.78
0.75
0.74
0.77
0.76
0.76
0.73
0.67
0.77
0.76
0.79
0.68
0.71
0.70
0.72
0.62
0.70
0.67
0.73
0.59
0.70
0.74
0.76
0.57
0.72
0.73
0.76
0.76
0.77
0.70
0.76
0.74
0.68
0.76
0.76
0.69
0.76
0.71
0.78
0.77
0.72
0.75
0.76
0.75
0.75
0.67
0.75
0.74
0.74
0.73
0.72
0.72
0.70
0.70
0.65
0.68
0.63
0.67
0.65
0.66
0.62
0.55
0.69
0.70
0.61
0.64
0.64
0.61
0.64
0.59
0.57
0.62
0.56
0.62
0.65
0.63
0.63
0.67
0.66
0.68
0.66
0.62
0.61
0.52
0.62
0.54
0.58
0.57
0.61
0.61
0.54
0.62
0.51
0.55
0.60
0.54
0.60
0.53
0.62
0.57
0.52
0.57
0.55
0.61
0.59
0.61
0.54
0.55
0.58
0.53
0.59
0.52
0.59
0.59
0.62
0.55
0.55
0.54
0.57
0.54
0.57
0.52
0.60
0.60
0.58
0.58
0.58
0.53
0.61
0.61
0.61
0.60
0.62
0.61
0.63
0.53
0.58
0.58
0.62
0.60
0.66
0.64
0.65
0.63
0.67
0.65
0.66
0.68
0.57
0.66
0.54
0.63
0.66
0.69
0.63
0.66
0.58
0.58
0.66
0.60
0.59
0.71
0.65
0.66
0.67
0.68
0.68
0.71
0.63
0.70
0.59
0.69
0.68
0.66
0.67
0.72
0.70
0.68
0.68
0.67
0.67
0.63
0.61
0.67
0.69
0.62
0.66
0.67
0.64
0.63
0.54
0.66
0.63
0.64
0.67
0.68
0.60
0.69
0.60
0.64
0.63
0.64
0.67
0.59
0.66
0.66
0.66
0.67
0.65
0.68
0.59
0.63
0.63
0.65
0.66
0.62
0.65
0.64
0.66
0.65
0.66
0.64
0.70
0.64
0.66
0.64
0.62
0.65
0.64
0.59
0.66
0.59
0.66
0.58
0.68
0.68
0.55
0.66
0.66
0.62
0.71
0.53
0.67
0.68
0.67
0.64
0.72
0.67
0.67
0.61
0.68
0.69
0.69
0.65
0.69
0.66
0.64
0.64
0.70
0.63
0.62
0.68
0.59
0.68
0.62
0.62
0.69
0.60
0.71
0.66
0.69
0.61
0.67
0.62
0.67
0.62
0.67
0.68
0.64
0.57
0.61
0.66
0.67
0.64
0.63
0.65
0.58
0.64
0.64
0.64
0.63
0.64
0.62
0.66
0.57
0.63
0.59
0.66
0.61
0.64
0.66
0.65
0.66
0.65
0.63
0.69
0.63
0.68
0.68
0.65
0.68
0.68
0.64
0.68
0.69
0.65
0.66
0.68
0.68
0.66
0.67
0.67
0.68
0.69
0.70
0.71
0.70
0.67
0.67
0.70
0.67
0.71
0.69
0.66
0.68
0.69
0.70
0.70
0.71
0.72
0.69
0.71
0.69
0.67
0.67
0.70
0.67
0.70
0.68
0.65
0.65
0.66
0.65
0.61
0.65
0.63
0.62
0.64
0.61
0.68
0.68
0.64
0.62
0.57
0.64
0.59
0.58
0.56
0.62
0.60
0.60
0.58
0.59
0.59
0.61
0.57
0.61
0.58
0.58
0.53
0.50
0.62
0.60
0.63
0.60
0.70
0.68
0.68
0.67
0.69
0.65
0.67
0.66
0.66
0.62
0.66
0.64
0.66
0.63
0.63
0.62
0.66
0.65
0.64
0.64
0.63
0.60
0.62
0.57
0.60
0.61
0.63
0.62
0.61
0.59
0.59
0.60
0.62
0.57
0.54
0.59
0.58
0.62
0.62
0.61
0.62
0.58
0.60
0.60
0.57
0.61
0.59
0.63
0.60
0.57
0.60
0.69
0.68
0.67
0.65
0.66
0.63
0.64
0.62
0.66
0.68
0.63
0.64
0.64
0.68
0.65
0.70
0.69
0.69
0.65
0.62
0.62
0.70
0.69
0.68
0.72
0.72
0.74
0.71
0.72
0.65
0.65
0.66
0.61
0.67
0.65
0.66
0.70
0.71
0.65
0.62
0.64
0.52
0.66
0.70
0.69
0.60
0.68
0.70
0.66
0.70
0.70
0.69
0.71
0.70
0.71
0.68
0.70
0.71
0.71
0.67
0.69
0.66
0.68
0.67
0.67
0.70
0.68
0.69
0.71
0.68
0.72
0.66
0.71
0.71
0.67
0.64
0.68
0.70
0.69
0.69
0.71
0.70
0.69
0.59
0.67
0.65
0.62
0.67
0.68
0.64
0.67
0.65
0.67
0.66
0.65
0.62
0.67
0.65
0.54
0.57
0.58
0.51
0.51
0.51
0.53
0.52
0.54
0.62
0.67
0.68
0.67
0.70
0.68
0.71
0.70
0.69
0.71
0.70
0.71
0.71
0.74
0.70
0.68
0.71
0.73
0.67
0.69
0.72
0.73
0.72
0.72
0.70
0.74
0.75
0.74
0.73
0.73
0.75
0.73
0.72
0.72
0.70
0.74
0.74
0.73
0.72
0.70
0.70
0.73
0.74
0.73
0.71
0.72
0.75
0.71
0.72
0.66
0.73
0.67
0.60
0.65
0.66
0.65
0.70
0.62
0.62
0.62
0.66
0.60
0.63
0.56
0.52
0.59
0.52
0.56
0.61
0.58
0.58
0.57
0.57
0.54
0.62
0.56
0.56
0.50
0.52
0.45
0.47
0.49
0.58
0.53
0.60
0.58
0.58
0.59
0.59
0.42
0.45
0.47
0.39
0.48
0.44
0.52
0.50
0.45
