0.00
466.58
459.61
423.43
464.47
411.50
461.60
402.88
426.42
414.05
367.96
403.63
389.18
367.21
397.82
331.95
318.81
359.50
412.94
362.00
403.07
434.40
341.00
361.09
393.01
347.33
386.43
425.75
410.36
386.16
423.14
335.22
399.77
415.27
349.52
411.64
405.68
324.97
413.17
308.59
306.51
307.73
321.15
310.36
290.13
251.98
273.45
312.42
301.70
315.26
265.87
303.39
269.41
277.27
287.11
245.63
224.71
252.72
278.14
298.47
207.38
259.57
190.41
209.89
248.13
183.01
279.70
228.78
257.61
290.71
266.06
252.67
276.17
189.21
209.51
207.10
271.33
297.88
228.81
243.52
278.66
244.64
256.13
366.77
330.39
352.55
287.26
291.70
260.46
334.60
262.27
268.24
290.42
274.02
238.02
303.97
203.05
250.35
239.13
217.54
273.24
353.39
298.38
254.40
314.09
246.15
306.20
293.55
235.16
265.54
311.26
290.93
316.08
307.54
317.01
232.81
259.32
382.91
290.86
337.39
326.27
285.98
337.46
268.20
339.28
335.15
348.09
334.15
299.54
323.10
375.09
334.72
358.00
348.45
350.60
374.02
310.34
349.70
306.93
335.03
301.18
363.48
322.79
309.55
218.23
245.62
223.83
264.35
244.25
260.38
262.21
214.02
181.00
207.64
209.27
203.80
238.74
167.19
174.97
207.32
226.54
207.55
199.02
190.68
208.26
211.47
163.48
182.71
171.82
214.99
168.23
222.47
187.59
211.07
252.57
219.60
200.76
193.63
164.36
175.44
201.56
196.15
170.57
149.99
85.28
90.64
88.04
121.22
70.15
82.49
82.18
71.16
137.90
79.46
127.46
93.62
94.63
85.19
94.96
100.48
98.79
114.66
131.75
90.13
67.49
78.79
74.30
98.30
117.39
58.68
145.02
131.51
120.20
148.64
148.28
161.61
161.19
128.18
187.95
174.72
142.33
177.02
179.28
205.38
165.47
192.21
230.83
187.59
196.54
226.72
197.20
202.25
235.80
236.75
259.23
207.72
249.19
227.09
255.59
246.43
236.73
220.52
254.67
232.48
242.75
247.61
215.19
312.84
194.15
280.70
142.84
270.83
154.82
311.40
151.69
298.05
255.07
266.00
286.09
269.29
306.58
300.17
217.31
247.96
266.51
275.12
221.59
178.26
208.31
216.57
210.41
213.31
205.95
165.14
113.92
161.93
123.69
113.46
111.34
98.06
62.98
71.31
103.16
125.70
228.91
187.34
208.57
230.54
231.56
205.02
177.06
134.35
89.70
119.72
104.94
171.21
199.55
170.37
172.97
187.80
238.14
251.60
252.15
253.73
220.87
175.12
254.52
189.65
187.96
217.87
229.05
127.29
161.32
157.07
163.55
142.43
163.43
152.85
179.41
203.80
203.13
160.98
160.73
185.51
163.57
181.79
160.60
229.90
157.44
198.73
212.33
146.21
230.05
231.52
273.02
210.51
314.41
213.70
269.53
230.88
284.41
290.35
299.72
227.71
310.25
286.74
315.60
263.17
328.16
290.50
307.46
224.59
366.50
234.71
350.29
224.70
306.50
256.33
313.28
308.14
271.29
337.83
282.89
276.47
255.46
245.89
281.59
215.87
306.38
288.42
244.67
287.19
225.46
253.05
203.89
234.52
196.95
162.78
118.86
140.05
140.68
200.04
247.98
210.32
245.99
222.81
290.71
266.90
283.18
283.24
299.15
282.67
277.11
257.94
280.18
236.41
323.92
245.48
299.26
331.44
302.14
330.05
325.97
295.95
341.13
321.65
326.69
346.14
316.90
332.73
345.36
331.40
339.09
355.66
366.33
335.14
352.97
326.38
319.64
280.21
299.33
302.56
296.05
277.07
273.71
225.08
284.86
259.95
214.45
250.94
259.62
201.33
166.58
200.48
129.31
252.55
250.17
188.80
249.09
307.02
