0.00
0.84
0.87
0.87
0.85
0.87
0.87
0.85
0.85
0.85
0.85
0.84
0.83
0.85
0.84
0.83
0.86
0.85
0.85
0.86
0.86
0.85
0.86
0.86
0.85
0.87
0.85
0.85
0.84
0.84
0.83
0.83
0.82
0.81
0.80
0.80
0.81
0.79
0.80
0.79
0.81
0.76
0.79
0.80
0.78
0.78
0.81
0.78
0.78
0.79
0.75
0.75
0.67
0.74
0.73
0.70
0.65
0.70
0.72
0.66
0.64
0.69
0.63
0.68
0.63
0.62
0.59
0.55
0.55
0.54
0.52
0.52
0.47
0.46
0.50
0.50
0.52
0.46
0.44
0.45
0.49
0.51
0.45
0.52
0.49
0.42
0.51
0.57
0.50
0.53
0.51
0.53
0.56
0.51
0.43
0.54
0.50
0.52
0.49
0.48
0.46
0.50
0.56
0.59
0.51
0.59
0.53
0.60
0.52
0.60
0.55
0.66
0.57
0.60
0.56
0.50
0.60
0.65
0.64
0.59
0.62
0.61
0.68
0.60
0.54
0.55
0.52
0.56
0.52
0.55
0.42
0.53
0.57
0.43
0.42
0.49
0.48
0.45
0.44
0.28
0.31
0.39
0.52
0.36
0.39
0.48
0.56
0.45
0.39
0.43
0.42
0.42
0.49
0.40
0.54
0.38
0.47
0.38
0.46
0.49
0.46
0.44
0.58
0.51
0.62
0.52
0.61
0.53
0.54
0.54
0.44
0.50
0.40
0.56
0.48
0.49
0.31
0.22
0.20
0.23
0.25
0.34
0.29
0.32
0.36
0.28
0.35
0.43
0.42
0.36
0.43
0.52
0.43
0.41
0.28
0.30
0.35
0.28
0.36
0.15
0.17
0.22
0.15
0.24
0.26
0.31
0.30
0.28
0.26
0.25
0.38
0.31
0.33
0.35
