0.020160
3.552388
0.134272
0.118532
0.133494
0.120090
0.116230
0.119432
0.119503
0.119709
0.118744
0.135551
0.098001
0.130100
0.121935
0.119684
0.113536
0.134764
0.129244
0.125813
0.181745
0.163834
0.124936
0.131670
0.112600
0.125850
0.128690
0.121378
0.143492
0.127262
0.155617
0.128846
0.135437
0.133466
0.130469
0.141570
0.126682
0.123949
0.126589
0.126995
0.131965
0.141682
0.152617
0.179562
0.147087
0.136198
0.152257
0.169919
0.152360
0.143522
0.147289
0.148429
0.143916
0.157375
0.182948
0.134424
0.155738
0.145727
0.163878
0.176515
0.152363
0.171159
0.165394
0.145876
0.141999
0.140821
0.175876
0.226125
0.150913
0.139202
0.144185
0.139876
0.151167
0.149782
0.152803
0.139559
0.145513
0.163005
0.139753
0.140416
0.162196
0.136822
0.166859
0.153542
0.152681
0.155014
0.154038
0.141119
0.167081
0.159464
0.134598
0.149767
0.172559
0.154612
0.180212
0.170415
0.141197
0.139619
0.144964
0.137522
0.206188
0.253091
0.182422
0.151892
0.177276
0.142503
0.157195
0.147178
0.147484
0.167642
0.152848
0.142216
0.143569
0.148702
0.140731
0.145907
0.179349
0.143479
0.150454
0.143337
0.135604
0.137913
0.151178
0.146389
0.136871
0.147193
0.154446
0.148879
0.144064
0.140781
0.143126
0.158262
0.152549
0.187725
0.154120
0.149682
0.146753
0.157744
0.142360
0.141559
0.152876
0.180579
0.176012
0.190113
0.144594
0.149549
0.149199
0.154192
0.168267
0.143774
0.149682
0.155821
0.156134
0.164823
0.147630
0.153559
0.141851
0.153188
0.145299
0.153258
0.160174
0.157786
0.174799
0.150878
0.149159
0.164050
0.157130
0.142125
0.145154
0.139087
0.141028
0.151031
0.149562
0.161359
0.152153
0.149018
0.147056
0.162541
0.161791
0.176326
0.155243
0.149278
0.152819
0.138474
0.146897
0.138898
0.156719
0.145435
0.140955
0.139432
0.141637
0.151653
0.150712
0.136434
0.139337
0.147433
0.186656
0.175713
0.149395
0.140577
0.144071
0.140813
0.161516
0.147098
0.156430
0.138573
0.153049
0.145508
0.168968
0.151103
0.145178
0.152306
0.158189
0.144890
0.152005
0.156665
0.138035
0.141521
0.149865
0.146200
0.145867
0.163526
0.143970
0.149411
0.156344
0.145430
0.145824
0.143542
0.143076
0.145990
0.184332
0.141883
0.160571
0.179194
0.160362
0.154874
0.144405
0.156949
0.148290
0.152771
0.153404
0.138496
0.154496
0.142210
0.157750
0.140462
0.150024
0.148525
0.148114
0.139972
0.166018
0.146733
0.159862
0.146087
0.153976
0.153130
0.154404
0.145610
0.156827
0.145876
0.166122
0.162897
0.146519
0.144481
0.164464
0.162048
0.146750
0.166630
0.157240
0.176840
0.157641
0.155492
0.144469
0.212969
0.142740
0.138875
0.147645
0.148528
0.148746
0.146768
0.140785
0.156895
0.166387
0.151362
0.160891
0.163467
0.150264
0.149654
0.149335
0.141285
0.142551
0.153061
0.175199
0.172220
0.157631
0.152935
0.148467
0.168550
0.142257
0.153874
0.142767
0.159248
0.144969
0.144945
0.178828
0.165313
0.145132
0.169000
0.175197
0.154704
0.145213
0.164453
0.155288
0.171553
0.160140
0.142661
0.155854
0.144000
0.168267
0.135266
0.155524
0.153934
0.150186
0.149141
0.155261
0.157041
0.145833
0.150338
0.173546
0.150235
0.156729
0.149338
0.165967
0.207055
0.178548
0.156799
0.138638
0.136201
0.214732
0.153009
0.154056
0.180007
0.143303
0.148030
0.143682
0.169492
0.161997
0.152772
0.163452
0.155177
0.186755
0.145680
0.145931
0.147517
0.148880
0.161719
0.155205
0.144530
0.138055
0.144091
0.190635
0.144777
0.143844
0.182552
0.141732
0.142215
0.142806
0.208004
0.216216
0.203135
0.175019
0.175122
0.134892
0.145742
0.142645
0.144430
0.148187
0.173104
0.190492
0.165211
0.158849
0.145534
0.144418
0.175155
0.138779
0.153305
0.136624
0.156527
0.142306
0.146955
0.153361
0.136726
0.167852
0.161323
0.142268
0.164473
0.160387
0.139762
0.154023
0.155814
0.157831
0.146249
0.152471
0.155987
0.199994
0.158740
0.168042
0.176363
0.174736
0.176825
0.138803
0.159307
0.152306
0.150511
0.147639
0.153688
0.177574
0.153874
0.161764
0.145208
0.161652
0.172524
0.147302
0.169949
0.151754
0.148519
0.172078
0.158864
0.148593
0.153407
0.193485
0.169003
0.148466
0.154653
0.143459
0.155550
0.140922
0.160275
0.172144
0.178155
