0.00
545.29
562.82
560.71
554.79
560.51
561.91
549.35
555.34
549.32
554.88
548.45
539.70
550.94
543.00
539.62
556.88
551.24
555.03
560.04
555.14
556.26
558.71
557.30
552.62
562.05
553.88
558.66
547.57
555.70
547.61
552.58
542.68
542.90
535.45
539.93
546.43
543.61
544.19
539.90
554.35
513.38
548.89
547.78
547.70
537.06
551.49
540.70
546.85
552.58
545.62
545.59
547.14
540.54
544.87
543.13
541.63
542.91
545.66
542.27
528.97
529.53
539.86
536.68
536.30
532.25
526.95
524.42
520.88
522.93
503.29
515.87
504.63
500.77
502.29
521.72
521.50
507.44
494.94
492.07
498.26
511.14
502.58
513.47
506.64
470.56
497.31
523.88
500.54
508.01
497.98
497.71
508.51
504.53
464.37
499.45
477.68
508.59
482.56
490.30
495.04
500.23
508.54
512.35
490.05
510.41
502.87
518.88
493.39
511.18
520.22
525.51
515.40
525.88
502.08
476.89
526.19
538.33
511.20
513.38
495.42
498.72
482.65
510.23
473.48
468.82
482.79
482.30
489.61
471.24
458.86
487.69
504.14
452.98
466.50
477.45
496.06
448.22
468.44
334.09
374.79
427.08
499.28
451.89
464.08
494.06
526.20
489.57
467.39
495.44
496.34
503.62
518.54
500.63
530.57
484.89
486.80
490.76
509.17
519.64
481.55
494.37
506.16
513.90
500.54
444.98
490.84
375.74
402.84
357.54
286.80
324.22
233.15
359.96
242.94
299.67
185.46
127.43
178.11
178.36
138.85
202.25
223.86
185.97
246.87
221.49
254.74
323.93
216.37
297.57
259.52
323.98
301.01
249.42
152.12
142.25
158.78
152.72
186.90
128.13
121.07
207.81
140.09
96.55
154.88
83.36
126.27
141.45
188.85
145.75
291.78
145.89
211.06
213.70
