0.00
519.56
503.67
509.70
415.78
503.95
476.58
493.43
417.67
386.42
406.32
440.19
315.59
415.28
307.51
380.83
297.44
306.38
246.59
360.89
317.03
336.87
296.79
289.50
351.73
260.98
290.22
236.50
205.26
217.07
172.72
194.97
208.96
183.79
244.61
196.93
234.93
174.42
214.52
206.81
166.73
237.92
281.07
163.89
186.66
213.13
237.66
186.42
243.24
213.38
205.92
222.23
231.26
237.91
268.03
250.36
277.87
272.83
257.92
282.49
338.42
273.09
262.17
226.39
307.77
207.88
291.34
198.53
184.26
238.96
176.31
180.83
174.73
174.08
163.07
156.14
146.11
139.77
134.28
121.18
154.95
138.70
131.84
101.08
159.06
193.31
151.63
113.06
126.12
111.99
105.51
100.24
106.74
87.59
78.20
91.02
71.94
78.11
47.79
45.78
31.34
37.14
55.67
51.49
38.61
120.44
110.70
66.32
97.65
96.46
101.22
128.65
146.45
133.10
124.20
154.45
101.75
142.02
156.31
101.90
151.40
82.85
123.81
104.52
89.73
109.37
98.89
109.90
95.67
62.87
60.64
63.86
35.45
56.07
32.65
35.10
122.63
119.07
161.28
154.23
124.81
120.46
198.90
132.77
169.22
199.09
160.17
202.39
104.06
84.63
133.35
167.17
215.30
166.98
192.85
187.92
181.84
115.22
176.01
236.43
171.60
260.62
165.17
196.91
159.48
79.39
29.27
10.41
14.75
27.24
27.35
34.20
30.84
131.72
135.24
142.24
211.00
191.19
168.50
143.30
136.85
167.11
177.94
137.12
122.42
127.33
150.58
105.71
94.45
88.65
83.65
111.46
99.70
109.82
104.22
96.82
94.01
139.44
128.14
90.01
