254	0	52	100
250	1	56	96
252	1	56	100
250	1	56	97
250	4	58	100
249	3	60	98
247	5	61	97
247	8	63	96
247	6	64	98
244	8	66	99
246	8	66	98
243	11	68	98
244	9	70	101
240	14	73	96
242	11	73	101
239	15	77	97
238	13	78	100
238	14	79	102
237	16	80	102
237	17	81	101
237	19	81	102
237	19	81	105
237	19	83	108
235	22	86	108
235	20	86	113
235	21	88	114
234	22	89	113
233	23	92	113
230	25	94	113
230	26	95	112
229	28	97	112
228	27	98	114
227	27	100	117
226	27	101	117
223	26	105	120
220	27	107	122
219	29	109	120
218	29	110	120
217	28	111	122
215	28	112	123
213	27	115	126
214	28	115	125
213	28	117	129
211	32	119	126
211	34	118	125
211	35	118	125
210	35	121	127
208	34	122	130
207	35	123	129
206	38	125	127
205	35	127	132
204	35	131	132
204	37	130	132
201	37	131	133
200	40	132	131
198	40	136	132
198	36	138	139
196	37	142	140
193	39	149	140
193	44	141	136
192	36	149	146
190	41	150	143
192	44	149	142
187	39	158	148
188	48	155	137
190	42	152	141
190	50	154	134
188	45	153	139
189	56	153	129
186	46	161	138
188	54	156	133
183	56	160	132
187	56	157	134
185	57	160	132
183	56	162	135
186	59	163	134
184	60	163	131
183	54	168	137
181	57	170	135
182	57	171	136
181	62	170	131
179	56	177	138
179	48	177	147
178	45	176	152
179	49	177	148
179	54	175	144
176	58	178	142
176	59	181	142
174	61	187	134
171	60	183	137
168	63	190	133
366	2	79	85
401	28	33	45
404	39	29	44
403	41	31	42
403	41	31	42
402	43	31	40
401	44	32	40
400	43	33	41
400	48	33	41
398	45	36	45
398	48	37	44
396	47	37	46
395	51	35	44
394	47	40	49
392	51	38	49
393	48	40	51
392	52	39	48
391	58	36	44
391	61	38	46
392	65	36	41
389	68	37	40
389	70	37	39
388	71	37	41
386	71	39	43
387	74	37	40
385	75	38	42
382	74	41	45
382	76	42	46
382	76	42	48
380	76	43	49
380	74	44	53
376	80	45	50
376	82	45	49
373	85	48	48
374	88	46	45
373	88	45	47
370	89	47	48
370	89	47	51
369	91	48	51
369	91	49	50
366	95	47	50
367	97	46	48
365	98	48	49
365	96	48	53
364	102	50	50
363	101	49	50
362	105	50	50
361	106	49	48
360	111	50	46
359	111	50	47
358	114	51	46
357	113	51	47
356	116	51	47
356	117	52	49
357	119	54	47
357	118	54	49
358	120	54	50
360	121	55	50
360	122	56	50
361	123	56	51
362	125	57	50
362	128	57	48
362	128	57	49
363	130	57	49
363	131	58	48
363	132	57	48
363	134	58	48
363	136	59	47
363	138	60	47
363	138	60	47
363	139	61	48
363	140	61	46
361	141	63	48
363	142	62	47
361	144	63	47
362	144	62	48
363	144	62	49
361	145	64	50
360	147	65	49
361	149	64	48
360	150	66	49
359	151	66	48
358	153	66	48
357	154	67	47
355	157	68	47
355	158	68	47
354	159	69	47
354	160	68	46
353	159	68	48
353	160	69	47
352	161	69	49
351	161	70	50
350	162	70	49
348	163	70	49
346	164	71	50
346	164	71	51
346	164	71	52
344	165	72	53
343	167	72	50
341	166	73	54
341	167	72	53
339	168	73	53
339	169	73	52
336	169	74	54
336	171	73	53
334	172	74	54
334	175	73	49
329	176	76	50
330	178	75	48
327	179	75	46
326	179	75	49
325	180	75	48
324	182	74	47
322	184	75	43
319	184	76	44
318	185	75	43
316	186	76	42
315	186	77	44
313	187	76	43
311	187	77	43
310	187	78	44
309	188	80	42
308	189	80	42
306	189	79	42
305	189	79	43
304	190	80	42
302	191	79	40
301	191	78	40
300	192	77	40
299	192	79	38
297	192	78	40
297	192	76	38
295	192	79	38
293	192	81	39
290	192	82	39
291	192	79	38
291	192	79	37
287	192	87	39
286	192	89	39
283	193	86	38
284	193	84	38
283	194	83	37
281	194	89	38
280	194	83	37
279	194	86	38
277	195	86	37
278	196	80	36
278	197	84	36
274	198	86	35
276	198	83	36
273	199	86	35
271	199	85	35
271	200	82	35
270	201	87	35
270	201	85	34
267	202	87	34
267	202	84	34
266	203	86	34
264	202	84	33
265	201	84	35
264	203	83	34
263	203	82	35
261	203	82	35
262	204	80	35
261	203	80	36
259	202	82	37
259	201	80	39
257	200	81	41
257	202	80	39
256	201	79	41
255	201	79	41
254	202	80	41
252	199	78	43
253	202	79	39
251	200	78	41
251	203	77	39
250	201	77	40
249	201	77	41
249	202	77	39
248	201	77	41
248	202	76	39
247	202	76	40
247	201	76	41
247	202	74	39
246	202	74	39
246	202	74	39
245	203	73	38
246	201	73	40
246	202	72	38
245	201	73	39
244	201	72	38
247	201	70	38
245	202	70	37
246	200	71	37
245	201	70	36
246	201	69	35
247	201	68	35
246	201	68	35
247	200	67	35
247	200	67	35
247	200	67	36
247	199	67	36
247	199	67	35
248	199	66	34
249	198	66	35
248	197	66	34
248	198	65	34
249	197	65	34
249	196	64	34
249	197	63	32
249	197	63	32
250	196	62	32
250	196	62	32
249	195	62	32
249	196	62	32
249	196	63	32
249	194	62	32
249	195	63	31
248	193	63	33
248	194	62	33
248	194	62	33
248	193	61	33
247	193	61	33
247	192	60	33
246	191	61	33
246	192	59	33
246	192	58	32
246	191	58	32
246	191	59	32
244	191	59	31
245	191	58	31
244	191	57	32
245	190	57	32
243	191	57	31
244	190	56	31
242	191	56	30
242	190	56	32
240	190	57	31
238	190	58	30
236	190	58	30
234	190	58	30
233	189	56	30
230	190	58	30
228	190	57	30
226	189	57	30
225	188	57	31
223	188	56	29
221	188	56	30
219	188	56	30
217	186	55	30
216	187	55	29
214	187	56	29
212	186	56	29
209	186	57	29
208	185	55	29
206	185	53	28
205	184	55	29
202	184	57	30
201	184	54	29
200	182	54	29
198	180	52	31
195	179	53	31
194	179	55	30
193	178	52	30
192	178	52	30
195	175	49	31
192	176	50	29
193	175	50	28
