0.00
535.57
489.20
538.70
474.04
554.87
527.24
531.98
547.05
510.99
551.13
498.27
551.52
537.25
549.31
547.21
533.44
537.02
529.51
527.13
522.97
513.86
508.31
501.08
507.91
509.97
488.71
494.05
493.48
496.05
485.43
475.41
490.14
504.61
498.11
471.72
504.77
487.34
466.27
460.79
492.31
477.20
454.20
462.08
484.29
477.42
464.85
445.08
455.92
480.13
444.30
422.40
456.85
447.31
454.26
459.81
435.20
395.86
380.58
381.19
341.19
345.93
369.85
349.13
391.48
331.71
364.77
365.21
383.78
276.27
367.45
408.67
328.71
368.74
349.30
333.63
366.22
315.49
353.45
322.59
371.38
282.01
276.88
299.03
284.68
304.25
265.02
180.46
149.05
112.86
76.90
73.82
117.61
168.64
205.23
170.70
141.70
153.46
154.96
177.31
152.80
142.61
161.45
147.15
175.72
115.89
162.56
115.04
108.20
140.29
205.26
150.49
283.81
204.20
259.97
259.24
264.57
254.92
193.67
268.62
266.63
254.78
149.56
304.30
257.08
331.70
305.25
278.53
286.79
300.56
312.94
213.52
310.81
219.88
190.27
196.93
269.34
205.23
299.89
260.15
319.62
296.82
386.54
355.38
358.81
388.02
414.62
366.55
369.84
413.28
387.94
416.60
406.27
423.27
448.13
435.81
437.41
408.67
446.67
428.31
434.95
411.15
420.81
374.51
417.70
375.79
434.54
447.30
427.97
452.67
455.69
458.16
452.52
469.44
457.41
407.87
446.59
462.43
444.03
439.22
480.31
456.85
463.29
443.59
441.23
424.83
427.47
420.83
414.59
438.96
387.44
429.26
387.51
397.17
362.61
405.53
370.95
386.40
314.64
320.90
331.62
343.65
343.02
333.90
352.74
368.37
386.33
327.76
373.88
347.69
370.24
349.07
294.40
314.58
322.80
298.69
322.42
322.86
321.49
352.07
355.29
299.82
389.38
336.77
350.83
275.10
339.31
334.78
298.80
291.36
255.64
308.38
331.42
313.05
277.88
329.17
269.66
281.79
365.07
296.65
336.78
316.52
333.83
329.56
350.18
350.07
321.15
315.09
297.95
246.16
304.36
305.19
254.04
229.96
307.24
246.02
214.10
279.53
257.14
216.89
204.80
194.38
170.53
138.54
103.21
173.75
96.15
177.74
136.27
113.43
97.19
64.01
100.37
80.95
112.13
121.41
94.85
131.40
192.93
174.63
243.09
234.68
189.40
171.45
314.52
298.28
397.81
387.21
393.64
419.24
428.51
420.74
423.83
424.52
447.36
404.66
409.37
411.74
423.95
422.83
418.34
405.59
414.81
413.84
399.24
413.30
434.62
397.20
414.03
410.59
434.50
417.12
410.71
397.67
407.14
391.72
394.79
418.85
410.02
423.53
386.28
413.85
435.91
373.77
415.74
398.10
428.09
412.22
368.10
359.38
348.45
292.58
368.25
278.79
261.54
261.81
351.40
308.91
274.02
317.95
324.66
351.96
360.08
290.56
311.08
323.93
329.22
380.35
361.12
339.52
372.19
326.46
329.20
386.05
331.06
413.14
387.25
360.77
439.87
