0.051110
0.160034
0.162892
0.184920
0.160811
0.171138
0.153890
0.156140
0.203062
0.180782
0.148918
0.161513
0.152065
0.150888
0.158554
0.160635
0.159112
0.158552
0.161475
0.174961
0.166903
0.161623
0.155191
0.186240
0.160295
0.186436
0.195026
0.163048
0.148798
0.175586
0.174482
0.214887
0.154761
0.170671
0.177362
0.147454
0.244722
0.167063
0.156156
0.178774
0.169603
0.151784
0.148343
0.155317
0.151753
0.153997
0.159552
0.158233
0.156894
0.166148
0.185744
0.165859
0.150845
0.149019
0.179817
0.201823
0.162894
0.158506
0.171105
0.160506
0.154480
0.163161
0.180521
0.162681
0.166532
0.158379
0.160993
0.154558
0.173553
0.158046
0.164799
0.148433
0.167749
0.161161
0.163543
0.173124
0.161721
0.203817
0.192817
0.187332
0.160591
0.161496
0.177597
0.159347
0.147137
0.165220
0.159841
0.206498
0.158196
0.156057
0.171862
0.190277
0.158523
0.193593
0.167933
0.169523
0.151793
0.146446
0.168191
0.185633
0.199283
0.185004
0.182528
0.181784
0.220856
0.178578
0.202723
0.227568
0.230058
0.203437
0.224602
0.209402
0.226506
0.218279
0.202297
0.261316
0.259570
0.223365
0.249587
0.207470
0.192766
0.159448
0.152433
0.187371
0.170202
0.157789
0.149671
0.157021
0.160185
0.175681
0.153530
0.195659
0.169474
0.164261
0.151253
0.144496
0.153177
0.151763
0.151438
0.154962
0.147966
0.143228
0.133070
0.165754
0.166464
0.145170
0.147888
0.140320
0.167140
0.138143
0.125168
0.132682
0.127268
0.126703
0.147426
0.162388
0.146218
0.175386
0.127148
0.126229
0.119992
0.153645
0.139470
0.153677
0.145019
0.136753
0.141135
0.138999
0.131297
0.164187
0.161973
0.178266
0.188225
0.168041
0.168016
0.212130
0.173978
0.172505
0.202165
0.219523
0.176522
0.159207
0.152990
0.160084
0.164342
0.150745
0.195856
0.216381
0.184553
0.177370
0.192538
0.189469
0.178725
0.175639
0.200058
0.168844
0.159888
0.176367
0.198479
0.181622
0.154977
0.159984
0.177625
0.152068
0.183370
0.207092
0.188823
0.180815
0.187816
0.159580
0.186525
0.171534
0.171662
0.175350
0.186108
0.183397
0.184819
0.164515
0.182380
0.172033
0.166789
0.206594
0.201149
0.190514
0.166585
0.174667
0.192585
0.158425
0.201634
0.226118
0.178918
0.184363
0.172925
0.171401
0.198104
0.178195
0.164122
0.174830
0.153977
0.172414
0.148624
0.204279
0.201835
0.223103
0.181750
0.171292
0.184916
0.171404
0.154298
0.209487
0.158468
0.164506
0.208030
0.166405
0.170079
0.151239
0.198738
0.172532
0.175185
0.183191
0.171245
0.223351
0.189181
0.191671
0.211070
0.183684
0.161690
0.155757
0.165510
0.161640
0.185004
0.149328
0.176830
0.176107
0.209458
0.206673
0.165665
0.193976
0.168289
0.174746
0.160919
0.160469
0.163915
0.181326
0.163391
0.176668
0.181694
0.173725
0.150492
0.183048
0.191481
0.152373
0.173278
0.191521
0.203013
