0.00
492.61
535.20
540.97
513.98
525.95
532.80
538.34
453.54
529.38
519.38
531.68
379.19
518.86
528.05
339.05
507.66
523.35
375.65
437.78
313.71
480.76
359.39
444.76
376.32
490.32
480.02
478.39
488.13
468.41
470.18
483.92
419.76
455.89
431.47
389.20
424.40
327.67
471.72
421.94
467.45
293.64
474.11
374.77
471.26
477.14
513.56
514.93
445.96
491.96
522.54
430.75
453.56
415.72
474.43
520.80
493.80
512.08
479.22
510.20
518.07
453.41
502.90
471.00
520.74
509.79
475.70
470.19
501.10
490.58
488.97
481.14
425.65
494.22
491.11
524.50
419.12
463.39
443.69
471.33
375.03
464.11
427.04
473.26
309.47
442.23
496.26
504.69
311.85
450.31
472.88
495.46
485.16
498.60
452.16
495.42
475.20
420.46
478.68
487.66
426.19
483.93
419.04
507.75
495.92
430.26
468.53
481.99
482.77
467.70
394.20
470.68
457.40
458.18
444.99
452.37
434.00
431.63
401.36
367.89
372.77
342.63
357.98
344.12
355.63
334.22
260.43
390.30
403.75
297.84
337.26
334.31
297.98
310.72
290.23
253.43
311.48
243.33
295.51
341.28
297.19
306.11
347.26
343.98
357.78
336.04
295.93
291.45
204.99
295.74
220.20
268.22
258.15
290.04
292.91
227.91
303.62
201.00
247.99
264.93
214.13
278.62
210.04
304.01
232.41
205.65
239.41
214.25
271.37
246.80
269.67
198.32
214.45
239.64
220.96
232.00
196.32
257.45
271.81
282.40
221.03
203.10
206.42
223.30
205.70
226.12
185.56
263.65
253.10
241.28
250.81
236.69
205.63
250.30
266.29
247.94
251.50
273.77
267.02
276.54
201.09
224.34
212.64
255.71
276.70
332.33
321.26
308.59
280.43
306.49
322.99
313.37
323.40
220.57
314.36
236.37
283.25
311.32
348.08
257.30
288.39
221.55
209.63
291.80
228.19
221.93
376.47
276.14
282.77
295.46
313.78
333.68
369.01
271.01
392.77
253.51
321.85
318.24
318.97
300.25
387.58
313.51
278.09
319.99
292.26
252.41
225.21
230.72
283.22
334.48
252.05
320.21
315.69
303.30
285.85
222.88
313.93
303.40
297.57
314.09
334.45
269.79
381.34
285.77
321.81
290.05
299.72
327.87
253.27
323.19
335.74
332.96
353.49
301.86
331.87
232.02
291.09
281.11
304.51
317.30
277.48
317.84
292.13
326.70
305.22
322.03
312.77
372.91
280.29
315.32
307.11
268.00
319.07
282.31
244.20
325.05
276.52
308.53
240.06
342.46
344.68
218.70
341.55
318.28
287.73
383.41
204.72
351.32
347.14
339.38
282.08
399.45
319.67
336.51
273.61
360.50
361.06
350.92
324.16
373.59
336.34
300.68
297.50
370.56
303.22
287.47
353.11
243.48
357.00
291.33
269.59
373.09
268.68
401.35
330.21
359.85
280.99
337.69
276.66
345.59
288.37
330.79
356.90
317.78
246.63
279.85
347.03
341.92
306.99
291.94
314.38
231.10
285.06
297.86
292.65
298.30
290.09
262.18
322.71
229.91
301.11
253.58
333.94
273.62
302.44
329.56
316.56
322.85
306.05
276.72
363.63
270.80
353.78
356.91
309.30
353.79
354.29
291.18
350.81
365.68
304.68
311.09
347.12
342.57
331.37
328.44
349.48
340.37
372.24
362.32
395.85
359.61
329.10
333.03
369.89
328.18
395.41
348.35
314.36
351.61
369.18
368.88
377.10
392.65
396.73
362.98
390.09
377.24
344.23
352.71
378.41
347.56
363.00
351.79
320.52
322.92
321.98
310.75
276.31
321.07
284.39
285.84
319.00
284.23
346.92
347.21
312.03
298.04
263.17
308.58
264.94
250.97
231.83
293.22
253.80
266.72
248.80
262.64
266.14
287.72
251.71
282.37
232.61
251.78
211.83
200.17
295.59
285.35
313.24
283.46
380.39
370.04
362.18
375.41
366.26
341.56
354.94
334.25
330.16
292.82
336.39
294.70
338.15
298.99
297.52
296.70
333.96
316.79
300.44
307.11
307.41
279.53
276.08
257.48
275.59
297.19
317.66
297.97
288.13
260.16
269.23
256.10
276.41
218.14
230.83
287.09
255.03
266.36
278.18
279.27
274.96
251.40
253.97
255.58
232.26
261.26
262.46
298.83
271.23
226.95
257.02
331.03
296.76
314.32
283.86
280.70
269.77
291.56
256.98
317.03
329.43
323.66
314.67
285.10
351.80
297.45
329.16
320.41
302.70
300.94
292.50
305.39
378.50
349.22
364.22
394.57
416.30
428.38
396.43
394.31
311.81
313.31
322.14
295.78
343.00
321.84
359.31
389.30
405.68
355.01
331.93
340.42
288.72
372.93
417.35
391.16
318.31
382.10
397.93
352.23
378.55
393.30
387.97
404.53
388.74
402.74
385.88
395.71
396.47
410.63
381.87
401.96
408.78
402.83
402.86
407.24
409.33
390.26
412.82
408.50
395.52
433.33
380.12
413.37
428.85
397.82
375.61
399.63
413.12
384.88
389.96
418.12
381.87
394.32
345.80
381.67
370.72
343.86
391.83
386.51
354.46
369.60
361.33
394.69
387.11
385.23
380.97
391.24
397.53
332.10
385.58
376.83
335.57
325.42
329.83
345.07
351.83
358.43
371.84
388.47
407.98
412.76
409.24
393.82
435.92
416.23
413.11
438.78
436.87
436.48
418.01
473.47
431.96
433.00
426.03
456.13
396.79
445.51
432.14
441.77
441.65
451.38
429.27
447.54
456.59
461.18
454.14
476.60
465.24
482.18
460.80
464.17
443.10
472.72
482.03
475.12
441.94
449.68
425.18
447.25
465.95
445.82
440.37
451.69
490.08
461.09
443.30
389.56
438.34
387.50
358.74
341.09
345.93
381.76
417.30
332.84
337.86
334.54
345.91
283.69
312.32
245.96
216.88
289.81
225.80
306.16
298.84
296.14
267.37
324.36
261.77
244.30
294.18
282.62
220.64
215.00
234.75
194.25
178.67
179.91
262.07
234.19
298.85
284.42
284.82
292.16
315.26
168.62
209.98
243.79
148.41
243.31
162.08
221.51
192.30
166.50
