0.00
0.70
0.75
0.80
0.75
0.71
0.77
0.78
0.69
0.74
0.70
0.68
0.67
0.67
0.70
0.73
0.68
0.68
0.67
0.70
0.65
0.72
0.72
0.69
0.64
0.67
0.63
0.66
0.58
0.64
0.63
0.58
0.58
0.64
0.62
0.54
0.58
0.62
0.53
0.50
0.51
0.49
0.55
0.51
0.42
0.50
0.50
0.41
0.51
0.49
0.39
0.45
0.45
0.48
0.38
0.32
0.40
0.35
0.35
0.41
0.45
0.33
0.38
0.39
0.42
0.42
0.42
0.35
0.51
0.40
0.45
0.45
0.48
0.44
0.40
0.25
0.45
0.45
0.33
0.37
0.28
0.30
0.37
0.34
0.42
0.53
0.48
0.36
0.37
0.38
0.51
0.50
0.53
0.48
0.35
0.56
0.51
0.56
0.50
0.56
0.47
0.54
0.51
0.49
0.42
0.56
0.55
0.51
0.55
0.53
0.60
0.42
0.52
0.48
0.64
0.58
0.57
0.58
