0.00
410.08
447.65
499.35
466.08
415.52
472.06
491.43
398.67
436.15
388.61
360.04
364.99
366.69
380.31
414.48
372.29
366.03
364.16
380.49
332.04
421.24
406.91
376.41
342.61
346.85
309.21
335.99
277.07
347.33
300.03
289.29
299.64
353.84
333.67
255.33
277.05
304.23
226.63
215.89
215.19
161.73
228.96
192.87
138.65
203.48
208.70
169.69
218.91
205.61
157.18
185.12
149.04
184.55
144.41
134.92
136.48
123.73
110.02
140.47
165.56
97.12
156.39
126.59
198.10
148.84
158.62
166.30
231.67
178.22
168.05
219.15
194.30
209.77
171.36
101.46
189.19
203.54
113.79
128.88
80.45
134.62
164.66
150.29
147.16
248.59
182.40
151.54
134.31
132.41
211.23
219.58
195.61
172.93
141.24
324.30
291.46
300.80
274.28
299.78
300.43
296.98
274.05
318.53
252.84
314.76
298.33
281.41
268.37
273.01
319.54
219.38
308.97
223.90
378.99
299.31
318.79
338.87
