0.00
271.28
305.21
296.08
402.74
215.47
344.09
437.41
313.93
304.70
287.63
205.01
317.15
282.82
329.95
294.37
327.46
175.55
292.36
261.57
416.65
205.91
301.87
276.03
247.09
353.28
285.07
357.13
299.33
270.95
379.81
327.84
300.84
381.06
388.72
219.71
275.48
299.88
280.97
291.97
425.80
294.84
260.69
292.24
290.86
341.23
345.90
386.87
379.70
383.24
349.15
346.47
221.80
403.80
342.15
269.50
317.94
245.20
318.54
350.53
338.83
437.83
390.17
292.23
345.12
415.87
347.99
441.61
374.41
359.04
365.28
353.50
221.97
263.39
324.25
403.48
230.38
381.63
307.42
276.31
409.46
328.53
372.48
312.44
429.46
343.80
213.55
322.07
387.69
205.42
354.93
287.75
361.49
351.31
295.63
375.62
213.21
394.71
219.75
325.75
302.28
368.01
264.68
309.66
331.17
302.36
424.80
267.86
350.46
318.07
262.26
262.29
364.89
243.03
200.34
328.86
261.82
323.88
262.19
391.16
396.73
210.87
333.85
338.13
296.38
221.11
245.32
162.67
305.62
328.56
293.46
326.50
299.26
352.54
242.82
346.39
306.06
249.49
323.96
364.14
332.83
311.05
295.57
264.91
347.35
378.58
217.44
432.00
248.51
349.55
273.50
313.41
400.22
345.07
381.46
306.53
314.01
414.85
343.14
291.55
322.92
383.98
329.52
347.03
300.19
358.87
317.01
253.83
370.30
414.23
214.42
328.03
382.20
309.39
298.49
275.32
379.45
347.83
183.60
389.85
296.68
434.27
332.83
197.45
365.65
356.38
298.12
442.22
318.96
416.76
334.98
348.76
350.76
405.42
303.23
435.66
418.46
408.26
371.55
395.13
401.10
369.06
368.32
348.77
430.67
344.73
445.65
417.06
398.28
446.05
372.72
424.61
367.40
392.94
346.25
401.40
411.20
391.46
398.68
351.38
299.27
327.82
400.20
293.08
343.60
330.27
362.87
403.88
370.74
346.32
367.46
353.81
325.85
402.21
382.69
250.21
366.52
367.47
373.99
288.00
335.80
304.23
330.55
319.30
362.23
309.32
345.94
273.99
299.06
329.27
351.20
299.49
313.96
303.38
322.42
365.27
270.68
275.87
337.49
357.50
294.32
352.99
305.64
311.92
327.49
325.95
323.54
347.47
350.20
313.29
321.37
282.57
270.88
322.18
367.24
341.46
292.20
303.57
326.23
321.50
246.80
289.28
343.62
319.43
296.11
326.65
251.46
340.80
354.06
335.44
274.89
352.96
301.00
268.73
333.91
364.86
322.80
335.41
335.31
261.29
298.05
366.91
309.23
344.53
324.19
308.92
307.79
341.01
331.74
218.86
320.88
304.17
305.83
274.08
311.53
298.52
310.56
302.98
296.13
245.38
345.36
310.48
275.94
258.52
272.14
276.21
241.70
322.75
292.05
187.41
303.74
205.85
187.52
289.75
282.64
251.56
314.13
286.40
257.65
299.38
326.70
249.18
296.84
259.85
223.57
270.73
317.12
282.91
303.77
261.96
278.45
299.80
276.19
254.52
326.51
326.33
316.02
308.70
301.76
278.89
306.63
314.53
293.54
327.63
261.68
247.70
270.83
285.30
264.83
277.83
285.29
286.26
305.04
294.11
293.19
335.06
284.82
312.64
320.13
331.27
280.89
304.45
279.90
323.34
323.07
291.18
214.90
288.75
259.78
293.12
288.91
286.39
295.02
274.63
310.09
284.34
309.60
318.48
303.50
278.70
273.19
215.08
299.18
288.79
266.52
282.82
268.05
270.94
247.50
298.12
311.81
280.86
306.74
287.31
294.21
236.06
270.60
274.86
236.75
246.83
278.41
241.08
280.72
266.05
281.87
290.33
279.91
244.76
275.85
242.47
286.40
220.11
252.54
228.19
229.72
265.07
277.08
277.82
250.88
237.61
229.39
313.07
312.11
230.95
258.37
280.07
230.57
269.95
276.03
241.81
195.63
193.29
254.58
261.41
292.73
250.99
305.71
247.85
243.63
297.10
219.55
261.75
247.28
191.44
220.89
138.70
228.89
159.63
216.42
205.10
236.98
209.80
190.35
211.86
231.11
155.75
204.23
265.10
165.76
217.34
225.05
160.42
194.07
188.61
178.31
230.09
211.21
219.66
222.69
224.62
189.61
135.70
222.79
164.30
196.79
192.93
108.86
238.14
286.01
367.84
316.60
288.38
328.14
349.01
352.19
264.77
334.57
326.28
334.18
331.91
339.82
249.59
327.67
224.69
295.06
293.84
155.78
283.28
277.32
289.73
323.68
361.61
286.96
333.89
271.01
345.35
244.15
226.39
292.23
254.27
267.19
294.56
279.33
229.15
265.75
230.90
167.15
306.12
136.54
205.56
122.20
295.49
150.35
242.79
129.22
217.26
99.50
162.80
114.07
291.31
88.99
92.50
123.79
269.86
232.29
286.49
267.85
208.25
308.97
240.43
283.60
