0.00
441.09
453.91
428.22
439.93
458.17
432.48
389.11
436.85
443.60
387.95
425.32
452.83
430.68
434.83
475.86
444.85
431.74
397.27
455.32
394.10
410.02
456.87
442.98
446.38
447.41
446.34
387.19
457.11
378.11
419.07
468.41
451.24
422.77
379.63
449.36
392.44
406.58
444.08
444.85
426.80
382.57
446.78
455.33
437.32
386.64
438.64
434.23
375.47
437.70
402.41
413.08
419.54
387.39
418.97
443.82
400.12
412.73
402.82
380.92
356.80
373.38
416.08
367.10
342.12
334.76
365.21
359.67
386.76
428.48
406.58
419.85
360.83
424.67
395.54
413.65
420.00
368.92
406.99
424.13
392.67
414.65
368.24
364.30
371.29
353.02
363.22
278.63
326.19
273.07
260.25
287.76
312.83
346.38
257.02
367.91
294.68
346.33
336.25
372.33
366.21
340.80
245.29
285.52
292.41
227.10
361.93
295.66
303.65
347.05
263.02
275.72
243.60
295.91
371.88
417.18
403.40
423.38
416.58
436.85
330.63
408.71
232.33
403.30
292.38
275.99
297.25
237.99
389.12
299.72
294.84
276.67
307.71
326.45
404.62
282.09
323.35
304.61
322.36
291.37
237.74
252.65
217.01
271.19
279.99
345.82
328.90
261.96
263.11
342.01
284.08
185.78
257.46
184.11
207.35
377.75
389.71
383.39
286.33
222.44
247.16
308.89
261.55
344.82
377.90
372.84
357.93
369.92
301.84
311.14
282.36
317.76
311.89
312.32
274.67
311.51
298.99
199.69
366.71
349.49
291.58
231.09
359.28
199.03
329.86
270.49
242.32
233.64
264.34
231.92
285.99
247.28
177.52
223.04
292.98
205.85
345.05
213.93
394.68
284.54
352.50
296.88
340.43
276.52
313.35
227.62
321.71
227.15
292.40
240.73
291.04
326.48
313.04
299.10
263.44
302.66
211.56
261.68
294.27
254.15
282.00
207.20
235.57
224.75
226.53
202.04
211.77
287.15
235.06
200.92
219.49
184.01
190.71
193.29
364.49
250.66
338.69
293.88
328.60
347.01
301.25
268.25
349.73
322.06
327.09
291.13
304.19
324.68
309.29
285.37
299.27
240.62
319.91
233.26
234.51
297.51
167.50
236.63
190.83
203.79
169.58
189.69
229.72
195.33
276.44
231.27
265.22
256.72
255.20
246.76
210.23
253.37
260.93
241.48
206.95
231.13
180.95
163.07
157.79
133.85
277.70
216.17
239.40
289.97
288.51
252.74
232.01
205.33
227.42
328.99
248.15
255.59
252.73
264.59
303.34
222.18
189.26
149.70
216.73
181.59
169.11
211.86
271.77
242.32
222.07
184.86
245.49
315.29
291.76
297.90
259.29
176.97
162.61
298.08
201.01
193.89
165.28
140.73
145.85
190.96
247.73
278.99
230.92
256.93
189.10
315.44
216.62
190.41
225.23
314.16
289.02
266.11
204.73
321.61
190.13
233.88
217.43
229.78
253.95
255.18
262.02
343.24
160.27
270.73
262.31
244.70
183.68
232.11
269.18
227.48
260.47
265.10
230.51
210.02
184.63
197.12
202.82
180.60
194.55
194.25
219.19
248.32
208.23
193.12
302.69
220.80
263.34
164.49
223.22
132.44
239.75
200.33
200.22
215.72
233.67
227.02
207.39
284.50
292.48
220.07
214.55
248.54
278.09
318.56
228.36
210.24
243.84
200.49
202.42
239.81
264.47
202.79
194.87
205.40
193.94
243.87
168.17
176.12
246.86
221.62
254.55
207.50
177.39
269.98
172.70
196.99
158.34
185.67
257.06
251.70
157.04
174.07
191.50
219.64
198.61
260.09
215.18
185.34
241.66
184.30
259.89
170.03
175.63
207.16
311.28
169.35
195.49
251.93
208.74
207.74
224.86
203.14
237.87
256.41
295.49
255.14
238.66
265.99
244.08
193.48
282.73
210.12
253.01
204.39
229.10
272.98
213.00
193.22
224.17
218.76
213.07
280.11
233.68
261.71
277.30
229.68
193.18
191.16
208.49
206.18
230.24
234.50
259.48
209.33
290.33
197.36
207.48
234.82
204.11
246.26
223.94
259.58
210.27
239.58
201.27
219.44
206.81
210.59
233.17
220.27
213.46
249.83
147.52
194.45
300.09
151.16
158.36
228.90
277.67
184.31
235.28
210.60
226.72
224.71
232.76
177.28
208.70
223.42
209.29
197.27
201.91
