0.00
0.55
0.53
0.64
0.61
0.55
0.66
0.63
0.60
0.66
0.65
0.61
0.54
0.69
0.50
0.61
0.52
0.61
0.63
0.59
0.51
0.48
0.64
0.48
0.48
0.69
0.57
0.54
0.54
0.63
0.56
0.61
0.56
0.67
0.66
0.63
0.61
0.67
0.57
0.53
0.62
0.54
0.53
0.67
0.54
0.63
0.57
0.53
0.53
0.50
0.62
0.60
0.51
0.69
0.57
0.54
0.63
0.63
0.52
0.64
0.68
0.54
0.66
0.59
0.55
0.54
0.55
0.55
0.67
0.54
0.62
0.67
0.59
0.58
0.58
0.56
0.68
0.62
0.62
0.61
0.67
0.57
0.63
0.63
0.55
0.57
0.62
0.57
0.59
0.52
0.55
0.63
0.60
0.55
0.55
0.59
0.55
0.65
0.48
0.53
0.49
0.51
0.53
0.50
0.51
0.47
0.48
0.43
0.40
0.48
0.34
0.29
0.24
0.07
0.21
0.16
0.15
0.13
0.13
0.11
0.35
0.39
0.36
0.35
0.27
0.28
0.37
0.38
0.42
0.28
0.33
0.26
0.23
0.25
0.41
0.22
0.18
0.21
0.12
0.11
0.16
0.28
0.31
0.39
0.48
0.47
0.44
0.53
0.46
0.49
0.46
0.52
0.52
0.50
0.51
0.45
0.50
0.54
0.47
0.45
0.51
0.57
0.50
0.49
0.55
0.52
0.50
0.50
0.50
0.48
0.48
0.44
0.61
0.59
0.52
0.49
0.57
0.46
0.50
0.57
0.42
0.46
0.57
0.53
0.55
0.58
0.47
0.54
0.52
0.51
0.56
0.57
0.49
0.50
0.49
0.51
0.44
0.60
0.57
0.49
0.49
0.45
0.55
0.48
0.53
0.55
0.49
0.52
0.61
0.56
0.56
0.54
0.61
0.47
0.52
0.54
0.61
0.47
0.47
0.58
0.54
0.57
0.54
0.46
0.53
0.43
0.55
0.46
0.45
0.46
0.56
0.47
