0.071935
0.232514
0.165898
0.173328
0.157106
0.196690
0.182822
0.182545
0.189572
0.202169
0.198184
0.175421
0.186436
0.145918
0.171732
0.200776
0.158913
0.181812
0.185657
0.192626
0.176269
0.184102
0.176394
0.189116
0.172772
0.204216
0.236350
0.205749
0.214830
0.190367
0.169325
0.197402
0.167298
0.177796
0.200460
0.224911
0.173512
0.179626
0.195138
0.193797
0.156507
0.186663
0.173298
0.151714
0.187033
0.218891
0.204117
0.172085
0.185528
0.156903
0.153553
0.205470
0.179007
0.187890
0.152916
0.157163
0.165446
0.179709
0.159412
0.171476
0.152166
0.178638
0.172983
0.153596
0.158586
0.145551
0.153030
0.162930
0.135417
0.149836
0.183996
0.151887
0.176684
0.184824
0.161698
0.191641
0.158609
0.198411
0.166310
0.184686
0.187623
0.192794
