0.00
0.60
0.75
0.75
0.72
0.74
0.73
0.67
0.72
0.71
0.62
0.60
0.73
0.71
0.72
0.59
0.75
0.66
0.59
0.73
0.70
0.72
0.58
0.65
0.75
0.61
0.68
0.69
0.69
0.71
0.74
0.73
0.67
0.75
0.68
0.70
0.69
0.71
0.67
0.61
0.70
0.70
0.66
0.61
0.64
0.57
0.62
0.60
0.68
0.73
0.61
0.65
0.69
0.68
0.60
0.62
0.56
0.64
0.54
0.56
0.53
0.67
0.64
0.64
0.70
0.66
0.68
0.68
0.60
0.75
0.70
0.63
0.68
0.66
0.62
0.67
0.63
0.64
0.60
0.62
0.60
0.60
0.54
0.52
0.56
0.54
0.54
0.48
0.55
0.57
0.67
0.45
0.57
0.56
0.52
0.58
0.56
0.45
0.59
0.53
0.35
0.45
0.36
0.56
0.42
0.57
0.56
0.64
0.55
0.61
0.47
0.61
0.56
0.64
0.49
0.56
0.53
0.54
0.62
0.53
0.48
0.52
0.59
0.61
0.49
0.65
0.53
0.54
0.60
0.41
0.59
0.56
0.60
0.49
0.51
0.62
0.56
0.53
0.61
0.63
0.53
0.41
0.50
0.38
0.49
0.46
0.56
0.56
0.41
0.53
0.56
0.52
0.52
0.58
0.48
0.53
0.49
0.53
0.49
0.57
0.55
0.50
0.40
0.56
0.43
0.46
0.52
0.58
0.47
0.47
0.55
0.49
0.52
0.56
0.47
0.51
0.59
0.51
0.49
0.62
0.57
0.53
0.67
0.61
0.60
0.64
0.66
0.58
0.65
0.66
0.53
0.49
0.55
0.51
0.50
0.47
0.52
0.46
0.59
0.59
0.52
0.62
0.60
0.60
0.58
0.59
0.58
0.51
0.56
0.53
0.59
0.63
0.56
0.53
0.56
0.59
0.56
0.63
0.63
0.64
0.56
0.56
0.55
0.59
0.58
0.47
0.56
0.56
0.49
0.61
0.53
0.49
0.55
0.49
0.53
0.56
0.50
0.57
0.54
0.57
0.55
0.55
0.54
0.55
0.49
0.54
0.49
0.45
0.46
0.49
0.49
0.47
0.52
0.52
0.47
0.58
0.46
0.47
0.52
0.46
0.44
0.51
0.41
0.49
0.47
0.46
0.49
0.41
0.49
0.47
0.47
0.48
0.52
0.44
0.46
0.45
0.46
0.46
0.53
0.49
0.47
0.49
0.48
0.47
0.44
0.41
0.44
0.51
0.48
0.37
0.44
0.45
0.50
0.38
0.42
0.46
0.41
0.41
0.47
0.44
0.42
0.40
0.41
0.48
0.43
0.40
0.47
0.44
0.42
0.42
0.39
0.46
0.38
0.45
0.37
0.47
0.42
0.42
0.50
0.45
0.40
0.42
0.45
0.42
0.45
0.45
0.41
0.42
0.40
0.34
0.41
0.38
0.36
0.39
0.37
0.40
0.44
0.41
0.43
0.38
0.39
0.36
0.38
0.35
0.41
0.35
0.39
0.38
0.40
0.34
0.38
0.35
0.33
0.37
0.41
0.40
0.43
0.40
0.37
0.30
0.42
0.39
0.37
0.38
0.44
0.41
0.49
0.42
0.47
0.41
0.43
0.44
0.44
0.46
0.42
0.47
0.44
0.45
0.45
0.44
0.46
0.43
0.41
0.49
0.46
0.45
0.44
0.43
0.44
0.44
0.41
0.45
0.48
0.41
0.46
0.41
0.50
0.42
0.47
0.41
0.47
0.45
0.45
0.46
0.44
0.46
0.44
0.48
0.49
0.46
0.45
0.50
0.52
0.45
0.52
0.50
0.51
0.41
0.48
0.57
0.52
0.51
0.50
0.50
0.51
0.52
0.51
0.53
0.54
0.53
0.51
0.50
0.51
0.52
0.52
0.51
0.49
0.52
0.55
0.46
0.50
0.53
0.49
0.47
0.55
0.46
0.56
0.56
0.54
0.52
0.59
0.54
0.58
0.60
0.60
0.62
0.57
0.48
0.56
0.55
0.56
0.53
0.53
0.46
0.49
0.58
0.58
0.52
0.57
0.52
0.62
0.61
0.54
0.51
0.58
0.53
0.57
0.51
0.58
0.61
0.59
0.56
0.64
0.56
0.59
0.59
0.58
0.57
0.56
0.55
0.53
0.51
0.52
0.56
0.54
0.53
0.63
0.58
0.60
0.50
0.62
0.57
0.57
0.54
0.53
0.62
0.61
0.59
0.55
0.64
0.58
0.54
0.54
0.51
0.63
0.54
0.63
0.63
0.55
0.60
0.62
0.59
0.63
0.62
0.48
0.64
0.63
0.60
0.63
0.60
0.64
0.62
0.64
0.56
0.62
0.64
0.57
0.61
0.61
0.65
0.60
0.60
0.59
0.62
0.66
0.64
0.58
0.65
0.63
0.67
0.60
0.62
0.66
0.62
0.65
0.62
0.65
0.63
0.68
0.63
0.66
0.67
0.69
0.64
0.58
0.61
0.59
0.58
0.59
0.63
0.67
0.59
0.63
0.68
0.67
0.57
0.66
0.64
0.49
0.64
0.69
0.52
0.62
0.67
0.66
0.66
0.67
0.63
0.65
0.62
0.65
0.54
0.68
0.69
0.69
0.58
