0.00
420.63
482.17
426.62
343.29
253.13
257.43
408.08
336.12
328.14
195.32
231.40
168.89
255.71
235.95
265.32
222.89
279.93
214.80
262.21
230.68
256.67
261.15
211.72
240.40
307.04
257.36
218.62
269.70
192.50
209.01
214.03
235.28
276.01
348.37
280.21
231.68
181.78
290.90
188.94
190.31
252.98
281.48
323.63
326.38
267.14
266.55
342.18
288.15
290.26
302.15
305.12
327.61
284.40
345.81
348.73
343.21
391.58
380.28
339.73
346.73
312.74
328.96
279.96
309.41
267.29
319.33
327.33
262.98
253.69
296.88
323.95
252.81
239.41
264.92
221.27
174.75
217.74
199.14
205.57
202.38
147.59
157.43
220.35
173.62
190.05
151.26
174.99
185.73
173.03
191.39
173.05
152.88
172.10
239.63
190.18
141.38
203.58
205.85
212.42
224.60
212.79
197.89
205.70
192.13
186.29
147.64
228.60
207.89
257.72
279.71
236.68
304.37
234.80
271.37
306.65
315.17
337.23
298.56
290.83
307.19
237.05
240.79
176.16
242.98
290.84
240.78
297.51
242.32
266.50
281.86
254.83
259.39
239.03
288.37
257.23
195.61
219.25
219.39
300.98
243.15
207.68
180.01
150.84
165.27
153.75
136.08
164.89
169.94
159.23
96.65
153.60
86.52
184.22
207.39
127.16
98.87
97.38
96.78
193.88
237.75
227.46
220.20
205.68
268.93
195.68
201.18
274.39
265.46
222.62
273.17
215.30
193.17
202.74
204.48
189.55
226.52
237.40
219.90
201.96
218.91
195.68
191.23
162.36
182.22
140.56
116.55
157.70
133.10
178.04
88.95
163.44
129.98
186.64
143.99
182.33
135.74
147.40
165.89
199.55
175.26
176.20
115.34
96.01
154.33
128.66
151.93
164.32
155.52
171.06
389.84
273.94
235.16
215.98
300.11
222.21
318.01
274.46
275.19
367.60
339.75
369.20
376.91
383.58
350.44
434.34
388.21
471.99
418.16
371.80
414.22
384.41
406.26
424.69
439.00
475.42
447.51
421.88
420.09
470.21
481.37
476.31
456.88
475.74
462.77
460.63
449.97
464.24
453.64
439.28
431.38
402.23
402.45
421.30
398.18
415.51
349.57
456.32
330.70
435.47
336.07
461.38
413.48
406.20
437.14
407.52
469.12
437.95
421.09
446.87
418.23
448.41
460.46
444.95
412.03
444.95
375.94
434.90
418.96
373.35
395.76
390.35
349.55
364.38
390.47
346.51
363.64
356.82
323.88
283.31
295.93
252.12
337.51
265.64
378.20
286.85
303.89
238.07
267.18
284.68
224.31
275.69
295.39
220.62
323.58
265.23
288.28
305.62
281.08
257.16
275.52
249.85
225.97
241.75
222.00
303.52
217.95
243.87
250.91
214.23
246.79
286.86
244.39
201.47
169.40
258.01
138.64
131.17
249.01
113.89
154.58
183.58
132.29
142.40
124.40
177.19
139.21
108.45
87.30
130.53
194.72
111.97
189.38
107.16
140.95
137.99
103.14
112.42
133.89
98.14
146.27
89.06
183.77
163.49
192.67
121.34
158.75
192.80
126.94
179.85
216.02
230.62
170.99
175.05
202.12
230.02
179.21
164.86
165.88
254.09
87.36
170.29
200.38
170.62
145.49
117.29
130.58
100.62
119.76
167.06
133.39
189.69
139.54
132.41
128.82
172.45
195.32
87.09
120.14
137.10
206.75
154.63
156.23
120.33
141.82
144.73
225.40
117.85
192.88
163.77
180.49
90.70
147.80
168.25
136.24
137.69
172.37
162.78
179.06
163.16
157.95
204.09
139.50
152.63
200.68
186.42
131.30
190.79
184.23
205.45
170.18
181.08
111.97
72.66
98.74
59.44
96.44
73.88
102.77
84.33
127.42
142.97
78.95
78.46
103.37
126.04
138.62
95.57
108.61
95.99
113.59
115.49
71.75
83.97
109.76
81.29
78.88
82.05
101.36
94.75
117.10
85.06
90.57
91.43
89.30
77.67
48.78
56.15
122.33
65.82
109.18
54.15
87.57
61.86
66.40
82.37
142.66
105.93
94.70
75.81
84.51
102.80
113.28
99.52
105.19
62.10
53.36
97.00
60.72
54.89
77.97
44.63
130.59
77.51
59.63
78.49
48.49
55.06
77.24
158.88
373.75
344.39
389.51
378.07
348.22
368.66
362.22
299.78
339.73
355.98
368.04
373.45
361.89
315.92
339.98
365.21
353.23
352.20
306.23
312.95
387.85
386.90
349.74
369.66
375.81
313.47
318.98
357.42
373.34
277.78
351.85
357.22
308.37
333.41
333.48
234.88
