0.051835
0.204294
0.188591
0.197760
0.160969
0.172639
0.168495
0.175951
0.226465
0.178253
0.158674
0.199283
0.166953
0.183764
0.153969
0.178147
0.174727
0.175189
0.211393
0.184699
0.182187
0.215631
0.212875
0.174302
0.174244
0.209381
0.204173
0.186331
0.169687
0.175783
0.173600
0.191755
0.192826
0.176790
0.151673
0.186509
0.171803
0.152367
0.185277
0.173726
0.159127
0.213197
0.198523
0.144316
0.177286
0.160976
0.156862
0.199541
0.163738
0.166562
0.178942
0.197190
0.212164
0.172278
0.169099
0.143611
0.178038
0.203062
0.232383
0.218637
0.163862
0.154065
0.158569
0.162463
0.162486
0.193014
0.168320
0.168037
0.178414
0.159561
0.191948
0.189504
0.174328
0.183933
0.181108
0.173290
0.184488
0.172940
0.170866
0.172371
0.189135
0.159519
0.191161
0.203500
0.201334
0.184432
0.199106
0.180316
0.173774
0.174244
0.185325
0.194510
0.181488
0.168152
0.200344
0.169727
0.155879
0.150143
0.193103
0.204519
0.173829
0.158935
0.184909
0.143631
0.186582
0.153049
0.178044
0.170252
0.199147
0.166835
0.174423
0.179165
0.189301
0.176508
0.185176
0.169827
0.222290
0.201725
0.164101
0.163762
0.196206
0.196428
0.159468
0.172028
0.169700
0.177616
0.180618
0.186723
0.204658
0.187684
0.180999
0.189026
0.150004
0.173119
0.159314
0.177592
0.155770
0.207201
0.190705
0.171870
0.177265
0.216363
0.206904
0.234671
0.253620
0.188799
0.172076
0.195934
0.214274
0.204665
0.171121
0.182775
0.171307
0.195291
0.177588
0.162188
0.187733
0.147697
0.188211
0.180151
0.167760
0.197826
0.183947
0.144693
0.170952
0.161079
0.171794
0.148697
0.166131
0.171435
0.200169
0.177029
0.190329
0.189923
0.166631
0.180046
0.198296
0.182939
0.186882
0.172210
0.186114
0.217980
0.217104
0.208872
0.144883
0.189011
0.169651
0.142537
0.181524
0.164094
0.224009
0.166932
0.182411
0.178460
0.183287
0.185940
0.173452
0.166047
0.164630
0.192506
0.182189
0.207195
0.155893
0.194131
0.162678
0.183136
0.184048
0.152937
0.212129
0.214446
0.213538
0.181854
0.158717
0.180162
0.156228
0.155373
0.168347
0.182987
0.172777
0.163083
0.179131
0.188176
0.165818
0.212904
0.216287
0.216031
0.191169
0.178253
0.168441
0.180698
0.177852
0.171655
0.174143
0.169255
0.215523
0.213275
0.190530
0.154472
0.186918
0.174398
0.146785
0.175644
0.165575
0.183318
0.200469
0.213591
0.182869
0.176044
0.199732
0.200689
0.204455
0.199561
0.175920
0.188084
0.158230
0.201950
0.191999
0.240901
0.192427
0.185410
0.181920
0.176822
0.199545
0.212090
0.163339
0.193208
0.166074
0.184257
0.216215
0.191062
0.145381
0.159463
0.158664
0.196045
0.162019
0.215793
0.173885
0.212984
0.229067
0.160620
0.163162
0.155595
0.162879
0.201004
0.195857
0.155906
0.171952
0.171942
0.209095
0.178238
0.200935
0.186553
0.208381
0.163718
0.182426
0.217636
0.178469
0.183353
0.181448
0.193715
0.210459
0.176128
0.192000
0.141222
0.197052
0.219851
0.216015
0.187500
0.151478
0.184671
0.190652
0.173106
0.162623
0.178065
0.185205
0.186457
0.225133
0.200080
0.161650
0.186653
0.219022
0.211519
0.215001
0.183265
0.151293
0.187038
0.144665
0.148040
0.174113
