542	114	13	16
541	114	13	14
541	115	13	14
540	115	13	14
540	115	13	14
541	115	13	14
541	115	13	14
540	116	13	14
541	115	13	15
541	115	13	15
540	116	13	14
540	115	13	15
540	116	13	14
540	117	13	15
540	116	13	15
539	116	13	15
540	116	13	15
540	116	13	15
540	117	13	15
540	117	13	15
540	117	13	14
539	117	13	14
540	117	13	15
540	118	13	14
540	117	13	15
540	118	13	14
539	118	13	14
540	118	13	14
539	117	13	15
539	118	13	15
539	118	13	15
539	119	13	14
539	119	13	15
539	119	13	14
539	120	13	14
539	119	13	15
539	119	13	14
539	120	13	15
539	119	13	15
539	121	13	14
539	119	13	15
539	122	13	13
539	120	13	14
539	121	13	14
539	120	13	14
539	121	13	14
539	121	13	14
539	121	13	14
538	121	13	15
539	121	13	15
538	122	13	14
538	122	13	14
538	121	13	15
538	123	13	14
537	122	13	15
538	122	13	14
537	123	13	14
537	123	13	14
537	124	13	14
538	123	13	15
537	122	14	15
537	124	13	14
537	124	13	14
538	124	13	14
537	124	13	14
537	124	13	14
537	124	13	15
537	125	13	14
537	125	13	14
537	124	13	15
537	124	13	15
537	124	13	15
537	126	13	14
537	124	13	15
537	126	13	14
536	125	13	15
537	126	13	14
536	125	14	15
537	126	13	14
536	125	14	15
537	126	13	14
537	126	13	14
537	127	13	14
537	127	13	14
537	127	13	14
537	127	13	14
536	127	13	14
537	127	13	14
537	127	14	14
537	126	14	14
536	127	14	15
537	127	13	15
536	127	13	14
536	127	13	15
537	126	14	16
536	127	14	15
536	127	14	15
536	127	14	15
537	128	14	14
537	127	14	15
535	128	15	15
536	126	14	16
536	128	14	15
535	127	14	15
537	128	14	15
536	129	14	15
536	128	15	15
536	128	14	15
536	128	14	15
535	129	14	15
536	128	14	15
536	128	14	15
537	128	14	15
536	129	14	15
536	129	14	15
536	129	14	15
537	129	14	14
536	130	14	15
536	130	14	15
536	129	14	15
536	130	14	15
536	130	14	15
536	129	14	16
536	130	14	15
536	130	14	15
537	130	14	15
536	130	14	15
536	131	14	15
536	130	14	15
537	131	14	15
536	131	14	15
537	130	14	16
536	130	14	16
537	131	14	16
537	131	14	16
537	131	14	16
537	131	14	16
537	131	14	16
537	131	14	16
537	132	14	15
537	132	14	16
537	133	14	16
538	132	14	16
537	132	14	16
537	133	14	16
537	133	14	16
537	133	14	16
537	133	14	15
537	134	14	15
537	134	14	15
537	135	14	16
537	133	14	16
538	134	14	16
538	134	14	16
538	135	14	16
538	135	14	16
538	136	14	16
537	135	14	17
538	135	14	16
538	136	14	15
538	137	14	15
537	135	14	16
537	136	14	15
537	136	14	16
538	137	14	16
538	136	14	16
538	137	14	15
538	137	14	16
538	137	14	16
538	137	14	16
538	138	14	16
538	138	14	15
538	139	14	15
538	138	14	16
538	139	14	15
538	139	14	15
538	139	14	16
538	140	14	15
538	138	14	16
538	140	14	15
538	139	14	16
538	138	14	17
538	140	14	15
538	139	14	17
538	141	14	15
537	140	14	16
538	141	14	15
537	141	14	16
538	140	14	16
537	141	14	15
538	142	14	15
538	141	14	16
538	141	14	16
537	142	14	16
538	142	14	16
537	141	14	17
538	142	14	16
537	142	14	16
537	141	14	17
537	142	15	16
538	141	14	17
537	142	15	16
537	142	15	16
537	142	15	17
537	143	14	16
536	143	14	16
537	142	14	17
537	143	14	16
536	143	14	16
536	144	14	16
536	144	14	16
536	143	15	17
537	143	14	16
536	143	14	16
536	144	15	16
536	144	15	16
536	144	15	16
536	144	15	16
537	144	14	16
536	144	15	16
536	146	15	16
537	145	14	16
536	146	14	16
536	145	14	16
536	146	15	16
536	146	14	16
536	146	15	16
536	146	14	17
537	146	14	17
536	145	15	17
536	147	15	16
536	147	15	17
536	147	15	17
537	147	14	17
537	147	14	16
536	147	15	17
537	147	15	17
536	148	15	16
536	149	15	16
536	148	14	17
536	149	14	17
536	148	14	17
536	150	14	16
536	148	15	17
536	149	15	17
536	150	15	16
536	151	15	16
536	150	15	16
536	151	15	16
536	151	15	16
537	151	14	16
536	151	15	16
536	151	14	16
537	151	15	16
536	152	14	16
537	152	14	16
536	152	15	16
537	151	14	16
536	153	15	16
536	151	15	17
536	153	15	16
536	153	15	16
536	153	15	16
537	152	15	17
536	153	15	16
536	153	15	16
536	154	15	16
536	154	15	16
536	154	15	17
536	155	15	16
537	154	15	17
537	155	14	17
536	154	15	18
536	155	15	17
537	155	15	17
536	156	15	16
536	155	15	17
536	156	15	17
536	157	15	16
536	157	15	17
537	156	15	17
536	157	15	17
536	157	15	17
536	157	15	16
537	158	14	16
536	158	15	17
536	157	15	17
536	158	15	17
537	158	15	17
536	159	15	16
536	159	15	16
536	159	15	16
536	159	15	17
536	159	15	17
536	159	15	17
536	159	15	17
536	160	15	17
536	160	15	17
537	159	15	17
536	161	15	16
537	161	15	16
536	160	15	17
536	161	15	16
537	159	15	17
536	160	15	18
536	162	15	16
536	160	15	17
536	160	15	17
536	161	15	17
537	162	15	17
537	161	15	17
537	162	15	17
537	161	15	17
536	163	15	16
536	161	15	18
537	162	16	17
536	163	15	17
537	162	15	17
537	162	15	17
537	163	15	17
537	162	15	18
536	163	15	18
536	163	16	17
536	164	15	17
537	163	15	18
537	163	15	18
536	166	16	17
537	165	15	17
536	165	15	17
536	165	15	18
536	165	15	17
537	164	15	18
537	166	15	18
537	165	15	17
537	169	15	14
538	167	15	16
537	166	16	17
537	168	15	17
537	166	15	18
537	168	15	17
537	167	15	17
537	167	16	18
537	168	15	17
537	168	16	18
538	169	15	17
537	168	16	18
538	170	15	17
538	168	15	18
538	169	15	18
537	170	16	17
538	170	16	18
538	170	15	17
538	169	16	18
538	171	15	17
538	171	16	17
538	172	16	17
537	171	16	18
538	172	16	17
538	172	16	18
538	172	16	18
538	172	16	17
538	173	16	18
539	174	16	17
538	173	17	18
537	173	16	18
537	173	17	18
538	174	17	18
537	175	17	18
538	174	17	18
539	176	17	18
539	175	17	18
539	176	16	18
539	175	16	19
539	176	16	19
539	176	16	18
540	177	17	18
539	176	17	19
540	178	16	17
539	178	17	19
539	177	17	20
539	177	17	20
538	177	17	19
539	178	17	20
539	178	17	20
539	179	17	20
539	179	17	20
539	179	17	20
539	180	17	20
539	179	18	20
539	180	18	19
541	181	17	18
541	181	16	19
541	182	17	19
541	181	16	19
541	182	16	19
541	182	16	19
541	183	16	19
541	183	16	19
542	183	17	19
541	184	17	19
541	183	17	20
541	184	17	19
541	185	17	20
541	185	17	20
541	185	17	19
542	186	17	19
541	186	17	19
541	186	17	19
542	187	17	20
541	187	17	20
542	187	17	20
543	189	16	19
543	190	16	18
542	189	16	19
543	190	16	18
542	189	16	19
544	190	16	19
543	191	16	19
542	190	18	20
543	191	17	20
543	191	18	20
544	192	17	20
544	192	16	21
544	193	17	21
544	192	17	20
544	193	17	20
544	193	17	21
543	194	17	21
544	194	17	20
544	195	17	20
544	195	18	20
544	195	17	21
544	196	17	20
546	197	17	20
546	197	16	19
546	197	17	19
547	199	16	19
545	198	17	20
546	200	17	19
546	200	17	19
546	200	17	19
546	200	17	20
547	202	17	17
546	200	17	20
546	201	17	20
547	201	17	19
546	200	18	21
546	201	18	21
546	201	18	21
547	202	17	20
546	202	18	20
546	202	18	21
546	203	18	20
546	202	18	20
547	204	17	20
548	206	17	18
548	205	17	19
548	204	17	20
548	205	17	20
548	205	17	20
549	207	17	18
549	207	17	19
550	212	16	13
550	207	16	21
550	213	15	14
550	214	15	13
550	214	16	14
550	214	16	14
550	212	16	16
549	212	17	17
549	211	17	17
548	211	17	18
549	210	18	19
548	209	18	22
549	209	18	21
550	210	18	20
550	210	18	20
550	210	18	20
551	212	17	19
550	211	18	21
551	212	17	19
551	212	18	21
551	213	17	20
551	214	18	20
551	213	18	21
552	214	17	19
552	214	18	19
551	214	18	20
551	212	19	22
552	213	18	22
551	214	19	21
551	214	19	21
551	214	19	22
552	214	19	22
552	215	19	22
551	215	19	22
553	215	19	22
553	216	19	22
554	215	19	22
553	216	18	21
554	217	18	21
553	217	18	21
554	217	18	21
554	217	19	22
554	218	19	22
554	218	19	22
555	218	18	21
555	220	18	21
554	219	19	21
554	219	20	22
555	220	19	22
554	221	19	22
555	221	20	23
554	221	20	23
555	221	20	23
554	220	20	23
554	222	20	23
556	222	19	23
556	222	19	22
557	223	19	22
557	223	18	23
557	223	18	23
557	224	19	22
558	225	18	23
557	224	19	22
557	225	19	22
557	225	19	22
557	226	18	22
558	226	18	23
557	226	19	23
556	227	19	23
557	227	19	23
557	228	19	23
558	229	20	23
557	229	20	23
558	230	19	23
558	230	20	23
557	231	20	23
558	231	20	23
559	231	19	23
560	232	19	23
559	232	19	23
559	233	19	23
560	233	19	23
560	234	19	22
560	234	19	23
560	234	19	23
560	235	19	24
561	236	20	24
561	236	19	23
561	236	20	24
560	237	20	25
561	237	20	24
560	238	20	24
561	239	20	24
561	239	21	24
561	239	21	24
560	240	21	24
561	240	22	24
561	241	21	24
562	241	21	25
563	242	20	24
562	243	21	24
564	243	20	24
563	244	20	24
564	244	20	24
564	244	20	25
564	244	21	25
564	246	21	25
564	246	21	25
565	247	21	24
563	247	22	25
563	248	22	25
563	249	22	25
563	249	21	25
563	249	22	25
564	250	22	26
564	250	22	26
564	251	22	26
565	251	22	26
565	252	22	25
566	252	21	25
567	254	21	25
567	254	21	25
567	255	21	25
567	255	21	25
568	256	21	25
568	256	21	25
567	257	21	26
568	258	21	25
568	258	22	26
568	258	22	26
568	260	22	26
568	260	22	26
568	261	23	26
568	261	22	26
569	263	22	26
569	264	22	26
569	264	22	25
569	265	22	26
570	265	22	26
570	265	22	26
571	267	22	27
571	267	22	26
572	267	21	26
572	268	22	26
572	270	22	26
573	270	22	25
573	271	22	26
573	271	22	26
574	273	23	27
573	273	22	26
574	274	22	27
574	275	23	27
574	276	23	27
574	276	23	27
573	277	23	27
574	277	24	27
575	278	23	27
575	280	23	27
574	281	24	27
575	281	24	28
575	282	23	28
576	283	23	28
578	283	22	27
577	285	23	28
577	285	23	28
578	286	23	27
579	287	23	27
579	288	23	27
579	288	23	28
579	289	23	28
580	290	24	28
581	291	24	28
581	292	24	28
580	293	24	28
581	294	24	29
582	294	24	28
583	295	24	29
582	297	24	29
583	297	24	29
583	298	24	29
584	299	24	29
584	299	24	29
585	301	24	30
586	302	23	29
587	303	24	30
588	303	24	30
588	305	24	30
588	305	24	30
589	306	23	30
589	306	24	30
590	308	24	30
590	309	25	30
591	309	24	31
591	310	24	30
590	312	25	30
591	313	25	30
591	314	25	31
591	315	25	31
592	315	26	31
592	317	26	31
593	318	26	31
593	320	26	31
594	321	27	32
595	322	26	31
595	323	26	31
595	325	25	31
596	326	25	32
597	327	26	32
597	329	26	31
598	330	26	32
598	331	26	32
598	332	26	32
599	333	25	33
599	336	26	32
599	336	26	32
600	338	26	34
600	339	28	34
600	341	27	34
601	342	27	34
601	344	27	34
601	344	29	35
600	347	29	34
602	349	28	34
601	349	29	35
603	351	28	35
602	352	29	35
604	354	29	35
603	355	31	36
601	353	34	38
603	355	32	39
603	357	32	39
603	358	33	39
604	361	33	38
604	363	34	37
606	363	33	37
606	365	34	37
606	366	33	36
606	366	34	37
607	367	33	37
607	367	33	37
608	368	33	37
609	369	33	38
610	368	33	39
611	370	33	37
611	370	33	38
610	370	33	38
611	370	34	38
611	371	34	38
611	371	35	38
611	371	35	38
611	371	35	39
611	371	35	39
612	372	35	39
613	371	35	40
613	371	34	39
613	371	35	39
613	372	35	39
613	372	35	39
613	372	36	40
613	371	36	40
612	372	36	40
613	371	37	40
612	369	37	42
611	368	38	42
610	366	40	43
609	364	41	42
611	363	40	42
609	360	42	42
611	359	40	42
610	357	40	42
610	354	42	44
610	353	41	43
610	351	41	43
609	349	41	43
607	347	44	44
606	344	46	44
606	343	45	43
606	340	46	44
606	339	45	43
606	337	45	43
607	336	44	44
607	333	44	44
608	332	43	43
607	331	44	44
607	329	44	44
607	328	44	44
607	326	44	44
607	324	43	45
607	323	43	43
606	321	45	44
606	320	45	44
606	318	45	43
607	317	44	44
605	315	45	44
606	314	46	44
605	312	45	45
605	311	46	45
605	308	46	45
605	308	46	44
606	306	46	45
605	304	46	44
604	302	47	45
604	300	48	47
604	300	47	45
603	297	48	46
604	295	48	43
603	294	48	45
602	292	49	44
602	291	50	45
603	289	48	44
601	287	50	45
602	285	50	43
601	283	50	45
601	281	51	45
602	279	51	44
600	278	50	44
601	275	51	45
601	274	51	43
600	273	51	43
601	271	51	43
599	269	52	43
600	267	52	43
600	265	52	43
599	263	52	43
599	261	52	45
600	259	52	43
598	257	53	44
599	255	53	45
599	253	53	42
599	251	52	45
601	250	52	45
599	248	53	43
600	248	53	44
600	246	53	44
599	243	53	45
600	242	53	44
599	241	54	45
600	242	53	45
599	240	53	44
600	241	53	43
600	240	54	44
601	240	53	43
600	241	54	42
600	241	53	42
601	241	53	42
601	241	53	42
601	241	53	43
602	241	53	42
602	240	53	43
603	241	52	43
603	241	52	42
602	240	53	43
602	241	53	43
603	242	54	42
602	242	54	42
603	242	54	42
603	242	53	43
603	241	54	44
604	242	53	43
604	241	54	44
604	241	53	44
604	242	54	43
604	241	54	45
604	242	53	44
605	241	54	43
605	241	53	43
605	242	54	43
605	242	53	44
605	242	53	44
606	241	53	46
605	239	54	47
606	241	53	46
606	239	53	46
606	241	53	44
606	239	53	45
606	240	53	44
606	238	54	46
607	240	53	45
607	240	53	44
607	241	53	43
606	239	53	45
607	239	53	44
607	238	53	45
607	239	52	44
607	240	53	44
607	239	53	45
607	238	53	45
607	238	53	45
607	237	53	45
608	238	52	45
607	237	53	45
607	238	52	44
607	236	53	48
607	239	52	43
607	237	54	45
608	238	53	44
607	237	54	45
608	238	52	43
607	237	54	45
607	237	53	44
607	237	52	44
607	237	53	45
607	236	53	44
607	237	53	44
606	235	53	46
608	236	53	43
608	237	52	43
607	236	53	44
608	237	53	43
606	235	54	44
608	236	53	44
608	236	52	44
608	234	52	46
608	235	51	45
608	236	52	43
607	235	52	45
608	236	52	43
608	235	52	43
607	235	53	43
607	235	53	43
607	235	53	43
607	235	53	43
607	233	53	44
608	234	52	43
607	233	52	44
606	234	52	43
607	234	52	42
606	233	53	43
606	234	52	42
605	232	53	43
606	233	52	43
605	232	52	44
606	233	51	42
605	233	52	41
604	232	53	43
605	233	51	42
603	231	53	43
603	232	52	42
604	232	52	42
603	231	53	42
603	232	53	41
602	231	53	41
603	231	52	41
602	231	52	41
601	231	53	41
601	230	53	42
601	230	53	42
600	230	53	41
600	230	52	40
599	230	52	40
598	229	54	42
598	229	52	42
598	228	52	42
597	228	53	42
597	228	53	42
597	228	53	42
596	228	52	40
595	228	53	40
594	228	53	40
593	227	54	39
592	227	54	39
592	227	54	39
592	227	53	38
592	227	54	38
590	226	54	38
589	226	54	38
588	226	55	38
589	225	53	38
587	225	54	37
587	226	54	36
587	225	54	36
586	225	53	37
585	225	53	35
583	225	54	36
583	225	53	35
583	225	53	36
582	225	53	35
579	225	54	34
580	225	52	34
579	225	52	34
577	226	53	33
577	225	52	33
576	226	52	32
575	226	52	32
575	226	51	31
574	226	51	31
574	226	51	30
572	227	52	29
571	226	51	29
570	227	52	28
569	227	52	28
567	226	53	29
567	227	52	28
565	227	53	27
564	227	53	27
563	227	53	28
562	226	52	28
561	227	52	28
559	226	52	30
559	226	53	30
556	225	54	31
554	225	53	32
554	225	53	32
552	224	53	33
550	224	53	33
549	225	53	34
548	224	53	35
546	224	53	35
544	224	53	37
543	224	53	37
542	224	53	38
539	223	53	40
538	224	54	40
536	224	54	41
535	224	54	42
533	225	54	42
532	226	54	44
531	225	53	44
529	226	52	44
528	226	51	44
528	227	50	44
526	227	49	45
525	227	48	45
524	228	48	44
522	229	48	46
521	230	47	45
520	231	47	45
518	231	46	47
516	232	47	48
516	233	44	47
515	233	45	49
514	234	45	50
512	234	45	51
512	235	44	51
509	236	44	51
509	237	44	51
508	238	43	52
507	239	42	52
506	240	42	52
505	241	42	53
504	241	41	54
503	243	39	54
502	244	40	54
501	246	38	52
500	248	38	54
499	248	38	55
499	249	37	55
497	252	35	54
497	253	36	53
496	254	35	54
495	255	35	55
495	257	34	54
495	258	33	55
494	260	34	56
492	260	33	56
492	262	32	55
491	263	32	55
490	265	31	55
490	266	31	56
489	268	31	56
488	270	31	56
488	271	31	58
487	273	31	57
486	275	30	58
485	276	31	59
484	278	30	59
483	279	30	59
481	281	31	59
481	282	30	59
481	285	29	59
479	286	30	60
479	287	29	59
478	288	28	60
478	291	27	60
478	293	28	60
477	295	28	59
476	296	28	60
476	297	27	61
474	300	27	60
474	301	26	61
474	303	27	60
473	305	26	60
473	306	26	60
472	309	26	59
472	311	26	59
471	313	25	60
470	315	27	59
469	317	26	60
469	318	26	60
470	321	25	57
469	324	25	56
469	325	24	57
469	328	24	55
468	329	25	57
467	330	25	58
467	333	25	58
466	335	27	59
465	337	28	61
464	339	28	62
466	340	28	63
464	343	29	62
464	345	29	65
464	378	29	29
465	381	29	28
464	383	29	29
464	384	29	29
465	388	29	28
464	390	28	28
464	391	29	30
464	396	29	27
464	399	29	27
464	399	30	29
464	402	29	28
463	403	30	30
463	407	30	28
464	409	30	29
464	412	30	29
464	414	30	29
464	416	30	30
464	418	30	30
464	422	30	29
465	422	29	31
465	425	30	31
465	428	30	30
465	432	30	29
466	432	29	32
464	436	30	31
465	439	30	31
465	440	30	33
466	446	30	29
466	448	30	32
466	450	30	31
467	456	29	27
467	458	29	30
467	462	29	28
467	465	29	29
467	468	29	30
467	471	30	30
467	474	29	30
467	476	29	32
467	480	30	31
467	483	30	31
468	485	30	32
468	490	30	31
468	493	30	31
469	495	30	33
469	499	31	32
468	503	31	32
468	495	31	42
469	513	29	24
