0.00
419.12
297.65
327.63
324.84
441.68
403.92
418.05
458.91
436.96
441.80
437.55
405.61
444.26
440.30
441.65
423.78
343.63
326.00
393.61
335.60
388.56
400.81
395.57
386.00
344.84
343.85
421.72
422.67
387.70
410.75
398.83
302.40
361.29
270.96
307.81
347.39
349.12
352.92
275.38
311.11
377.82
354.46
334.75
387.80
339.34
391.85
376.56
336.19
258.27
236.28
328.01
208.86
195.55
261.67
286.94
306.46
311.33
217.92
359.13
268.30
203.23
319.07
270.09
307.17
283.17
351.24
366.53
300.97
274.08
272.15
243.02
318.60
179.87
272.22
277.89
283.49
265.85
296.56
251.44
293.16
289.98
210.85
226.58
264.48
260.50
260.01
289.04
247.83
251.39
236.53
304.63
248.49
310.91
282.78
286.32
257.95
269.32
257.26
297.95
227.65
281.19
231.02
256.79
274.37
303.61
335.20
314.33
263.36
269.95
259.48
306.31
253.84
224.55
274.08
333.04
277.96
287.63
347.71
210.25
284.06
270.41
260.38
259.70
417.89
266.84
281.87
378.64
284.25
334.94
276.38
269.18
238.75
239.32
262.48
240.72
287.30
224.69
238.60
249.39
214.42
220.35
211.65
203.55
220.54
209.51
231.52
277.16
286.41
243.12
240.77
280.12
255.28
257.05
273.01
288.67
266.51
229.00
191.56
255.82
245.47
202.15
236.62
234.41
167.63
188.93
223.31
194.97
203.04
215.11
216.85
195.14
292.02
211.61
218.20
333.40
259.12
206.28
159.23
187.20
183.40
191.74
223.17
257.45
235.78
195.42
232.32
184.34
224.87
261.23
224.35
237.52
205.13
249.48
190.08
181.12
339.26
300.70
290.73
270.86
299.34
272.93
217.66
272.11
270.66
276.19
193.61
198.20
285.37
273.14
205.89
245.80
204.11
210.72
198.60
192.91
203.00
219.87
209.73
179.07
200.51
188.36
185.10
170.64
179.67
206.77
204.28
253.39
163.99
214.60
226.03
205.45
247.47
259.85
306.32
325.02
251.61
258.97
232.16
290.20
247.13
194.84
198.23
296.80
366.35
277.49
301.09
289.00
291.93
318.73
284.30
328.08
296.14
341.97
294.08
310.18
357.80
296.92
326.77
313.23
337.51
270.30
314.15
306.65
261.32
290.92
241.83
238.69
233.73
252.46
271.68
169.72
270.45
230.00
242.04
262.97
213.05
261.29
248.31
262.13
318.20
268.25
296.09
289.05
276.66
297.23
241.86
338.27
333.35
293.95
346.06
333.35
340.06
300.89
319.89
362.67
368.32
394.49
332.14
382.76
367.66
349.46
387.69
378.47
346.10
337.07
378.34
385.46
337.06
347.55
350.59
335.59
359.41
330.26
356.50
354.42
322.93
380.06
348.94
318.79
315.14
312.19
264.96
311.07
316.50
351.03
345.82
325.58
339.30
319.48
318.95
331.37
309.36
328.20
331.46
312.01
328.00
333.10
283.16
340.87
338.97
319.19
309.15
377.57
327.06
351.62
373.63
388.30
368.12
421.06
382.56
385.32
384.81
404.45
386.10
355.02
360.05
331.55
303.23
366.24
363.01
349.91
329.65
335.82
321.27
321.99
367.16
332.60
343.35
312.59
235.94
309.95
338.99
266.10
359.06
268.84
344.69
253.57
339.17
374.89
349.40
238.13
350.07
371.08
255.35
372.86
322.53
344.47
307.39
338.43
314.92
383.89
267.31
331.79
346.37
286.47
364.86
333.50
323.91
350.18
329.08
371.33
325.16
348.43
330.59
290.79
265.38
209.95
320.75
292.28
275.86
360.50
287.38
270.56
350.34
297.42
386.86
393.67
283.52
352.96
377.66
390.91
285.18
309.91
374.90
313.22
317.87
322.50
344.33
296.53
343.09
337.87
356.02
352.91
257.37
310.86
331.01
290.35
339.46
381.31
312.86
356.62
341.14
353.48
331.15
246.40
351.95
327.24
277.03
296.37
305.95
282.91
308.29
327.95
307.94
264.00
347.60
349.30
329.87
401.74
353.99
373.54
387.36
291.91
341.17
311.58
325.05
392.71
340.64
284.19
285.95
257.55
290.93
293.28
315.09
302.70
296.49
318.68
340.14
312.29
356.64
299.79
349.14
332.06
326.63
281.34
275.73
302.63
341.92
300.55
325.20
354.93
314.19
328.81
316.41
281.88
302.54
279.15
316.96
287.54
288.32
294.47
290.24
280.13
288.08
280.97
241.56
328.69
282.00
249.10
261.65
285.38
254.02
281.94
281.47
285.67
246.28
282.95
261.67
