0.00
505.98
478.83
465.57
475.88
472.04
469.22
479.54
443.04
484.44
473.62
463.17
477.22
444.19
472.63
478.57
478.01
478.06
454.66
449.28
485.19
409.73
468.39
385.51
454.92
427.53
410.81
428.49
400.27
410.17
422.50
378.59
394.40
389.38
397.64
327.42
334.19
393.27
365.22
375.55
388.87
384.13
353.72
400.45
364.12
402.54
384.31
385.84
390.25
413.49
403.44
383.30
375.04
369.36
397.72
395.24
406.04
380.39
392.46
357.30
389.73
378.87
344.03
343.13
360.32
370.41
321.92
324.95
362.73
388.09
366.77
341.88
376.45
350.98
367.98
368.20
381.09
379.33
403.23
377.84
398.37
385.48
368.07
350.50
386.75
404.00
381.22
371.20
354.12
376.65
392.45
376.90
391.19
362.89
359.55
383.99
398.31
405.96
409.08
403.49
448.14
415.77
397.53
332.77
354.59
338.74
331.68
377.55
347.63
328.02
373.78
338.05
347.83
328.87
406.00
421.06
331.28
387.61
356.48
370.33
362.33
397.87
365.93
361.04
414.59
372.85
415.05
383.24
366.39
370.28
376.52
380.29
353.50
375.08
377.32
413.15
403.30
389.86
414.61
391.73
370.84
376.39
365.26
358.87
352.85
330.98
296.03
333.07
330.70
337.25
316.90
325.87
273.60
294.06
295.98
243.97
241.84
209.85
311.09
247.37
239.47
245.37
173.57
180.21
206.57
174.57
289.27
284.29
252.59
242.07
259.58
290.76
252.97
350.28
238.91
249.17
306.41
267.41
335.63
343.89
352.16
290.41
253.06
245.50
225.41
178.44
164.47
195.15
214.50
145.73
209.94
218.99
197.82
261.96
244.28
298.10
322.97
269.47
294.02
238.06
278.94
253.12
291.04
274.38
189.65
204.15
281.12
260.72
228.08
245.43
179.91
237.34
240.76
248.99
239.91
203.05
207.20
210.21
269.57
200.53
255.02
252.79
269.60
221.25
240.77
221.77
194.42
280.91
233.88
244.13
156.59
273.66
190.32
283.20
240.19
277.96
274.61
240.06
226.92
257.40
223.80
249.85
197.49
281.20
262.16
275.60
263.78
288.73
256.32
332.76
260.45
270.47
258.03
256.93
271.77
232.52
299.15
233.30
307.39
291.46
262.75
253.85
294.99
275.86
361.59
256.08
278.33
276.31
309.02
290.15
322.90
228.03
294.25
337.64
217.99
257.99
284.58
276.92
288.03
356.86
325.74
280.61
365.27
272.27
359.02
278.38
359.32
394.57
210.26
337.57
222.49
347.46
230.69
376.82
275.14
268.09
337.04
286.41
335.39
219.41
261.61
309.82
277.14
284.04
255.42
254.96
275.13
200.97
233.23
234.44
207.86
266.53
262.97
313.60
272.97
319.44
223.19
318.03
282.72
380.08
237.35
365.93
264.37
267.27
307.19
250.85
276.34
238.63
265.99
230.05
359.65
281.24
272.55
227.36
293.49
245.21
306.31
301.43
265.16
256.82
259.94
315.20
229.69
274.29
286.41
258.94
242.98
267.29
272.62
291.14
340.73
267.83
289.63
258.94
253.49
279.25
255.79
230.29
255.99
399.94
321.32
324.09
362.18
364.75
309.79
335.87
328.85
371.20
292.71
367.66
328.87
278.07
310.88
278.44
270.80
254.66
276.24
288.58
276.56
300.82
258.30
260.82
243.38
254.92
310.06
315.32
319.07
270.87
307.78
329.59
265.35
290.98
277.70
274.69
251.84
269.64
213.74
287.72
219.37
279.52
223.27
292.87
285.75
279.81
253.80
238.39
261.56
295.17
308.40
323.26
315.84
318.01
259.03
280.78
284.43
353.40
261.19
302.07
343.31
354.44
315.24
334.51
281.73
318.68
289.90
301.02
318.02
332.79
344.55
385.43
353.24
392.79
368.80
375.07
374.41
397.71
332.59
387.71
245.51
274.28
229.08
300.20
292.08
314.36
320.86
316.14
357.59
362.86
319.91
359.81
335.94
346.04
309.11
335.99
326.16
318.69
251.12
310.24
223.33
266.10
298.64
290.22
260.86
257.92
271.76
270.48
265.09
252.72
217.85
251.68
221.12
229.27
237.74
273.54
203.49
292.59
252.15
211.38
195.91
232.91
187.35
222.46
225.25
215.49
231.08
213.80
212.46
287.82
201.17
213.10
237.24
282.38
259.65
193.86
227.12
269.20
193.77
299.56
292.13
226.71
220.93
173.49
162.36
290.49
237.29
167.67
236.57
205.53
205.57
261.87
190.51
202.29
237.98
192.46
224.32
186.57
180.20
194.77
199.39
206.15
183.74
145.48
192.90
208.66
161.48
163.56
194.69
172.42
142.92
285.33
183.15
202.20
169.76
175.39
179.84
210.64
223.11
226.95
266.14
259.57
282.50
168.19
234.95
266.58
298.70
227.35
256.97
308.77
243.32
269.36
282.03
300.16
235.10
219.97
265.56
285.00
184.20
299.43
231.41
206.19
176.75
183.19
254.74
222.61
274.74
279.84
220.20
197.01
225.45
193.78
270.09
165.23
224.57
267.38
208.76
211.86
212.42
200.34
172.57
203.36
215.38
251.49
258.70
203.22
163.12
254.03
220.97
208.65
204.35
225.42
221.53
173.21
221.02
239.26
212.96
214.62
175.99
200.40
219.37
161.91
127.63
215.66
175.64
147.75
225.49
177.01
255.39
189.09
175.64
246.95
193.81
212.54
177.77
213.73
207.02
231.09
209.60
235.02
223.88
221.91
236.72
225.24
218.71
186.31
188.06
211.61
192.96
188.73
201.18
160.73
159.62
161.15
158.23
166.80
185.95
177.34
167.60
206.02
197.83
210.28
194.99
203.06
202.72
207.77
237.37
250.98
245.12
274.09
229.10
237.04
248.26
275.60
249.22
287.98
265.90
217.09
247.84
236.80
240.07
177.17
174.28
231.78
210.55
215.62
196.94
200.47
204.99
244.27
187.65
190.31
211.77
203.92
178.71
136.21
83.02
128.00
172.52
185.45
136.22
144.30
157.75
155.80
127.91
199.51
144.39
97.82
137.23
169.09
147.95
186.21
220.37
187.61
159.41
122.22
153.48
179.12
221.31
167.49
183.91
123.40
160.83
140.48
120.52
113.53
123.77
129.38
153.82
141.73
151.55
138.80
178.67
192.74
179.50
164.72
217.51
181.25
213.69
170.23
211.84
236.16
228.20
242.58
223.91
205.10
230.26
218.45
197.01
209.59
214.74
170.10
175.62
193.97
208.37
181.68
184.96
165.61
185.64
210.62
172.62
123.98
156.22
150.44
188.21
168.55
124.35
184.53
213.45
158.15
159.33
187.11
174.30
199.61
221.81
195.92
194.09
194.87
200.07
187.43
194.18
166.58
195.67
195.43
194.24
212.13
198.61
191.34
211.50
221.87
227.57
179.83
164.69
156.60
139.60
166.02
163.76
181.81
177.67
196.42
178.79
161.44
159.72
160.43
189.44
168.11
169.02
152.67
145.60
142.74
114.50
102.19
99.45
118.72
117.45
112.91
125.09
154.99
139.04
118.10
186.05
159.26
154.43
180.43
145.25
140.72
156.44
154.17
161.32
157.13
189.79
236.49
219.02
173.67
136.64
198.90
167.44
154.68
192.31
171.21
165.61
162.78
148.49
157.44
144.01
145.90
183.61
191.25
147.34
197.65
191.83
180.94
157.45
199.55
187.02
218.51
196.56
208.58
191.87
202.31
169.06
175.18
211.89
206.74
189.83
143.34
197.22
212.68
224.45
223.82
194.62
216.23
199.58
213.32
177.23
173.52
218.61
216.75
209.66
203.06
207.83
227.17
187.00
199.44
229.00
244.70
188.18
204.35
200.25
196.62
258.07
270.74
232.56
238.13
233.06
257.50
200.78
199.45
227.72
202.01
245.00
214.43
210.09
210.14
220.60
215.24
229.21
238.13
180.33
192.20
149.63
172.22
177.81
170.82
169.35
168.89
202.30
154.40
151.66
141.36
164.65
172.23
151.12
179.50
184.89
171.87
167.67
165.12
160.15
167.13
174.55
143.26
192.89
176.20
188.24
168.82
173.72
148.94
168.58
200.48
193.31
168.92
194.44
233.73
189.81
184.08
192.58
197.27
232.45
192.27
180.15
194.86
191.96
173.34
178.18
217.97
205.25
182.46
200.71
192.51
205.81
228.91
197.30
223.54
172.50
175.27
150.61
183.66
151.33
190.71
176.09
164.18
197.80
194.20
243.41
204.17
227.55
174.00
243.00
228.05
244.16
200.07
215.95
189.30
171.57
226.86
155.87
202.29
209.41
198.43
217.55
225.53
232.81
223.02
190.54
194.53
203.94
125.06
82.72
126.52
129.07
115.38
108.00
138.70
172.42
144.19
176.51
173.39
148.82
136.64
160.87
137.60
171.28
106.30
110.11
131.63
84.21
171.34
93.34
100.02
109.82
71.87
92.67
90.58
145.28
165.94
168.99
173.12
197.46
203.13
222.07
217.51
198.42
209.26
219.47
192.15
196.08
175.08
137.13
195.96
215.21
224.55
139.30
226.42
169.48
161.70
196.88
184.88
191.81
207.87
203.67
173.35
224.03
153.28
193.23
155.81
170.60
192.94
144.76
199.29
213.05
218.95
184.78
205.19
207.51
199.49
172.71
210.59
178.96
142.12
185.15
169.41
199.04
197.01
206.46
167.27
209.77
114.76
204.39
168.96
151.19
150.66
192.72
175.76
203.67
150.86
207.55
183.66
177.17
198.53
209.00
167.04
233.61
180.20
156.86
215.53
228.89
201.84
188.84
187.85
157.22
176.39
206.43
245.92
211.62
213.67
235.06
229.19
187.50
227.81
257.54
209.03
214.77
274.49
231.88
240.19
214.09
263.97
247.22
198.54
183.11
199.61
192.09
205.03
216.51
225.97
237.65
245.24
185.16
233.26
207.83
174.84
211.26
227.35
198.00
196.68
180.79
193.81
168.32
193.76
197.41
186.49
174.06
194.20
170.34
169.96
202.78
161.02
156.55
205.59
157.45
174.65
157.39
184.38
142.34
185.71
186.39
158.53
158.35
164.50
155.10
155.78
124.55
138.56
192.64
208.42
175.68
223.69
218.53
177.07
206.32
200.19
183.52
180.85
155.18
141.25
157.61
137.53
179.23
180.82
173.42
140.39
171.91
172.77
209.66
152.31
161.74
183.81
215.57
214.06
228.80
200.84
248.51
208.05
242.15
155.91
238.06
229.83
221.58
171.11
219.85
181.57
218.76
161.98
141.46
158.73
158.70
156.49
235.51
189.64
144.45
143.59
138.85
137.96
190.83
171.08
175.13
135.91
132.59
178.67
109.05
144.05
144.20
177.59
149.16
96.46
151.03
144.78
151.92
156.68
182.90
146.34
151.78
123.08
131.55
155.37
196.57
140.61
125.79
156.11
139.15
158.82
140.90
167.11
162.07
137.16
124.76
162.67
136.29
117.57
171.30
128.12
161.56
135.90
143.18
112.37
125.99
169.05
177.83
203.87
167.27
150.57
142.30
161.79
163.34
170.69
173.76
157.77
160.32
175.72
138.31
123.69
140.97
166.73
181.06
121.81
156.65
152.51
170.52
181.44
156.73
134.82
131.92
169.47
132.24
159.39
162.67
213.29
181.71
172.10
149.79
139.88
158.77
166.13
154.77
176.13
178.24
162.30
157.10
216.96
166.87
192.72
257.06
175.21
214.52
153.90
156.44
179.75
154.60
154.49
182.84
161.91
124.98
159.77
129.41
127.08
130.06
111.56
171.07
188.02
145.16
177.81
123.20
151.82
