680	348	26	43
677	345	29	42
679	346	27	42
677	345	28	42
677	344	28	43
677	344	28	42
677	342	27	42
677	342	28	41
677	341	28	41
677	340	28	41
676	340	27	41
676	340	27	40
676	338	28	41
675	338	27	40
675	336	26	41
676	335	27	41
675	336	26	39
674	334	26	41
674	332	26	41
675	333	26	40
674	331	26	41
675	331	25	39
673	329	26	40
673	330	25	38
673	328	26	40
673	328	26	39
672	327	26	38
673	325	26	40
672	325	26	39
672	322	26	40
673	323	25	38
672	321	26	39
672	321	25	39
671	320	25	39
670	319	26	40
670	319	26	38
671	317	26	41
670	316	26	39
669	315	26	39
669	315	26	39
668	314	26	40
669	313	26	39
668	311	25	40
668	312	25	38
668	310	25	40
668	309	25	40
667	309	25	39
667	307	25	40
667	306	25	39
666	307	26	38
666	305	26	39
666	305	25	38
665	304	25	38
666	302	25	39
664	302	26	37
664	300	26	38
664	300	26	37
664	300	26	37
663	299	25	37
663	299	25	37
664	296	25	38
663	296	25	37
663	295	24	39
662	295	25	38
663	292	25	39
662	293	25	38
661	293	25	37
661	290	24	39
661	291	25	37
661	290	24	37
662	289	24	38
661	288	24	38
661	288	24	38
660	287	24	36
660	286	24	37
659	285	25	37
659	285	25	36
660	285	24	36
659	283	25	36
658	283	25	36
658	282	25	36
658	281	25	36
659	280	24	36
658	280	25	36
658	280	24	36
657	279	25	36
657	278	24	36
657	276	25	37
658	276	24	36
657	275	24	36
658	275	23	35
658	273	23	36
657	274	23	35
657	273	23	35
657	272	23	35
657	271	23	35
658	271	22	34
657	270	23	34
657	270	23	34
657	269	23	34
657	267	23	35
656	268	23	34
657	266	22	36
656	266	22	34
656	266	23	34
656	264	22	34
656	264	22	34
656	263	22	35
655	263	23	34
656	260	22	36
656	261	22	34
656	260	22	34
655	260	23	33
655	258	23	34
655	258	22	34
657	256	21	35
654	256	22	33
656	256	21	34
654	254	22	34
656	254	21	34
654	254	22	33
654	254	22	33
655	251	21	35
654	249	22	35
654	245	22	35
654	243	21	34
654	240	21	34
653	237	23	35
654	235	21	35
652	233	23	35
652	232	22	35
653	230	21	34
652	228	22	35
653	226	22	35
652	226	22	33
652	225	23	34
652	224	23	34
652	223	22	33
652	223	21	33
652	222	21	34
653	220	21	33
651	219	21	33
651	218	21	34
651	218	21	34
651	217	21	34
650	217	22	33
653	214	20	34
650	214	22	33
650	213	21	34
648	212	23	33
650	211	21	32
650	210	20	33
649	209	21	32
650	208	21	32
648	208	22	33
650	205	20	33
649	206	21	32
650	204	19	32
648	203	21	32
650	201	20	33
647	201	21	32
648	200	20	32
647	199	21	31
647	198	21	32
646	197	22	31
647	196	20	30
647	194	20	31
648	193	20	31
647	192	21	31
646	191	21	32
646	190	20	31
647	188	20	31
646	187	20	30
644	186	21	30
646	184	19	30
644	184	20	30
646	182	18	31
644	181	20	30
644	180	20	29
645	179	19	30
643	177	20	30
644	176	19	30
642	175	20	30
642	174	20	29
644	172	18	30
641	172	20	29
642	170	19	29
641	168	20	29
643	167	18	29
640	167	20	28
643	165	18	28
640	163	20	29
641	162	18	30
639	160	20	29
641	159	18	29
639	159	19	28
640	157	18	29
639	155	19	28
639	154	18	28
637	153	19	28
640	151	17	28
638	151	18	27
639	150	17	27
638	148	17	28
638	147	17	27
639	146	17	28
638	146	17	27
637	144	18	27
638	144	17	27
636	143	18	26
638	141	16	27
636	141	18	27
636	140	17	27
636	139	17	27
634	139	18	26
636	137	17	27
636	137	17	26
635	136	17	25
636	136	16	25
634	135	18	25
634	134	17	25
635	134	17	25
635	133	17	25
633	133	18	26
635	132	16	26
632	132	18	25
634	132	16	25
632	131	18	25
634	131	16	24
633	131	17	24
632	131	17	24
635	130	16	24
633	131	17	24
634	130	16	22
633	131	16	25
632	132	17	24
632	132	17	23
633	133	16	25
631	134	18	24
634	134	15	22
631	136	17	24
633	136	15	22
632	138	16	23
632	138	16	22
631	139	17	25
631	140	16	23
630	141	17	22
632	142	15	24
631	143	16	23
630	143	16	24
633	144	14	21
632	147	14	21
631	148	15	23
631	148	15	18
632	150	14	23
631	150	15	22
630	151	16	24
630	152	16	22
630	153	16	23
632	153	15	22
631	157	16	22
631	156	15	21
631	158	15	22
630	158	16	22
631	160	16	24
632	160	15	21
632	162	16	23
631	162	16	21
631	164	16	21
632	164	17	23
633	166	17	24
633	166	17	23
633	167	17	23
633	169	18	23
633	170	18	23
634	171	19	23
633	172	19	24
635	173	18	24
635	174	18	23
634	174	17	23
635	175	19	24
636	176	18	24
638	177	16	22
637	177	16	23
638	179	16	23
638	179	16	22
639	180	16	24
638	181	16	23
640	182	15	22
639	182	17	22
639	183	16	23
640	184	15	22
640	185	16	22
641	186	16	21
641	186	16	23
640	186	17	23
641	187	16	22
641	189	17	22
641	189	16	22
641	190	16	22
642	191	16	21
641	192	17	22
641	192	17	22
643	192	15	22
642	193	17	22
641	194	18	23
641	195	19	24
641	196	18	24
642	196	18	24
641	196	18	24
642	197	18	23
641	198	18	23
641	198	18	24
641	199	19	24
641	199	19	24
642	200	18	24
640	200	20	23
641	200	19	24
640	201	20	23
642	202	19	24
641	202	19	23
641	202	19	23
642	203	18	24
641	203	20	24
641	204	19	24
641	204	18	24
640	204	18	24
642	205	18	24
640	205	20	24
641	205	19	24
641	205	19	24
641	207	19	24
642	207	18	24
641	207	19	23
642	208	18	23
642	208	19	23
640	210	21	23
641	210	20	22
641	210	20	22
640	209	21	23
641	211	21	21
640	210	20	23
641	212	21	21
641	213	20	19
641	214	21	19
640	209	23	24
641	211	21	23
640	212	21	20
640	212	20	21
640	213	22	21
640	213	23	20
638	211	24	24
638	209	23	25
639	210	22	25
640	211	22	25
637	210	26	26
637	211	27	26
638	212	25	25
640	211	22	26
640	211	24	26
640	211	24	27
641	213	23	25
640	213	23	25
639	213	25	25
640	214	24	25
642	215	23	24
640	218	23	22
641	217	24	22
643	219	21	22
645	221	21	20
635	212	31	29
636	212	30	28
638	214	30	27
640	214	28	27
639	216	30	27
641	216	29	27
642	216	28	26
645	218	25	27
643	218	27	27
646	220	27	27
643	220	28	28
645	220	28	28
647	222	26	27
646	223	26	26
648	224	25	26
649	224	23	26
648	224	26	27
645	224	28	28
650	224	24	29
647	224	28	31
647	225	30	31
647	225	30	31
644	227	33	31
645	228	35	30
644	229	34	29
646	231	33	30
647	233	31	30
651	235	27	28
654	235	25	29
654	236	25	28
652	237	26	28
655	239	24	27
654	239	26	28
655	240	25	29
651	240	28	30
654	243	26	27
652	242	28	28
652	245	26	27
655	246	24	27
652	246	27	28
651	245	29	29
653	247	27	30
652	247	27	30
652	250	29	29
650	251	28	29
652	252	29	29
652	254	29	28
655	255	26	28
653	256	26	29
655	257	26	29
654	258	27	28
655	259	27	28
652	260	28	28
660	262	22	27
652	263	30	27
654	263	28	29
656	264	26	29
656	266	26	29
657	266	25	30
655	266	27	29
656	268	27	29
654	267	29	31
655	270	29	31
653	271	29	31
657	272	28	29
655	272	29	31
656	274	29	31
656	275	29	31
658	277	28	30
656	277	31	31
656	277	31	31
656	279	31	30
656	280	33	31
656	281	32	31
657	281	31	31
658	282	28	32
657	283	31	31
655	283	32	32
658	282	31	34
658	283	29	34
657	284	32	34
656	286	32	32
656	287	34	32
657	289	33	31
657	289	34	32
657	291	33	31
656	290	36	32
657	291	36	31
658	291	35	33
660	293	35	32
659	292	35	32
658	294	38	33
659	293	33	32
659	295	36	33
659	294	37	35
660	295	33	35
659	294	34	35
659	295	35	34
659	296	35	33
659	298	35	31
658	296	35	32
662	299	34	31
659	298	38	33
658	299	39	32
658	297	39	32
657	298	41	32
660	299	38	31
659	299	39	33
660	299	39	32
661	299	40	34
661	298	35	35
660	299	38	35
660	295	37	36
661	297	37	35
662	296	35	34
662	298	35	33
662	299	36	33
662	300	36	31
663	298	36	30
660	299	38	32
661	299	38	30
661	298	38	30
662	299	39	30
666	300	35	29
665	298	33	30
665	299	36	33
665	298	35	34
664	297	34	34
663	296	35	31
664	294	33	35
664	295	33	32
664	295	35	32
664	297	34	31
663	296	35	29
663	296	36	31
664	295	36	30
665	295	35	30
665	295	36	30
664	295	35	29
666	294	34	29
665	294	36	32
663	294	36	31
665	293	33	32
666	293	31	30
668	292	28	30
667	291	29	31
667	291	29	31
666	291	30	30
668	291	30	30
670	291	26	28
669	290	28	30
668	290	30	30
667	290	30	29
668	290	30	30
670	290	27	29
672	288	26	30
672	288	23	29
674	288	22	30
669	287	26	29
666	284	30	33
666	284	29	30
665	285	29	30
666	284	30	30
666	284	29	29
668	284	28	30
667	284	30	30
669	283	28	29
669	283	28	29
671	283	26	29
667	283	29	29
668	282	29	28
669	281	28	30
672	281	23	29
674	280	22	29
674	280	22	29
671	279	24	29
666	279	30	30
666	279	31	28
667	279	30	29
666	278	30	28
667	278	30	29
666	278	30	27
667	277	30	29
665	277	33	29
664	277	33	28
668	277	29	28
668	276	28	29
672	276	25	28
671	275	24	28
669	274	27	30
667	273	28	29
666	275	32	29
665	273	30	28
665	274	32	28
666	274	30	28
666	273	32	28
664	274	33	27
665	273	34	28
665	272	33	29
665	272	33	28
667	273	32	30
667	271	29	29
666	270	32	30
667	269	30	29
666	270	32	29
665	270	32	28
667	270	31	26
668	270	30	28
667	269	31	27
668	270	30	28
665	270	31	27
672	270	25	27
668	268	30	28
665	269	34	27
665	268	33	31
668	268	30	30
667	266	29	29
675	266	22	30
671	267	25	29
666	267	31	28
669	268	31	28
669	267	28	27
667	267	32	28
666	267	34	27
666	266	34	27
667	267	33	26
668	266	33	27
671	267	28	27
671	267	28	27
672	266	26	28
672	265	26	27
672	264	26	29
669	264	28	28
671	265	27	27
674	265	23	27
674	265	23	27
670	265	28	26
675	265	24	28
676	265	23	25
675	264	25	27
674	265	25	26
675	265	25	27
678	264	23	27
673	263	25	27
672	263	26	28
673	263	27	29
672	263	28	27
672	263	28	28
670	265	31	27
674	264	27	26
675	264	27	27
675	264	26	27
676	263	27	27
680	264	23	28
677	264	23	27
679	264	24	27
680	265	22	27
680	264	22	26
682	265	20	27
680	264	22	27
681	264	21	27
681	264	21	27
681	265	21	26
682	264	22	27
682	264	21	27
683	265	21	27
682	265	20	26
684	265	21	28
681	265	22	27
684	265	22	27
682	264	21	28
684	264	21	28
682	265	22	27
683	264	21	28
682	263	22	30
682	263	22	30
684	265	21	29
683	265	23	27
682	266	24	26
684	266	22	27
684	266	24	27
685	266	24	27
685	266	23	28
685	267	25	28
685	267	23	28
685	267	25	29
686	266	21	28
687	267	22	28
685	266	23	28
686	267	24	30
679	267	31	28
683	267	27	27
684	268	25	28
685	269	26	28
686	269	25	27
684	269	29	27
688	269	24	27
686	269	27	27
688	270	26	27
684	270	26	27
684	270	29	28
684	270	29	28
685	269	29	30
685	269	27	27
688	270	25	29
683	269	30	28
692	271	21	28
687	270	25	27
689	271	25	27
687	271	27	28
685	271	28	27
687	272	29	28
686	272	30	27
687	272	29	28
689	272	29	28
686	272	31	31
686	271	30	29
687	270	27	30
690	271	25	30
688	272	28	29
691	273	25	28
687	273	28	27
688	273	30	28
686	273	33	28
684	273	34	27
690	273	29	27
691	273	27	28
693	274	26	27
691	274	25	27
693	274	25	28
693	274	24	28
693	273	24	27
694	273	23	29
692	273	25	28
695	274	23	30
694	274	23	28
692	274	26	28
692	274	26	28
691	274	28	28
695	274	25	28
697	274	24	28
697	274	20	27
699	275	22	28
697	275	21	27
701	275	18	28
699	275	20	27
699	275	20	28
699	274	20	28
700	275	20	28
699	276	21	27
701	276	19	27
699	276	21	27
698	276	22	28
700	276	21	28
699	276	23	28
700	275	23	28
698	276	25	28
699	276	22	28
700	276	23	28
702	275	20	29
702	275	21	28
700	275	24	28
702	276	21	28
700	276	24	27
701	276	23	27
701	276	23	27
700	277	25	28
701	277	24	27
699	276	25	27
700	277	25	28
701	276	24	27
700	276	23	28
703	276	22	29
701	276	22	28
701	275	22	29
703	277	20	28
701	276	22	27
700	276	23	28
700	277	23	28
701	277	23	28
700	276	24	28
701	276	23	28
700	276	27	29
694	276	29	28
692	277	35	30
693	276	31	29
694	275	32	32
694	275	27	29
693	274	29	31
697	276	24	30
695	276	26	28
694	276	28	29
693	276	28	29
690	275	32	29
697	277	26	27
696	276	25	28
695	277	29	28
695	277	26	29
694	276	29	29
695	276	25	28
694	275	28	30
696	275	24	30
697	274	22	30
697	275	21	30
696	276	22	28
695	276	24	29
695	276	23	28
691	276	28	29
689	276	31	29
689	276	30	28
694	276	26	30
692	277	26	27
693	276	26	30
694	270	23	33
692	271	26	33
691	270	26	34
689	274	29	31
689	275	27	30
691	276	25	29
692	277	24	28
693	278	23	28
692	277	24	28
693	277	23	28
690	278	26	28
691	278	25	28
692	278	23	30
685	278	30	32
685	277	31	37
687	276	27	31
689	277	24	29
689	277	24	28
688	277	25	28
688	278	24	28
691	279	21	27
692	278	20	27
689	278	23	28
693	278	20	27
690	277	22	28
691	278	22	28
690	278	21	27
690	278	23	28
689	278	22	28
691	278	22	28
690	278	22	28
689	278	22	28
691	278	22	28
688	278	22	28
691	279	23	28
688	278	24	29
689	278	21	27
690	278	23	28
688	278	23	27
689	278	24	28
687	279	23	27
688	278	24	28
687	278	23	26
688	278	23	28
687	278	25	27
688	278	25	28
689	277	22	27
689	278	23	28
684	278	26	28
686	278	26	27
688	278	23	27
687	278	24	27
689	278	23	27
687	277	23	27
688	277	24	29
689	277	22	27
687	278	23	27
689	279	22	26
687	278	23	26
689	278	22	27
687	279	22	26
689	280	22	26
688	279	20	25
687	279	22	26
685	280	24	26
687	279	23	25
686	278	22	27
684	276	29	30
685	278	26	29
682	274	28	30
682	277	29	30
680	270	31	37
682	274	29	33
683	276	26	34
674	276	36	36
679	278	31	38
678	277	31	33
677	277	31	30
677	277	32	29
678	277	30	30
678	277	28	30
675	275	30	31
676	277	30	29
675	277	32	27
680	279	27	27
680	278	27	27
679	277	26	28
679	278	26	28
680	278	26	28
679	278	26	28
679	279	24	27
680	279	23	27
680	278	23	27
680	277	24	28
677	276	25	29
677	276	26	29
677	276	28	29
679	276	23	28
679	277	23	28
678	276	25	30
677	276	26	28
678	275	24	30
678	275	23	30
676	274	25	32
679	274	22	31
679	275	20	30
678	276	21	28
678	277	21	27
678	276	22	27
679	277	21	27
677	277	21	27
677	277	21	26
678	276	21	27
677	276	22	28
677	276	21	26
677	276	23	27
678	276	20	27
676	276	22	27
678	275	19	28
676	276	20	27
677	275	20	28
676	275	20	28
676	275	21	28
675	275	21	27
677	275	21	28
676	275	21	27
676	275	21	28
675	275	22	28
675	274	22	28
674	275	23	28
677	275	18	27
674	274	21	28
677	274	19	28
675	274	20	28
675	274	20	27
676	274	20	28
673	273	23	27
675	273	22	28
674	273	22	27
674	273	23	27
675	273	22	27
675	273	21	27
675	272	22	27
675	272	21	28
677	272	19	27
673	272	23	27
675	272	20	26
676	272	20	28
676	271	20	27
675	272	21	27
676	272	20	27
677	271	20	26
677	271	20	28
675	271	22	28
676	271	21	27
675	271	23	28
676	270	21	27
677	270	20	27
677	270	20	27
676	270	21	27
678	269	20	27
675	269	23	27
677	269	20	27
675	268	23	28
677	269	21	27
676	269	23	28
676	268	24	28
675	269	22	27
676	268	23	27
676	267	21	28
675	267	24	28
678	267	21	28
677	267	21	28
677	267	21	27
678	266	21	28
677	266	21	28
679	266	20	27
677	266	21	28
677	264	21	29
678	263	21	31
678	263	21	30
679	264	21	28
677	265	22	27
678	265	21	27
678	265	22	27
677	266	22	26
679	266	21	26
677	265	23	27
677	265	22	26
678	264	22	26
678	264	22	27
678	265	21	26
678	265	22	26
677	265	21	27
678	264	21	27
677	264	21	27
678	264	21	27
677	264	22	27
676	264	22	26
676	265	22	26
677	265	20	26
677	264	21	26
677	264	19	26
678	263	20	27
676	263	21	27
678	263	19	28
677	263	19	27
677	263	19	27
678	263	18	27
677	263	19	27
677	262	19	27
676	264	21	27
677	263	20	27
675	261	22	30
675	261	20	29
674	262	22	28
673	263	22	26
676	264	19	26
674	264	21	26
675	263	20	26
674	263	21	26
674	263	20	26
672	263	22	26
672	263	22	26
672	263	22	26
673	264	19	25
672	263	22	25
672	264	22	26
673	265	21	25
670	263	23	26
672	264	20	25
671	264	21	25
672	266	21	22
669	264	24	24
672	265	20	24
671	265	21	24
668	263	24	26
671	264	19	24
670	263	21	25
669	265	21	24
669	265	21	24
669	265	20	23
667	265	21	24
668	264	21	25
668	265	20	23
669	265	19	22
665	265	23	24
666	266	21	23
666	266	22	23
666	275	21	14
666	274	22	15
666	274	22	15
664	275	22	14
664	275	22	14
663	275	23	15
663	274	24	15
663	275	22	15
664	275	22	14
663	276	21	13
663	275	21	14
663	276	19	14
663	276	19	14
663	276	21	13
662	274	19	15
662	274	19	16
662	274	19	15
661	273	18	16
661	273	19	16
662	272	19	17
662	272	19	17
661	273	19	16
660	272	22	17
659	264	22	24
658	263	22	25
659	262	21	28
658	262	23	27
658	264	22	25
658	264	22	25
658	262	22	27
657	259	23	31
657	260	23	31
656	261	25	30
655	262	24	28
659	263	20	26
657	264	20	25
658	263	20	26
656	263	20	25
659	262	18	26
659	262	18	26
658	263	19	26
657	262	20	26
659	262	19	25
659	262	18	26
659	263	19	25
657	262	20	26
658	262	19	26
659	262	18	26
659	262	18	26
658	262	19	25
659	262	18	26
658	262	19	26
659	262	18	26
657	262	22	26
659	262	19	26
657	262	21	26
657	262	22	25
658	262	21	25
658	262	20	26
658	261	20	26
658	261	19	26
658	261	19	25
659	261	18	26
658	260	19	26
658	260	20	26
658	260	21	26
659	261	19	26
656	261	22	26
659	260	20	25
659	260	20	25
658	260	21	26
658	260	21	26
659	260	20	25
659	260	19	26
660	260	18	26
659	259	19	26
660	260	18	26
659	259	19	26
660	260	19	26
659	259	21	27
659	259	21	26
659	259	21	26
659	259	22	25
659	258	21	25
660	258	21	26
660	258	20	26
661	258	19	26
660	257	21	26
658	256	23	27
659	257	22	27
657	258	24	25
657	257	24	26
657	257	24	26
659	257	23	26
656	258	27	25
656	257	28	26
655	257	29	27
657	256	26	26
659	256	25	27
660	255	24	27
659	254	24	28
657	253	26	28
657	253	26	28
660	255	25	26
659	256	24	25
660	256	23	26
658	255	27	27
661	255	22	26
658	255	27	26
659	256	27	26
661	255	22	26
660	254	24	26
660	253	25	28
662	254	23	27
663	254	22	27
662	255	23	25
661	254	25	26
663	254	22	25
664	255	22	25
663	254	24	26
664	253	22	26
665	254	20	26
665	254	20	26
666	254	19	26
666	254	19	26
665	253	21	27
664	254	22	26
665	253	22	27
667	254	20	26
666	254	20	26
667	254	20	25
667	254	20	25
669	253	18	26
669	253	18	26
668	253	19	26
670	253	17	26
670	253	17	25
670	253	17	25
671	252	17	26
669	253	19	25
672	253	17	26
671	253	19	26
672	253	18	26
671	252	18	26
671	252	19	26
673	253	17	25
672	252	18	26
673	252	18	26
673	253	18	26
673	252	18	26
674	252	18	26
674	253	18	26
675	252	18	26
673	252	19	26
675	253	17	25
674	252	19	25
675	252	19	26
675	252	19	26
675	252	19	26
676	252	20	26
676	251	18	26
676	251	19	26
675	252	20	26
677	251	18	26
677	251	18	26
676	251	20	26
677	252	18	26
676	252	20	25
677	251	19	25
677	252	19	26
678	251	18	25
675	252	22	25
677	252	20	25
679	251	18	26
678	252	19	25
677	251	20	26
678	251	20	26
679	251	19	25
679	251	19	26
679	252	18	25
680	252	18	25
680	251	19	26
679	252	19	25
679	251	19	26
679	252	19	25
679	251	19	26
680	252	19	26
681	252	17	25
679	252	19	25
678	251	20	26
678	251	20	26
679	252	19	26
680	252	18	25
679	251	19	26
679	252	20	26
679	252	20	25
678	252	20	25
676	252	24	25
675	252	23	25
676	252	23	26
675	251	24	27
677	251	22	26
675	251	23	26
673	251	26	27
675	252	24	26
675	251	25	26
676	251	23	26
674	251	25	26
673	252	25	26
675	251	25	26
677	251	21	26
677	251	21	25
676	251	20	26
675	252	23	26
677	251	20	27
676	250	22	26
676	251	21	26
676	250	21	26
676	251	23	25
676	251	22	25
675	252	24	24
677	251	20	26
677	251	18	25
675	251	20	25
675	251	19	25
677	251	17	24
676	251	18	24
676	250	18	25
675	250	19	26
675	250	19	25
675	251	19	25
675	250	18	24
675	250	18	25
675	251	17	25
675	250	18	25
675	251	17	25
676	250	16	25
675	251	18	25
675	250	17	25
675	250	17	25
675	251	16	25
674	251	17	25
674	251	17	25
673	250	18	26
674	249	18	26
673	249	17	26
674	250	18	26
673	250	17	25
673	250	17	24
673	250	18	25
673	250	18	25
672	250	18	25
673	250	17	25
673	249	17	25
671	250	20	25
671	250	19	25
672	250	18	25
672	250	17	25
671	249	19	25
670	250	18	25
671	250	17	25
671	250	17	25
670	250	18	24
670	250	17	25
670	250	17	25
670	250	17	25
670	250	17	24
669	250	17	25
669	250	17	24
670	250	16	24
669	251	18	24
668	251	18	24
669	251	17	24
669	251	18	24
668	251	18	25
669	251	17	24
668	251	18	24
667	252	18	24
667	251	20	25
667	251	19	25
667	251	18	24
667	252	17	24
666	252	18	24
667	253	18	24
667	252	18	24
668	252	18	24
667	252	19	25
667	252	19	25
667	252	19	25
667	253	18	25
666	253	19	23
666	253	18	23
666	253	19	24
666	253	18	23
664	253	22	25
663	252	24	26
665	252	22	26
664	253	22	25
665	254	23	26
664	253	23	25
664	253	22	25
664	254	23	24
665	254	21	25
665	255	21	24
665	255	20	24
665	255	19	24
666	254	20	24
666	255	19	24
666	255	18	24
666	255	19	25
666	256	19	25
665	256	18	24
666	256	18	24
667	256	18	24
666	256	18	25
667	256	17	25
667	256	17	24
668	256	16	25
666	256	18	24
668	257	16	24
667	257	17	24
668	257	17	24
666	257	19	25
668	257	17	24
667	257	17	24
668	257	18	25
668	257	18	25
668	257	18	25
668	258	17	25
668	257	17	25
669	257	17	25
669	258	17	25
669	258	17	25
669	258	17	25
669	259	17	25
671	259	15	25
670	259	16	25
671	259	16	25
671	259	17	25
671	259	18	26
671	260	17	26
671	260	17	25
671	261	16	25
671	260	17	25
671	260	17	26
672	260	17	25
672	261	17	25
672	261	17	24
672	261	17	25
673	262	17	25
673	261	17	25
674	262	18	25
674	263	18	25
674	263	17	25
673	263	19	25
674	263	18	25
674	263	18	25
675	263	18	25
675	263	19	25
675	264	19	26
674	264	19	25
674	264	19	26
675	264	19	25
675	265	19	25
677	265	17	25
676	265	17	25
676	265	19	24
676	266	19	25
676	266	20	26
677	267	20	26
677	267	21	26
678	267	21	26
677	268	21	26
675	268	25	26
675	268	23	26
674	268	25	27
678	269	22	26
677	269	23	26
677	269	24	28
675	269	25	28
678	269	24	28
678	270	24	27
677	270	25	27
681	272	22	26
677	272	25	26
678	271	27	26
679	271	27	27
678	272	26	27
681	273	24	27
679	273	25	26
682	273	23	27
682	274	21	27
682	274	21	26
683	275	22	27
683	275	21	28
684	275	22	28
683	275	23	29
686	275	23	28
686	275	22	27
686	276	23	27
688	277	20	27
685	276	24	27
686	277	24	27
687	278	23	27
686	278	23	26
687	278	22	26
687	279	22	26
686	279	23	27
689	279	20	27
688	280	21	26
687	281	22	28
687	279	25	32
683	277	31	34
686	280	28	30
684	280	30	31
687	282	25	28
686	281	28	28
688	282	25	28
690	282	24	28
689	283	27	28
692	283	21	28
693	282	21	28
694	283	19	27
695	283	19	27
695	283	20	27
695	285	20	27
695	285	20	27
697	284	19	28
697	286	20	27
698	286	19	27
698	286	19	27
700	286	19	27
699	288	20	28
699	288	21	28
699	288	21	28
700	287	20	30
699	290	21	27
700	289	20	29
700	290	21	28
700	290	21	28
701	291	20	28
701	291	20	28
702	291	20	30
704	291	19	29
703	291	19	29
702	292	22	28
703	292	23	30
703	293	22	28
701	294	23	28
702	294	23	28
705	294	21	30
706	295	21	29
705	296	22	29
707	296	20	30
706	296	20	29
707	297	20	29
706	298	20	28
705	299	22	28
706	299	22	30
707	299	21	31
707	299	22	32
707	299	22	31
704	299	27	30
705	299	25	31
704	300	25	30
705	301	24	29
706	302	24	30
706	302	24	30
705	303	24	30
706	303	22	30
707	304	22	29
705	305	23	29
707	305	21	30
707	306	21	30
707	306	20	29
708	307	19	28
708	306	20	29
706	307	23	31
702	306	28	32
700	308	29	32
696	309	35	33
695	310	36	32
693	310	39	33
690	311	42	33
693	310	40	34
689	310	44	36
688	311	45	34
688	312	45	36
689	309	45	38
689	303	47	45
684	290	52	60
680	294	58	58
669	275	66	75
670	278	66	76
668	281	64	75
668	288	66	65
669	289	65	69
669	280	66	71
668	293	63	60
672	303	64	56
666	290	65	59
667	297	64	61
670	299	59	59
670	294	60	54
664	294	66	47
668	291	63	52
667	290	65	51
674	288	59	51
664	282	69	63
666	282	65	66
665	274	63	63
674	278	54	54
669	282	62	54
669	281	59	54
664	278	59	47
667	281	58	47
662	279	63	51
669	273	54	49
662	277	61	51
670	272	52	47
666	272	57	52
659	263	59	49
661	264	61	52
661	255	63	55
660	258	60	51
664	250	57	54
660	248	59	54
666	251	53	47
665	249	52	47
662	246	55	51
658	244	63	53
647	212	71	78
657	219	66	74
669	242	58	61
661	238	53	52
651	214	63	60
659	229	57	59
656	207	55	62
658	228	54	54
640	205	75	63
639	211	75	61
650	219	62	53
655	222	54	46
653	224	52	41
659	221	54	43
665	224	40	39
666	217	35	41
667	222	43	42
663	221	46	41
661	221	42	37
663	220	41	38
662	222	36	34
664	221	39	34
661	221	39	33
663	221	35	32
662	221	36	34
663	219	35	33
660	221	37	34
661	219	32	34
661	218	35	36
659	218	33	34
659	218	34	34
658	217	35	35
657	215	35	35
658	213	34	38
658	211	31	40
660	210	30	39
655	212	36	38
657	211	34	39
658	209	31	36
654	211	36	36
655	211	36	35
651	209	37	36
652	210	40	33
652	209	35	35
651	209	39	34
649	209	37	34
649	209	38	33
650	209	40	34
652	208	34	32
650	207	37	34
650	208	38	33
649	207	38	34
651	202	36	40
649	205	35	39
650	201	35	42
649	200	35	40
644	203	42	43
645	205	44	40
647	205	39	38
646	206	36	36
646	205	40	36
645	204	43	38
646	205	39	36
643	204	44	39
644	205	45	35
642	205	44	36
639	205	54	33
645	204	40	33
646	204	37	33
644	204	39	36
644	204	41	36
643	203	40	38
643	201	41	38
643	201	39	37
645	200	41	40
644	201	41	42
645	200	38	41
646	201	39	41
646	202	37	40
644	203	39	39
644	203	43	43
646	201	38	37
645	203	39	31
644	203	41	32
644	205	39	31
644	202	43	33
645	204	37	31
645	203	41	33
644	203	40	33
645	203	39	33
645	205	41	34
644	204	41	35
642	203	45	38
645	205	41	39
645	200	44	45
646	202	40	41
644	201	42	42
646	204	40	42
645	201	41	49
645	204	45	45
643	204	47	45
644	206	44	50
645	206	43	38
645	204	44	45
645	206	44	48
645	205	44	36
646	207	42	32
646	206	41	33
647	207	41	33
645	208	43	35
648	209	40	34
646	208	42	36
646	204	40	41
646	173	43	72
642	173	54	79
643	173	53	79
642	176	54	78
643	177	54	78
644	180	53	74
645	183	52	69
646	184	49	69
645	187	51	67
645	189	52	63
646	191	52	64
647	191	52	64
649	195	52	63
650	196	52	61
649	199	51	60
647	202	54	60
648	202	57	62
651	205	52	60
651	210	52	49
649	214	55	53
649	217	55	47
650	215	54	51
650	218	55	48
650	216	56	52
651	222	56	56
652	224	54	51
651	225	56	53
653	228	57	49
652	229	56	49
654	231	56	50
652	232	58	51
652	232	56	52
653	235	56	51
652	233	55	54
653	236	66	57
651	235	67	62
651	236	70	63
652	238	66	64
651	238	66	67
649	240	70	66
651	236	68	70
651	238	61	72
653	235	64	79
654	240	66	75
654	242	69	77
655	241	77	80
656	244	88	77
656	243	81	85
657	241	109	93
652	236	99	97
654	243	120	107
658	233	124	113
658	237	143	117
657	224	140	131
627	142	176	206
636	151	196	207
650	208	188	183
617	124	215	227
604	82	244	278
415	45	425	316
395	37	450	348
375	33	419	419
528	132	320	348
573	87	269	314
415	41	441	337
377	56	414	336
359	52	471	413
489	83	410	373
394	39	427	354
351	42	509	438
404	47	549	452
425	44	439	389
351	51	492	427
436	60	473	413
421	51	498	428
348	45	547	419
377	57	452	467
315	26	615	496
400	54	490	414
409	47	356	317
392	67	391	326
330	51	482	450
377	34	396	342
374	74	392	336
378	49	491	395
311	84	650	447
406	56	353	370
405	71	443	366
401	55	347	377
411	57	366	308
390	65	370	252
398	74	490	379
347	71	451	414
415	43	338	330
384	55	368	266
388	78	492	422
383	42	412	388
336	86	547	449
349	70	475	433
410	43	501	445
357	73	475	407
351	69	543	433
348	80	572	443
403	56	380	366
350	83	509	400
341	75	513	440
405	59	314	325
378	85	517	418
370	74	533	434
401	82	369	362
382	99	448	376
354	73	492	410
350	85	442	434
408	62	360	320
385	81	464	347
362	87	462	386
318	106	604	420
374	105	480	409
402	65	374	358
355	90	489	381
374	65	390	374
404	96	333	238
376	100	411	295
381	108	416	335
354	102	504	412
356	92	472	406
371	98	429	408
393	81	398	374
385	109	363	320
388	111	403	307
365	100	469	350
376	100	395	353
389	110	394	275
365	99	481	328
362	98	436	345
393	97	409	283
372	110	423	278
354	104	497	358
387	106	387	351
377	130	418	334
623	231	262	286
418	135	439	268
396	107	434	353
356	105	458	375
383	98	399	326
381	106	374	294
350	117	446	354
378	108	404	327
386	124	420	335
373	124	415	320
367	112	391	373
367	119	427	297
371	110	419	383
384	125	377	341
374	127	392	339
385	136	412	343
355	123	446	303
375	116	381	364
395	137	378	318
347	111	442	356
366	128	409	342
372	111	390	285
344	93	464	334
382	105	365	363
362	126	481	382
377	127	390	362
373	104	377	336
377	100	435	365
371	120	376	360
347	112	466	387
373	123	440	368
373	94	406	319
347	86	466	388
360	103	384	372
341	101	510	372
342	107	431	396
381	120	417	340
369	108	409	385
362	102	466	408
378	116	386	348
362	113	454	381
360	84	435	351
359	80	355	371
351	115	410	338
357	111	510	355
353	100	436	367
352	114	444	369
365	91	505	418
362	121	435	343
371	118	401	337
333	105	445	369
343	104	493	409
357	124	403	373
352	116	447	360
366	108	483	396
346	118	453	364
348	120	403	367
352	116	474	388
359	130	451	387
377	123	379	316
341	110	461	353
346	122	444	323
343	116	439	319
340	107	460	356
353	113	439	356
351	119	459	330
359	106	401	356
349	117	462	345
351	113	415	355
357	117	444	364
335	116	439	371
358	122	431	383
369	134	423	371
359	127	404	370
364	135	413	331
337	124	446	334
356	127	477	362
340	124	457	363
350	116	455	380
343	120	420	361
355	133	427	381
345	144	423	348
357	131	465	354
347	131	392	348
360	147	462	335
346	142	390	335
368	165	418	311
334	130	490	359
366	137	362	334
358	153	421	312
337	153	492	326
332	137	441	349
359	146	477	379
353	166	398	320
339	149	491	360
337	152	414	354
362	168	453	341
326	170	458	340
348	171	464	356
340	174	412	340
361	176	447	328
314	151	498	366
338	156	464	376
336	170	485	344
323	174	438	340
359	174	442	345
333	185	461	335
338	169	463	342
329	172	488	351
336	169	452	347
352	176	509	349
333	190	442	328
334	183	634	350
337	169	535	356
334	182	474	348
343	186	459	325
352	186	501	343
323	194	474	327
347	188	509	340
335	196	393	318
333	202	544	316
340	189	520	339
347	179	578	356
305	174	657	356
331	171	601	353
319	164	504	350
365	181	524	345
331	167	590	355
323	178	504	336
358	177	528	349
307	182	505	335
349	144	582	368
315	194	431	321
344	191	519	337
329	193	542	337
342	200	505	327
312	205	530	324
338	195	537	328
316	182	629	350
326	187	601	337
290	180	628	342
336	188	518	327
321	193	580	329
318	173	611	350
287	184	609	340
330	184	552	334
305	184	545	344
342	169	546	345
297	188	538	349
348	173	561	337
313	187	522	331
327	174	612	352
280	213	657	315
307	184	596	337
314	196	546	328
308	187	558	331
304	201	575	329
324	202	552	318
287	196	599	326
308	208	588	328
300	196	497	323
342	191	559	334
304	198	609	327
312	213	503	319
328	186	599	334
338	206	506	318
327	193	578	331
332	229	455	299
321	218	598	319
324	200	500	325
310	213	627	316
320	224	545	301
319	211	480	319
353	206	557	304
333	218	566	321
322	214	535	317
304	229	510	305
335	220	548	300
309	224	636	314
298	228	587	311
310	209	491	309
331	236	551	296
333	219	513	313
320	229	568	308
305	213	596	326
334	238	460	276
322	234	550	304
332	223	577	316
340	240	461	293
339	236	504	298
336	241	528	298
336	231	492	302
319	238	517	280
327	237	567	274
344	265	492	273
330	236	586	303
347	251	475	282
343	238	537	297
342	247	506	281
327	254	517	285
314	244	539	284
304	249	527	275
321	259	540	266
319	258	517	281
313	248	540	283
320	260	447	235
273	267	155	140
336	317	77	105
338	320	70	57
338	323	70	56
338	320	67	58
337	325	68	53
339	323	61	53
338	325	48	51
338	326	50	52
338	327	48	51
338	328	48	49
336	328	51	51
338	331	54	50
338	331	49	51
337	331	51	52
340	333	48	52
337	332	50	52
340	333	47	51
338	335	49	52
339	335	49	52
339	336	48	53
340	336	52	53
339	337	56	56
340	339	53	55
340	338	54	57
339	341	52	55
339	341	54	56
338	341	61	57
340	342	56	55
339	343	56	56
337	345	59	58
342	345	60	57
341	346	60	58
340	346	63	60
339	348	67	61
340	347	74	63
340	349	75	64
337	348	67	65
339	350	77	66
335	351	67	63
336	352	69	63
337	355	71	60
336	355	76	65
332	354	83	65
330	357	77	64
333	357	78	67
327	358	77	67
329	359	77	66
327	361	68	66
327	361	77	64
325	365	78	65
326	363	76	66
324	366	78	65
324	365	76	66
324	370	75	64
322	368	79	70
320	368	86	71
320	370	83	67
319	372	84	71
319	372	84	73
318	373	84	72
316	375	85	72
316	377	87	73
316	375	82	72
313	381	87	72
313	376	86	75
315	381	80	70
314	380	86	76
309	382	79	72
312	385	77	67
310	386	80	70
310	388	77	67
308	389	77	68
307	389	81	70
305	390	83	74
304	390	85	72
304	394	85	71
303	393	87	75
302	396	86	73
303	395	87	74
301	399	89	71
300	395	88	75
301	400	84	70
299	399	86	75
299	401	91	78
301	400	90	77
301	405	87	74
301	403	92	80
302	403	91	80
301	404	90	76
300	407	90	78
301	407	85	78
299	408	89	77
299	408	90	80
298	409	90	80
297	411	85	79
300	412	84	81
298	412	92	79
298	416	93	80
299	413	86	80
298	418	90	80
297	416	85	80
298	420	86	82
296	418	91	81
298	422	87	79
295	421	91	83
298	424	84	81
297	425	87	82
297	425	88	81
296	426	90	80
294	427	88	79
296	428	86	82
294	428	91	82
297	429	88	82
297	431	91	82
296	431	87	81
299	434	82	75
298	434	87	78
300	437	85	74
301	436	87	78
300	435	91	80
301	438	85	76
301	438	83	78
304	438	82	74
304	440	84	76
306	443	77	72
308	442	78	72
309	445	79	71
311	444	76	72
308	445	79	72
311	448	75	70
311	448	75	70
312	448	78	72
313	449	75	71
312	449	79	73
314	449	77	75
318	453	71	71
316	451	72	74
318	454	72	73
318	453	71	73
318	455	74	72
321	456	70	70
319	455	73	73
320	458	74	72
321	455	80	74
320	455	86	76
320	456	88	76
321	456	88	76
322	461	73	71
323	462	75	71
323	462	75	70
323	461	75	71
324	463	72	69
326	464	69	68
324	466	72	67
325	468	71	65
326	468	69	65
326	471	67	63
327	470	68	64
329	472	63	62
328	474	65	61
329	475	65	60
329	475	65	60
331	477	61	58
332	478	61	56
333	478	59	57
334	480	60	56
334	479	60	57
333	480	62	56
333	481	63	55
332	481	64	56
334	482	63	53
336	482	60	54
336	482	62	55
338	483	60	53
336	483	63	55
339	483	59	53
340	483	61	53
341	483	60	54
340	483	60	54
342	485	59	52
343	485	61	52
343	484	61	53
345	484	60	53
345	484	62	52
349	485	56	52
345	485	62	53
348	485	59	52
350	485	58	53
350	485	58	53
349	485	59	52
349	483	63	53
351	482	63	54
353	481	63	56
355	480	62	56
357	480	63	56
359	480	63	57
361	479	63	57
366	478	61	57
370	477	57	58
373	476	58	59
376	474	59	60
379	472	60	62
381	471	63	62
388	469	60	63
390	467	62	64
394	465	63	63
397	464	63	65
402	462	61	68
408	460	62	71
413	459	63	70
413	457	69	71
424	456	61	71
430	456	60	68
434	455	62	65
439	453	61	63
446	453	56	61
450	453	56	61
455	452	56	59
461	451	55	59
466	450	55	60
469	451	57	58
473	450	58	60
479	448	57	61
484	449	56	60
487	449	57	59
489	450	56	57
494	450	55	58
497	450	55	58
500	450	55	58
503	450	57	60
505	449	57	59
509	449	56	59
512	450	54	58
513	450	56	59
515	450	56	58
519	450	57	59
520	450	55	59
522	450	55	57
525	450	56	58
527	451	55	57
528	450	57	59
532	451	56	57
532	450	59	57
536	451	55	57
538	451	57	57
540	451	53	56
542	452	54	56
543	452	56	57
547	452	54	56
549	453	53	55
551	454	52	55
552	455	53	55
554	455	52	55
556	456	51	54
560	459	45	51
559	460	49	52
562	461	46	52
566	463	43	51
567	466	45	51
569	467	47	52
572	469	47	53
574	472	46	53
575	474	48	54
576	476	51	55
578	479	51	55
580	480	51	53
581	482	53	52
585	486	52	49
590	489	46	46
590	492	47	44
594	496	45	41
594	497	46	40
598	500	40	37
601	504	37	34
604	508	32	31
609	510	29	28
613	514	24	24
618	515	20	22
621	519	20	19
624	522	18	16
629	525	14	13
633	528	11	10
638	530	10	10
643	530	10	10
644	527	15	12
643	525	21	14
633	522	39	17
629	518	57	21
620	515	73	24
618	512	71	27
597	509	107	30
601	500	102	39
594	487	120	52
572	471	167	68
463	388	162	148
402	334	229	199
365	247	323	292
33	1	327	275
28	5	338	273
26	0	355	293
26	0	317	283
33	1	338	294
26	0	352	295
19	5	357	280
21	5	350	274
48	9	367	288
32	6	324	265
47	9	313	266
29	0	345	283
14	0	365	277
30	11	315	268
23	9	307	221
55	13	262	222
30	8	289	228
19	11	320	249
35	13	322	272
26	7	322	233
14	9	314	243
10	11	333	240
12	8	351	247
20	5	343	274
19	14	344	277
22	7	352	275
23	6	353	287
19	10	362	272
19	7	361	286
17	11	343	266
25	7	349	267
18	0	360	274
40	3	330	271
28	5	346	263
31	0	360	278
44	4	326	275
27	2	364	278
44	3	340	282
36	0	359	293
49	5	347	293
34	7	359	296
43	10	351	279
42	9	375	291
33	9	362	307
55	12	340	275
36	0	370	289
69	3	327	297
47	3	353	297
66	3	351	305
63	5	349	310
64	7	336	307
83	4	333	298
83	6	317	294
79	0	327	291
80	3	334	303
96	6	315	301
81	0	325	305
94	3	338	303
89	5	350	334
80	2	364	337
69	4	385	353
92	11	339	321
77	11	361	329
87	1	344	338
84	1	351	333
78	0	354	342
95	0	341	339
94	6	339	349
94	1	338	329
102	4	338	332
106	5	327	327
99	2	337	325
104	4	342	338
106	5	332	331
114	3	339	335
125	0	346	348
133	0	333	344
133	1	343	354
141	0	332	364
138	0	345	365
139	0	347	367
138	0	345	372
141	6	348	361
139	0	342	366
148	6	359	369
152	0	367	370
137	0	352	375
151	10	333	362
155	12	332	350
158	11	347	358
158	9	355	367
162	8	337	364
166	11	322	362
172	19	327	346
168	14	335	346
174	13	310	357
184	23	316	339
172	14	325	357
186	19	319	356
183	14	317	357
183	18	307	351
182	28	317	350
190	28	328	354
186	24	323	359
200	30	302	352
190	33	323	341
207	36	297	334
197	41	309	357
203	41	315	349
197	36	320	355
214	50	297	340
200	34	322	359
212	49	298	338
200	42	323	350
218	59	295	329
