559	333	35	42
559	331	34	44
559	330	34	44
559	328	35	45
560	327	35	42
559	326	36	44
560	325	36	44
562	324	35	43
562	322	36	43
562	321	36	43
563	320	36	41
562	319	36	41
563	318	36	43
564	317	37	40
563	315	38	42
563	314	38	40
565	312	38	41
563	310	40	42
564	310	39	41
564	308	39	40
565	306	39	40
566	305	39	39
566	303	40	40
566	302	40	40
566	301	39	40
567	299	40	40
567	297	39	39
567	296	40	39
568	294	39	40
568	293	40	39
568	291	40	39
568	290	40	38
568	287	41	40
568	287	41	39
567	285	41	39
568	284	42	40
567	283	42	38
567	282	42	38
567	280	42	38
568	278	42	38
568	276	41	38
566	275	44	38
566	273	44	37
566	272	44	38
566	270	43	38
566	269	43	37
567	267	42	37
568	266	42	36
568	265	41	35
569	263	40	36
566	261	42	35
565	262	44	34
565	258	42	36
566	258	43	34
564	256	43	35
562	255	45	34
565	255	42	32
565	253	42	32
564	251	43	34
563	251	44	33
561	249	45	33
561	248	45	32
561	246	45	32
560	244	46	32
560	245	45	30
559	243	46	30
559	242	46	30
558	238	46	32
557	236	46	33
557	234	46	33
556	233	46	33
556	232	47	32
556	231	45	33
554	231	46	32
554	228	47	32
554	227	45	33
553	227	46	31
554	225	45	32
553	223	44	32
552	223	46	31
551	223	46	30
551	220	44	31
549	220	47	31
549	216	45	33
546	217	47	32
545	215	48	32
545	214	47	31
544	212	48	33
543	212	48	31
541	210	48	32
541	208	47	34
540	208	48	33
538	205	49	34
538	206	48	33
536	206	48	30
536	205	49	32
535	205	48	30
534	205	49	30
533	204	49	31
531	200	50	32
530	200	49	33
530	198	50	34
529	199	49	33
528	196	50	35
527	195	49	36
525	195	48	34
525	193	47	37
524	193	48	38
522	193	48	35
521	190	47	39
521	190	46	39
519	189	46	39
519	188	46	40
516	186	46	41
518	187	44	39
513	185	47	41
513	184	44	41
512	184	44	39
511	183	44	40
510	181	44	41
509	182	44	40
507	180	43	42
507	179	42	41
504	179	42	41
505	179	40	42
503	178	41	42
500	178	42	43
499	177	41	43
498	177	41	43
496	176	40	44
495	176	41	44
493	175	41	45
492	175	40	45
490	174	40	47
490	174	39	46
487	174	38	45
486	174	38	45
485	173	37	45
484	173	36	45
483	174	35	47
482	173	35	46
480	172	34	46
479	173	33	48
478	173	33	48
477	172	32	48
476	173	32	49
474	173	30	49
473	173	29	48
472	173	29	49
472	173	28	49
471	174	27	48
470	174	26	49
467	174	27	48
468	174	24	48
467	175	24	48
466	176	23	48
466	175	24	49
464	176	24	48
464	176	22	48
462	176	23	47
463	177	21	48
460	178	22	47
460	178	22	48
459	178	24	48
457	179	25	48
457	180	24	48
457	180	25	49
455	180	25	49
454	181	26	49
454	182	25	49
453	183	26	49
451	183	28	49
450	184	27	49
451	184	26	49
450	185	27	48
448	185	27	49
450	186	26	49
449	186	26	48
448	187	28	48
448	187	29	48
445	187	29	49
446	189	29	48
444	190	31	47
442	190	32	47
444	192	30	47
442	193	32	45
443	194	32	46
442	195	32	45
442	195	32	44
441	196	33	45
440	197	34	43
440	197	35	46
440	197	35	47
438	198	37	46
438	198	38	47
439	200	39	46
437	200	39	47
437	201	40	46
437	202	41	46
437	201	40	47
436	203	42	47
435	203	42	48
435	205	40	47
435	205	40	46
434	205	42	47
435	207	41	45
433	208	41	46
433	209	43	47
433	209	43	46
432	209	46	48
433	210	44	46
432	211	44	44
433	211	45	44
432	212	45	44
432	212	46	45
433	215	44	44
433	215	49	42
432	216	48	43
432	216	47	43
433	218	48	45
432	219	48	45
433	219	49	45
433	220	48	45
432	222	48	45
433	222	48	48
433	223	49	45
433	226	48	40
433	224	49	44
434	226	49	40
434	228	48	40
434	229	49	39
434	229	49	37
436	230	47	38
434	229	49	40
436	229	48	38
435	232	49	37
436	232	49	36
437	232	48	35
437	233	48	34
437	233	49	37
437	233	49	36
438	234	49	37
438	234	49	34
438	235	50	36
439	236	49	37
440	235	48	31
440	236	49	30
440	237	49	32
440	239	49	34
440	237	50	50
439	227	57	49
439	233	54	50
439	234	53	52
441	235	53	41
441	237	51	42
442	234	53	41
442	237	52	38
441	236	54	32
444	235	51	31
445	235	49	31
446	235	49	32
446	235	49	31
447	235	49	32
447	235	49	31
447	233	49	33
448	234	49	34
448	232	49	34
448	232	49	36
449	233	49	35
449	232	49	36
449	230	51	37
449	229	51	38
450	229	51	38
450	228	49	38
450	229	50	38
450	228	52	39
449	226	52	40
450	225	52	41
450	225	53	41
450	224	51	40
450	223	52	42
452	223	50	41
452	221	50	43
452	221	50	42
452	220	50	42
455	219	48	44
456	219	46	43
456	218	46	44
457	217	44	45
456	216	45	45
456	216	46	45
458	214	45	45
458	214	45	46
458	213	44	46
458	212	44	46
460	212	43	46
459	211	43	48
459	210	43	47
460	209	42	47
461	209	41	47
461	206	41	48
461	206	39	47
461	204	39	50
461	203	38	50
462	203	38	49
461	201	38	51
461	200	38	51
461	200	37	49
461	200	37	49
460	198	37	48
461	198	36	48
460	196	35	49
460	196	35	49
460	194	35	49
460	193	35	50
460	192	34	50
460	193	34	48
460	190	33	49
460	189	33	51
459	189	32	50
459	188	32	50
459	186	31	51
458	185	32	52
459	184	30	52
457	183	30	52
457	183	29	51
456	181	28	52
457	180	28	50
458	178	27	52
457	178	26	50
456	178	26	50
456	177	25	49
455	176	25	49
454	175	24	49
454	174	24	50
453	173	24	50
451	173	25	51
450	171	24	51
448	170	26	52
449	169	24	51
448	168	24	52
446	167	25	51
445	166	25	52
443	165	27	51
442	165	26	51
440	164	28	51
438	163	28	52
438	162	29	52
436	160	29	52
436	160	29	52
433	159	30	53
431	159	31	52
431	158	31	50
429	159	31	50
428	157	32	50
426	156	32	51
423	156	33	52
423	154	33	51
420	155	35	52
418	155	36	51
417	155	36	52
414	154	37	50
412	153	37	51
410	153	37	51
409	153	38	50
406	152	38	51
403	151	40	51
403	152	39	50
399	151	41	51
399	150	41	51
394	150	43	50
393	150	43	50
390	150	44	49
390	150	43	49
386	150	45	50
385	151	44	49
382	151	45	48
380	150	45	50
376	150	47	49
374	149	47	51
373	150	47	50
369	150	48	51
368	150	46	49
365	151	49	48
362	151	49	48
359	152	49	48
359	152	49	48
356	154	50	46
354	155	49	45
350	155	50	45
348	155	51	46
345	156	52	46
342	157	53	47
341	157	52	46
337	158	53	46
336	159	53	47
334	160	53	46
330	161	53	46
328	162	53	46
327	163	53	44
326	163	52	45
323	166	52	43
320	166	53	44
319	167	53	43
315	169	53	43
313	170	54	42
311	171	55	43
310	172	54	44
308	174	54	41
305	175	55	40
302	176	56	41
300	178	55	41
298	180	55	38
295	181	56	39
294	182	55	39
292	183	55	40
290	185	55	38
288	186	56	38
286	188	55	38
283	189	56	35
281	191	57	35
279	192	56	36
278	194	56	35
276	196	56	34
274	197	55	37
272	199	55	33
271	201	55	33
268	202	54	34
266	204	54	33
264	206	55	33
263	208	54	31
261	211	54	30
260	213	53	30
257	213	54	30
254	216	55	30
254	217	55	28
255	220	50	28
253	222	50	28
251	224	51	26
244	225	55	28
243	228	57	26
245	229	52	27
242	231	52	26
241	232	52	25
234	233	51	28
234	235	55	28
232	237	55	26
230	238	57	28
229	241	56	27
227	242	56	28
225	245	56	26
254	244	29	27
229	247	48	26
224	248	52	26
235	251	41	25
219	256	44	26
219	255	46	26
215	255	56	28
216	254	57	31
232	256	39	27
244	257	24	28
244	259	19	26
245	263	18	23
243	265	17	22
240	266	18	22
242	267	15	24
241	269	15	24
236	272	19	22
237	271	16	23
235	273	17	23
234	276	15	22
236	278	12	23
235	279	13	21
234	281	12	21
231	281	12	23
230	284	11	20
227	286	13	21
224	286	15	23
224	289	15	24
220	290	18	23
221	290	15	25
220	294	15	23
215	296	18	22
215	297	16	23
215	298	17	25
213	299	17	26
211	304	18	26
209	305	17	23
209	308	16	23
208	309	16	25
207	313	17	23
206	315	16	22
206	317	17	24
204	319	20	25
202	320	20	25
199	323	21	27
199	325	20	26
198	327	21	24
195	329	21	26
192	332	26	29
195	334	21	26
193	337	19	25
192	338	20	27
190	340	21	27
188	345	23	27
186	346	24	28
160	353	42	37
152	346	59	46
148	414	53	42
149	415	54	44
150	417	53	44
152	420	52	43
152	421	54	43
154	424	53	43
154	424	53	44
156	426	53	44
156	429	52	44
157	430	54	44
159	432	53	44
159	433	53	44
162	435	52	44
162	437	52	45
163	439	52	44
164	441	52	44
166	443	52	45
168	444	50	46
167	445	51	45
168	447	53	47
171	448	49	45
170	449	51	45
173	451	50	46
174	453	50	45
172	453	52	46
175	456	49	46
174	453	52	50
177	456	50	47
178	458	49	47
