0.00
505.59
514.52
479.03
463.65
512.79
511.31
488.85
496.20
494.22
444.96
523.81
493.43
467.30
504.39
470.76
465.53
489.80
507.07
490.98
451.22
486.71
499.17
503.67
511.28
484.36
494.82
509.65
506.10
502.95
482.30
505.89
486.66
486.71
468.19
473.07
488.32
494.27
477.54
431.87
435.31
462.78
484.16
451.33
436.29
442.37
385.85
426.18
393.72
350.81
282.10
349.43
297.17
345.52
338.85
352.21
337.77
311.88
311.32
329.84
288.87
290.12
297.62
304.24
285.32
273.76
270.90
251.59
261.46
312.92
266.78
263.07
270.89
268.54
263.31
223.86
257.67
221.15
223.41
214.85
224.65
191.75
206.05
196.26
216.10
237.63
220.49
187.75
203.24
223.10
232.66
258.02
230.01
278.42
242.46
260.81
241.46
264.61
241.73
174.25
292.25
283.36
281.21
223.05
223.31
209.81
226.02
236.68
269.16
229.40
245.63
224.14
267.22
212.57
246.08
191.08
251.82
242.97
265.44
252.49
279.35
263.84
236.88
250.90
248.82
239.22
222.69
247.00
250.51
217.95
199.61
215.50
253.51
198.57
233.75
190.50
221.87
310.57
170.06
226.67
162.84
156.34
195.36
206.07
186.13
202.47
193.51
240.90
174.36
235.11
175.26
176.43
180.90
194.02
160.54
164.08
133.37
163.06
168.99
148.60
151.04
135.37
146.96
166.18
157.93
205.64
196.17
161.43
219.48
179.46
212.83
217.95
262.34
266.79
259.76
231.44
224.69
228.13
194.72
315.33
313.53
279.09
254.79
283.06
282.36
252.50
305.52
306.47
312.63
332.20
294.02
354.10
338.01
356.84
382.55
411.49
351.86
395.99
367.40
373.53
372.42
320.59
315.96
350.31
338.62
334.78
277.28
357.99
369.21
355.31
382.92
329.54
383.95
310.80
330.46
291.35
333.22
288.33
278.15
291.07
257.69
309.48
322.59
268.93
251.99
274.52
323.18
262.80
294.57
330.32
291.19
318.79
277.52
216.48
214.88
268.01
256.23
269.18
258.56
235.79
214.82
208.15
183.99
170.07
177.92
165.66
223.69
196.25
187.95
128.09
160.19
122.66
155.78
153.20
146.36
128.49
136.12
121.78
219.18
273.65
241.91
265.92
191.39
229.75
226.89
247.93
212.16
232.76
262.28
230.95
286.30
262.47
279.18
314.31
283.90
290.31
340.74
316.31
329.39
380.93
363.07
388.18
400.07
388.32
400.67
415.29
407.28
401.37
420.18
421.63
437.45
454.25
423.39
467.50
442.91
482.99
436.00
438.30
447.13
485.16
414.67
515.39
476.07
518.30
492.48
486.64
480.17
470.76
471.88
415.44
437.52
417.91
419.05
419.74
430.11
466.88
458.24
433.76
444.64
404.42
437.31
401.72
393.87
421.38
323.55
373.23
352.75
360.45
367.38
393.37
383.31
390.33
372.62
387.04
347.60
357.16
365.21
354.46
332.24
361.05
367.19
372.36
387.55
383.13
385.29
386.94
356.83
389.07
395.14
378.23
343.28
363.88
373.43
345.45
378.89
357.20
301.70
397.09
331.85
378.28
386.35
264.97
347.64
362.78
375.83
293.89
333.09
441.65
253.66
406.38
266.38
361.37
298.15
395.26
334.07
382.13
357.78
387.94
335.80
366.36
363.48
280.48
367.78
340.87
335.48
273.91
371.59
316.70
293.22
321.64
329.93
276.93
303.87
350.65
275.92
293.86
292.24
225.96
284.62
330.47
308.38
272.31
285.66
244.02
226.27
267.03
265.35
239.97
311.33
252.53
256.76
210.79
261.97
255.72
257.04
238.40
278.50
232.74
242.92
318.12
234.30
238.32
257.95
272.29
209.60
303.48
223.77
222.93
198.71
205.62
243.19
205.02
161.61
198.54
130.51
258.03
156.62
158.08
167.27
151.77
143.28
175.79
158.57
165.69
98.60
130.23
147.13
128.77
179.08
144.09
132.35
127.19
87.99
83.21
96.07
77.43
90.22
114.48
100.94
108.74
64.20
98.71
59.25
114.14
129.16
98.10
95.10
90.44
171.81
102.92
102.22
114.56
103.79
112.05
149.35
113.37
80.68
99.03
87.05
128.31
114.95
125.15
118.80
138.11
116.98
98.08
98.81
101.72
97.97
119.32
117.57
153.21
97.34
124.75
112.98
71.39
101.40
108.93
74.28
55.69
104.31
80.48
64.39
62.44
57.24
50.83
48.41
49.90
55.48
192.96
167.97
189.99
150.12
158.89
178.76
171.04
173.06
122.37
146.36
160.98
143.25
194.26
188.66
204.28
157.48
165.38
181.18
95.73
149.78
154.32
128.08
141.76
164.49
152.15
81.21
126.46
119.52
