0.00
258.89
151.28
287.63
232.07
221.38
291.96
232.50
178.53
247.72
190.73
228.33
251.73
258.07
178.77
175.53
240.39
280.11
175.22
263.21
277.52
167.66
263.93
289.12
181.78
258.70
216.37
281.62
169.24
271.35
241.30
198.41
190.90
246.82
257.18
137.15
252.05
213.13
191.15
218.24
249.98
176.76
208.78
238.25
231.51
175.78
236.37
222.97
213.37
188.89
233.44
207.71
182.89
279.57
302.29
191.11
310.79
189.81
271.99
250.63
235.23
213.72
217.07
246.23
258.01
204.57
215.75
209.55
192.06
163.10
226.73
158.44
280.27
193.87
186.63
280.84
218.45
272.68
249.99
254.34
204.23
183.08
233.14
157.82
252.34
164.45
219.54
234.28
177.98
234.59
193.32
199.32
193.78
256.41
183.95
238.59
239.87
177.46
201.48
207.66
202.47
271.51
260.31
221.95
203.77
201.30
229.70
249.65
266.76
191.26
215.69
229.64
224.11
281.32
261.40
194.88
221.39
220.04
240.92
236.10
196.27
241.08
229.01
205.49
206.50
190.32
212.72
211.84
225.95
213.24
207.47
232.68
199.05
241.12
255.33
297.39
252.99
287.18
188.51
231.07
242.49
287.76
304.03
297.88
245.31
253.57
249.22
249.28
240.53
237.71
229.45
265.92
223.36
212.99
232.57
221.43
225.59
217.39
230.41
224.29
226.55
168.24
197.69
207.18
203.22
184.61
204.00
219.69
210.37
162.24
221.76
221.97
180.66
224.85
197.52
241.15
238.12
265.43
231.52
276.00
238.27
245.72
255.77
192.69
266.57
213.91
286.19
255.26
258.60
248.91
235.00
272.54
225.06
263.66
292.25
216.59
190.51
263.45
245.66
240.99
244.82
302.15
211.39
260.93
230.49
273.59
307.96
253.05
260.05
249.53
298.74
283.54
241.58
257.76
246.87
297.68
274.62
215.73
245.59
276.55
226.07
263.33
295.59
252.17
199.14
297.42
225.56
239.69
286.39
203.30
219.66
284.94
233.43
265.53
276.12
270.77
242.36
233.46
289.87
273.53
244.33
199.76
197.11
197.74
164.33
167.77
149.51
146.35
211.40
179.76
160.84
158.21
186.12
179.58
146.36
106.39
112.71
148.09
121.03
120.28
114.07
115.56
102.30
120.63
107.35
103.58
99.20
86.62
97.63
93.94
74.26
71.66
70.77
59.02
63.74
51.47
70.79
93.59
75.19
96.26
101.55
134.36
122.06
126.14
126.43
132.85
124.37
99.75
99.12
105.33
104.34
102.19
108.18
94.68
118.26
89.86
102.59
91.96
92.03
97.40
107.04
89.99
113.46
131.34
116.35
76.92
132.77
112.66
95.41
52.41
58.72
65.03
131.20
142.14
151.14
139.63
152.07
134.47
139.58
142.83
160.09
155.71
177.25
152.56
169.32
160.30
133.81
169.75
158.83
132.73
135.40
132.17
144.36
141.71
139.88
150.67
109.61
106.54
126.92
124.94
114.48
130.28
144.04
134.13
132.63
151.18
139.18
114.36
119.33
125.93
120.41
135.80
144.84
137.86
125.75
125.55
118.68
144.48
146.86
111.62
106.69
125.26
116.89
137.29
117.92
112.18
85.39
108.45
79.29
117.78
79.40
95.51
126.38
118.44
114.59
101.24
117.01
120.54
123.00
127.37
105.93
89.97
107.99
119.30
113.53
149.56
126.29
119.47
155.80
148.49
153.28
137.57
138.34
161.08
180.45
184.70
147.06
160.41
169.30
139.48
138.45
195.09
243.24
216.41
143.36
113.80
148.33
159.83
194.33
184.14
218.59
202.78
196.99
173.18
133.86
158.42
116.39
175.84
173.28
186.51
191.39
208.60
117.76
182.83
153.59
209.82
129.32
144.38
165.19
159.58
125.17
133.66
128.10
170.74
151.17
178.80
210.67
212.05
157.54
174.12
131.16
117.11
126.91
150.64
147.85
149.75
151.29
148.98
130.24
150.84
99.27
162.78
103.01
101.22
124.43
122.05
135.58
130.02
107.21
148.49
129.69
152.64
129.54
109.08
92.27
166.96
123.61
82.96
124.85
73.16
78.20
101.48
80.42
182.71
136.16
156.27
176.47
116.72
158.59
152.96
143.49
138.40
167.45
136.03
166.20
163.67
207.52
163.81
129.96
202.19
134.99
117.82
113.42
179.65
110.03
121.95
150.17
146.26
144.53
147.84
137.97
151.51
145.87
95.13
128.76
91.77
105.45
110.57
114.06
137.58
117.61
157.32
199.49
159.32
187.49
170.59
113.98
169.67
129.82
188.52
217.59
217.51
167.64
162.85
161.39
288.77
258.91
222.61
159.32
162.81
242.28
128.10
183.73
128.79
172.77
172.73
213.83
206.22
128.29
143.63
152.60
117.72
141.73
204.99
168.58
150.41
290.23
252.95
196.44
205.08
235.65
147.06
158.08
222.31
186.21
208.27
223.71
167.78
167.27
257.26
258.85
173.64
130.39
138.43
142.05
168.96
212.80
245.62
237.26
208.22
155.22
204.66
251.10
208.94
135.11
111.97
133.44
102.55
203.16
132.74
93.85
114.96
97.28
128.87
94.62
145.11
163.36
115.88
165.75
140.85
192.85
121.19
115.33
170.70
173.55
129.01
96.36
114.12
114.21
89.91
132.46
117.91
112.45
128.12
115.50
147.47
121.23
154.54
137.39
134.54
119.73
106.78
136.34
127.63
130.99
113.77
101.79
126.51
166.71
117.74
85.64
94.55
76.61
83.55
109.52
131.11
90.81
116.32
123.52
117.09
145.95
144.79
182.37
129.93
132.28
108.35
108.50
75.23
110.45
122.24
82.34
98.92
65.55
149.88
111.95
101.81
133.05
64.61
55.12
57.19
80.77
67.24
72.35
89.53
91.39
96.19
67.71
89.66
137.53
99.28
74.25
158.59
108.93
60.38
64.07
79.62
75.98
64.08
69.63
103.02
77.25
71.83
123.68
55.32
80.18
62.09
123.32
127.59
125.92
69.43
57.95
59.83
102.76
56.56
143.46
108.49
137.81
117.51
128.88
129.53
149.28
129.51
111.25
74.39
55.08
58.83
81.99
58.86
50.91
42.14
34.70
58.75
70.95
70.26
57.38
83.56
60.47
46.95
109.02
46.91
42.90
47.24
57.10
59.22
52.01
50.52
54.10
48.99
50.56
62.75
46.26
70.42
52.11
40.73
32.02
45.33
89.25
37.23
39.57
45.53
34.55
42.81
42.68
65.10
99.14
76.92
75.12
76.15
32.31
49.43
68.93
75.03
89.60
57.92
67.46
56.90
45.28
77.55
66.05
91.84
79.96
98.12
127.04
96.92
97.26
57.37
63.27
109.57
136.85
105.79
126.29
110.28
98.34
86.41
80.88
90.63
43.25
25.14
27.92
41.98
62.75
38.04
31.59
40.86
34.40
66.54
60.13
97.36
67.18
63.58
104.20
52.93
61.50
57.59
29.86
40.42
41.30
41.49
60.23
48.35
77.34
75.41
41.07
43.37
66.36
63.86
76.85
49.64
51.12
36.11
71.47
92.91
80.79
44.09
50.94
44.78
58.69
43.28
49.70
77.63
97.86
98.62
87.07
46.21
71.88
70.89
54.86
73.32
62.19
39.88
42.42
36.53
35.18
44.16
88.12
63.09
105.96
58.06
41.86
53.24
73.71
88.68
65.35
89.25
60.07
81.60
108.09
145.97
87.63
77.61
71.97
69.91
65.92
66.24
62.62
64.46
128.41
73.56
34.76
31.48
62.62
55.79
60.93
85.66
116.04
44.58
87.39
68.17
57.28
79.30
39.47
65.29
70.57
88.88
66.60
63.98
64.31
44.32
78.46
61.21
37.32
109.49
75.96
59.98
45.68
37.61
35.14
65.21
110.88
152.14
58.91
61.87
40.40
40.27
43.44
82.45
41.70
55.00
39.78
49.62
49.98
59.61
52.80
64.55
100.93
91.97
56.32
76.29
51.07
48.77
71.78
34.36
54.70
42.27
30.65
42.65
73.02
85.54
67.19
109.89
51.35
90.42
90.49
50.91
60.43
49.14
35.55
58.05
63.49
58.19
78.38
42.34
55.36
51.47
62.05
32.68
42.63
68.05
46.22
60.36
82.00
80.90
100.39
72.57
69.04
73.24
83.02
128.01
80.28
96.85
31.73
29.33
40.54
40.97
39.81
41.00
42.94
40.81
79.55
58.30
41.62
63.69
48.37
57.71
71.95
42.41
44.59
49.61
62.60
105.04
79.76
98.76
67.64
72.88
88.14
112.41
47.68
75.25
41.50
66.50
29.47
57.32
35.81
35.41
28.84
55.34
63.52
58.53
81.92
84.63
60.82
50.91
46.60
