0.067824
0.172125
0.162312
0.207078
0.180655
0.152011
0.187690
0.163344
0.161442
0.175839
0.149546
0.176791
0.137368
0.147298
0.187965
0.169702
0.159880
0.181442
0.175199
0.200393
0.174628
0.135593
0.155600
0.176846
0.157812
0.129506
0.148949
0.144894
0.139288
0.145319
0.121499
0.149436
0.127479
0.171553
0.114939
0.128401
0.146888
0.137201
0.136287
0.133172
0.131760
0.136678
0.149887
0.130798
0.156936
0.140547
0.134309
0.135610
0.157352
0.131606
0.183953
0.156503
0.144276
0.146924
0.139302
0.165935
0.134098
0.214119
0.158758
0.239054
0.212994
0.182605
0.191033
0.175867
0.237444
0.204118
0.201514
0.162463
0.182358
0.177399
0.216370
0.212884
0.189726
0.238828
0.181096
0.206856
0.214085
0.191207
0.189707
0.184736
0.202789
0.181948
0.217582
0.164969
0.190992
0.177439
0.168427
0.196994
0.172001
0.185774
0.183912
0.170880
0.189990
0.231579
0.207253
0.192852
0.198334
0.157439
0.177171
0.165861
0.175329
0.187337
0.197287
0.161740
0.181619
0.146924
0.185279
0.199074
0.237705
0.199441
0.164106
0.210681
0.204853
0.182082
0.176772
0.191029
0.191908
0.175485
0.185863
0.170402
0.165125
0.174428
0.176600
0.177752
0.174755
0.195022
0.179185
0.208679
0.178417
0.193541
0.145811
0.199090
0.199899
0.170712
0.173735
0.177742
0.209243
0.184475
0.159770
0.187003
0.184858
0.191427
0.179298
0.153027
0.187448
0.186779
0.197355
0.186941
0.186661
0.239438
0.178394
0.182706
0.187173
0.187498
0.174250
0.167514
0.137750
0.183131
0.195563
0.196981
0.172807
0.168220
0.173162
0.162048
0.183105
0.183185
0.199938
0.188668
0.170138
0.173565
0.145249
0.191618
0.190504
0.188621
0.181788
0.172402
0.160154
0.186326
0.194865
0.164973
0.172995
0.147919
0.177898
0.180758
0.172232
0.149369
0.171777
0.170203
0.176857
0.177057
0.210992
0.206559
0.163703
0.181551
0.176851
0.173607
0.174297
0.170732
0.180305
0.181171
0.182225
0.147757
0.199933
0.167719
0.174208
0.168491
0.162731
0.220125
0.164894
0.168010
0.177725
0.196832
0.176585
0.203841
0.185786
0.187265
0.204688
0.156102
0.189811
0.173769
0.148355
0.185887
0.166417
0.174818
0.163081
0.162330
0.199675
0.209887
0.209588
0.178291
0.191676
0.181951
0.168141
0.170092
0.167917
0.185647
0.178050
0.167892
0.180623
0.201852
0.195463
0.180845
0.199140
0.182011
0.188129
0.143760
0.168155
0.194291
0.207941
0.178922
0.185969
0.227120
0.162141
0.157454
0.197637
0.200255
0.194865
0.181137
0.165303
0.152470
0.168228
0.163061
0.170167
0.166241
0.192616
0.188755
0.166702
0.201729
0.171124
0.157547
0.161752
0.157254
0.149641
0.204683
0.188030
0.119442
0.201486
0.158995
0.216959
0.185547
0.198616
0.197656
0.176806
0.173522
0.208527
0.187104
0.160911
0.155609
0.202391
0.181582
0.192072
0.171298
0.183400
0.171377
0.161322
0.147131
0.153170
0.150661
0.162866
0.158785
0.147262
0.150203
0.163828
0.171022
0.160694
0.173406
0.145082
0.155236
0.161142
0.152739
0.149522
0.199462
0.169806
0.171483
0.171901
0.148335
0.159589
0.169556
0.170013
0.151794
0.169935
0.167331
0.179218
0.178353
0.167204
0.167314
0.194528
0.174234
0.191533
0.195370
0.228394
0.201442
0.180022
0.168371
0.185680
0.175345
0.158781
0.170616
0.176222
0.184276
0.167625
0.201606
0.168374
0.164216
0.191681
0.165770
0.187542
0.177510
0.164958
0.162725
0.157950
0.145593
0.169512
0.180133
0.167367
0.169170
0.171945
0.165789
0.136141
0.161622
0.131914
0.125705
0.149142
0.179028
0.137863
0.141610
0.156846
0.166150
0.141701
0.155895
0.135825
0.154139
0.147158
0.154008
0.147011
0.133377
0.126159
0.154290
0.150373
0.182750
0.157646
0.176981
0.186967
0.144332
0.154034
0.142811
0.120217
0.155431
0.144031
0.188412
0.180814
0.239509
0.166221
0.160527
0.168304
0.161914
0.175211
0.201247
0.158794
0.171405
0.171563
0.158845
0.180450
0.160755
0.167424
0.170512
0.166092
0.151355
0.145584
0.148993
0.138735
0.179163
0.158058
0.147698
0.167953
0.155070
0.154013
0.129061
0.167700
0.161846
0.143905
0.171287
0.152284
0.177124
0.166456
0.162808
0.193533
0.169949
0.153679
0.178563
0.148017
0.164220
0.182719
0.156815
0.149686
0.151443
0.139835
0.148314
0.178144
0.221028
0.125458
0.154850
0.146826
0.168933
0.149572
0.152632
0.160866
0.141460
0.141381
0.128408
0.145302
0.149750
0.138714
0.181530
0.148144
0.145231
0.180111
0.187538
0.153121
0.159959
0.153294
0.157185
0.153502
0.157502
0.147549
0.151272
0.169410
0.142366
0.160352
0.137555
0.140611
0.151449
0.135784
0.172181
0.164608
0.156358
0.170138
0.172821
0.153099
0.139543
0.134403
0.137257
0.164301
0.147904
0.170319
0.139507
0.130990
0.151670
0.191889
0.167912
0.182009
0.149457
0.121916
0.123613
0.156003
0.148938
0.153216
0.133609
0.149823
0.155298
0.176286
0.138175
0.132578
0.134424
0.168212
0.137784
0.145106
0.157778
0.153758
0.125787
0.171137
0.150773
0.154998
0.141022
0.107859
0.160412
0.147562
0.149253
0.138277
0.210252
0.159945
0.142580
0.136693
0.130123
0.156290
0.171938
0.172988
0.153337
0.153426
0.140618
0.137082
0.179738
0.137276
0.186246
0.145559
0.159380
0.136219
0.179065
0.140103
0.172673
0.141477
0.163795
0.170808
0.173802
0.131449
0.156939
0.155299
0.171070
0.164686
0.163204
0.180214
0.168661
0.160540
0.153765
0.176521
0.149516
0.165051
0.167876
0.153925
0.144833
0.167030
0.164089
0.128965
0.183991
0.148114
0.147856
0.148972
0.162901
0.129641
0.154570
0.127489
0.141713
0.133322
0.166465
0.130139
0.154393
0.150215
0.151738
0.151817
0.149608
0.145150
0.161759
0.149769
0.148067
0.212224
0.151040
0.185422
0.165701
0.134182
0.135180
0.165936
0.175918
0.137425
0.152272
0.174932
0.164073
0.179584
0.160995
0.139990
0.128335
0.151328
0.162292
0.151486
0.166473
0.141026
0.165761
0.145844
0.186409
0.155052
0.149969
0.171308
0.152914
0.114437
0.141680
0.127887
0.143586
0.143389
0.139952
0.145772
0.140746
0.185873
0.190728
0.149050
0.169561
0.169124
0.142222
0.187598
0.138284
0.145898
0.137640
0.134954
0.138442
0.131263
0.142206
0.155426
0.131451
0.145111
0.155650
0.141331
0.129923
0.162146
0.153690
0.164614
0.150855
0.136984
0.127801
0.158394
0.127683
0.161219
0.185696
0.169551
0.165962
0.150663
0.177695
0.164818
0.135064
0.121358
0.144785
0.161054
0.153301
0.140507
0.148705
0.181485
0.160932
0.124651
0.140515
0.158437
0.182980
0.173611
0.137252
0.159936
0.141620
0.186274
0.169223
0.168203
0.191460
0.159581
0.143595
0.154988
0.131009
0.168278
0.163140
0.141552
0.166517
0.131560
0.155787
0.180528
0.194459
0.160304
0.186178
0.182007
0.136347
0.124835
0.159837
0.143551
0.143456
0.141191
0.148800
0.132481
0.147336
0.159234
0.155205
0.141030
0.150219
0.167722
0.149321
0.143800
0.143708
0.169008
0.144145
0.150735
0.164187
0.181529
0.174614
0.158827
0.141484
0.149189
0.124291
0.143263
0.152594
0.135561
0.145282
0.170066
0.142346
0.166638
0.140402
0.153734
0.165669
0.158539
0.154880
0.144508
0.158194
0.152945
0.181411
0.167275
0.153312
0.156493
0.163182
0.148515
0.185775
0.177248
0.162873
0.134748
0.146777
0.159963
0.147693
0.161652
0.147127
0.163110
0.182982
0.169261
0.139881
0.164807
0.136308
0.154748
0.138869
0.153375
0.158011
0.172801
0.160810
0.145371
0.198104
0.167823
0.176169
0.158988
0.142537
0.153841
0.169144
0.138879
0.155170
0.188845
0.162959
0.138120
0.142905
0.131842
0.131377
0.152928
0.161915
0.148962
0.180822
0.162216
0.154919
0.162057
0.171957
0.142958
0.162344
0.138785
0.171196
0.159053
0.205135
0.150315
0.166506
0.175863
0.154233
0.158945
0.139298
0.147318
0.149961
0.161819
0.177824
0.169846
0.150297
0.185389
0.174669
0.165032
0.153825
0.145544
0.131998
0.149314
0.172423
0.171938
0.141640
0.171998
0.187210
0.157419
0.159196
0.138650
0.164680
0.166706
0.159250
0.140271
0.136735
0.148923
0.153442
0.144789
0.160626
0.143569
0.162839
0.167464
0.176945
0.180909
0.158014
0.152047
0.163675
0.190690
0.147594
0.130172
0.127950
0.180915
0.162889
0.161041
0.160421
0.127056
0.160756
0.141646
0.177204
0.139163
0.165358
0.142548
0.156517
0.173372
0.145205
0.141186
0.144078
0.187284
0.164148
0.145156
0.183383
0.176840
0.142975
0.120948
0.130910
0.127090
0.157010
0.125996
0.173220
0.192470
0.170550
0.197409
0.162641
0.157634
0.164700
0.162630
0.141545
0.159433
0.152888
0.163766
0.145831
0.137894
0.171637
0.151957
0.148238
0.137192
0.155315
0.160475
0.163512
0.140985
0.143112
0.169173
0.126925
0.146933
0.130832
0.169259
0.143139
0.122666
0.136133
0.170755
0.154230
0.144999
0.182683
0.207321
0.185819
0.152425
0.178570
0.164091
0.143364
0.140041
0.137791
0.156823
0.155977
0.142856
0.161014
0.175650
0.163530
0.151826
0.145549
0.142473
0.151579
0.157736
0.163618
0.162245
0.173290
0.118531
0.155112
0.149880
0.145864
0.158049
0.130738
0.135378
0.142588
0.155404
0.153597
0.136649
0.154785
0.146541
0.165683
0.152251
0.157294
0.140874
0.166779
0.179612
0.145976
0.173781
0.149088
0.149308
0.134531
0.170645
0.166639
0.138034
0.169018
0.148148
0.182398
0.146864
0.137938
0.178023
0.179847
0.152940
0.189455
0.159136
0.168993
0.195832
0.183059
0.150604
0.211355
0.145707
0.129649
0.163753
0.155778
0.172258
0.176482
0.151911
0.123907
0.162297
0.154520
0.124977
0.141859
0.169535
0.144663
0.160072
0.164523
0.129251
0.128140
0.134993
0.160178
0.149637
0.179792
0.140425
0.140662
0.143755
0.125659
0.126748
0.162199
0.155092
0.185332
0.157732
0.156718
0.157922
0.142295
0.192601
0.178589
0.203374
0.143973
0.171728
0.187933
0.143101
0.145999
0.162017
0.152246
0.157717
0.143665
0.190066
0.151411
0.157220
0.166598
0.143455
0.175062
0.127709
0.136829
0.138321
0.126867
0.143169
0.147290
0.160415
0.128270
0.147463
0.139160
0.146051
0.149026
0.142489
0.153520
0.165078
0.153671
0.146687
0.149089
0.132854
0.151901
0.150691
0.168336
0.144536
0.170040
0.157479
0.165249
0.137722
0.147073
0.154772
0.145055
0.153889
0.162236
0.208981
0.159326
0.179456
0.164108
0.146656
0.184233
0.142939
0.154433
0.138869
0.140817
0.137221
0.191566
0.138551
0.146960
0.144364
0.160699
0.142447
0.136467
0.167701
0.167400
0.175693
0.146573
0.157819
0.159282
0.146751
0.180435
0.130866
0.148072
0.189509
0.159896
0.157793
0.154624
0.168365
0.142034
0.161918
0.149634
0.151094
0.178234
0.182672
0.166085
0.178387
0.173977
0.202333
0.185079
0.145616
0.170606
0.140505
0.139627
0.154414
0.162985
0.155828
0.128605
0.131278
0.154737
0.154050
0.172058
0.171583
0.142088
0.140027
0.134320
0.145586
0.144795
0.165285
0.159310
0.148352
0.168774
0.151084
0.167811
0.153656
0.146760
0.143187
0.148139
0.145028
0.165108
0.147298
0.169449
0.165779
0.187690
0.171061
0.175808
0.170818
0.151987
0.166089
0.155171
0.172508
0.171607
0.135698
0.191012
0.161661
0.158909
0.184729
0.167750
0.161974
0.189699
0.189353
0.156450
0.166660
0.145226
0.167269
0.164681
0.163020
0.158957
0.155378
0.194239
0.144598
0.159789
0.171029
0.140958
0.181379
0.188876
0.155260
0.140049
0.185066
0.163959
0.175409
0.192895
0.164489
0.180031
0.143975
0.168643
0.135924
0.156558
0.143155
0.183819
0.153514
0.137203
0.152301
0.187309
0.153861
0.169933
0.171118
0.167939
0.214307
0.156622
0.178472
0.150630
0.158087
0.138685
0.142699
0.193337
0.170732
0.167626
0.155070
0.179481
0.143018
0.166657
0.151741
0.168934
0.176192
0.169951
0.151174
0.158803
0.154254
0.157209
0.190120
0.135272
0.148164
0.142838
0.154130
0.175652
0.159709
0.183934
0.179963
0.170298
0.187650
0.163723
0.174117
0.135555
0.168386
0.162380
0.141970
0.171210
0.147949
0.149098
0.147743
0.181187
0.157843
0.146081
0.141271
0.166653
0.163554
0.156896
0.143931
0.171599
0.175371
0.147034
0.171405
0.169041
0.155290
0.164722
0.162337
0.156977
0.168944
0.162817
0.172593
0.154827
0.142423
0.123735
0.171808
0.173540
0.167486
0.153998
0.157221
0.150220
0.139396
0.171539
0.156610
0.165621
0.148010
0.179449
0.143374
0.154115
0.133634
0.148330
0.145753
0.153473
0.138392
0.157159
0.149744
0.178248
0.150691
0.146623
0.170455
0.172682
0.160053
0.151818
0.156360
0.173602
0.163282
0.159682
0.155291
0.142086
0.138782
0.143022
0.152349
0.150284
0.146888
0.159968
0.168501
0.139575
0.149292
0.183477
0.148833
0.172960
0.153301
0.136178
0.157890
0.154973
0.155470
0.187319
0.211060
0.170585
0.160787
0.174838
0.157017
0.136776
0.161256
0.157064
0.165283
0.166427
0.164876
0.154452
0.165735
0.142259
0.152718
0.151284
0.142827
0.173549
0.149032
0.148599
0.180051
0.157435
0.137035
0.149645
0.165410
0.152344
0.177983
0.175179
0.150906
0.152279
0.152972
0.201325
0.163865
0.140436
0.167795
0.139328
0.158994
0.171668
0.164593
0.137361
0.159486
0.166066
0.147265
0.169108
0.161928
0.146703
0.163211
0.151269
0.177536
0.166127
0.169404
0.147913
0.181701
0.171896
0.148338
0.161367
0.154474
0.145231
0.162588
0.154069
0.146324
0.137257
0.154588
0.153407
0.159757
0.167634
0.182483
0.155099
0.177175
0.143255
0.148130
0.169007
0.165502
0.161671
0.162708
0.148501
0.158486
0.184422
0.143050
0.150920
0.151198
0.159936
0.131132
0.165920
0.154347
0.159015
0.164917
0.163710
0.150542
0.142652
0.155263
0.208459
0.149589
0.139508
0.175482
0.144385
0.175715
0.185102
0.159003
0.149331
0.163495
0.148188
0.143880
0.153311
0.164277
0.174904
0.156716
0.135812
0.187674
0.158981
0.128771
0.175876
0.176536
0.134329
0.171443
0.161484
0.171710
0.169591
0.200660
0.144339
0.148252
0.162314
0.151674
0.155101
0.161041
0.170994
0.123335
0.133029
0.159240
0.159832
0.140355
0.169275
0.138027
0.139086
0.172914
0.169178
0.176546
0.167400
0.141255
0.167662
0.184163
0.162612
0.180042
0.145860
0.179554
0.171839
0.158004
0.154057
0.168512
0.155285
0.174457
0.137745
0.162383
0.159477
0.158655
0.145950
0.138001
0.137210
0.157564
0.144550
0.157381
0.158833
0.171760
0.133871
0.160483
0.171714
0.177171
0.170191
0.183230
0.174255
0.157320
0.167341
0.160910
0.166682
0.131267
0.164565
0.165356
0.160292
0.165828
0.147121
0.171188
0.164169
0.151260
0.153773
0.169955
0.146227
0.141653
0.141931
0.155661
0.161618
0.155329
0.159400
0.140053
0.154851
0.174044
0.170042
0.166690
0.195389
0.163065
0.155934
0.170159
0.159029
0.152093
0.207973
0.150753
0.179518
0.168979
0.174232
0.153009
0.154066
0.144432
0.160233
0.173213
0.169949
0.175365
0.158478
0.151583
0.169960
0.170445
0.167842
0.207481
0.144416
0.205721
0.225223
0.202153
0.169817
0.146610
0.152260
0.136927
0.161102
0.141648
0.151757
0.163084
0.144435
0.149081
0.146348
0.177313
0.132599
0.146305
0.160269
0.167174
0.156695
0.160304
0.136065
0.164323
0.175434
0.157985
0.188753
0.144148
0.142526
0.147419
0.148061
0.183005
0.192038
0.177086
0.136544
0.160791
0.158831
0.152149
0.180244
0.199232
0.186193
0.140038
0.158452
0.159000
0.150114
0.165155
0.145515
0.158157
0.166655
0.191564
0.172230
0.149071
0.180127
0.135193
0.137157
0.129794
0.140924
0.148131
0.166717
0.150971
0.167684
0.156511
0.168418
0.153867
0.143903
0.168114
0.161036
0.140383
0.146122
0.125038
0.138071
0.123918
0.140496
0.139201
0.181724
0.149482
0.147211
0.158041
0.139985
0.163472
0.170286
0.165821
0.160710
0.143827
0.136911
0.160168
0.154427
0.123332
0.143727
0.137663
0.142818
0.140430
0.155083
0.139370
0.146321
0.146755
0.147937
0.143690
0.157481
0.146253
0.170031
0.137383
0.153732
0.162802
0.164711
0.156407
0.169337
0.159666
0.161859
0.149343
0.173842
0.197070
0.187875
0.155519
0.163863
0.163052
0.167634
0.193726
0.151413
0.162534
0.141902
0.148605
0.161072
0.161665
0.128967
0.170859
0.143727
0.152480
0.145945
0.152108
0.175272
0.174916
0.148980
0.148010
0.155787
0.158669
0.144313
0.137614
0.191368
0.152988
0.143877
0.130240
0.163101
0.166055
0.154160
0.146627
0.153256
0.146018
0.154443
0.137985
0.156480
0.134935
0.150061
0.137514
0.156337
0.168097
0.166520
0.153327
0.149498
0.133388
0.171887
0.164299
0.139144
0.165847
0.131387
0.161047
0.142184
0.170059
0.152162
0.151048
0.155275
0.154719
0.162779
0.185545
0.178863
0.156147
0.139301
0.157168
0.164529
0.160568
0.150459
0.157772
0.129623
0.142786
0.155811
0.128759
0.155741
0.163985
0.163251
0.157100
0.143127
0.168167
0.171715
0.172608
0.129182
0.143823
0.143058
0.163763
0.167042
0.157745
0.154641
0.173238
0.148810
0.152176
0.135258
0.159508
0.145508
0.156186
0.174006
0.189624
0.172549
0.166998
0.153064
0.144574
0.184451
0.163002
0.139275
0.149823
0.173147
0.168292
0.144130
0.182514
0.155703
0.166732
0.155952
0.153258
0.154295
0.184007
0.153060
0.156043
0.166338
0.169519
0.178137
0.148957
0.155569
0.153674
0.194454
0.196110
0.169835
0.198858
0.147987
0.195295
0.149397
0.165637
0.160556
0.153240
0.178149
0.195123
0.177441
0.156159
0.158715
0.139846
0.156463
0.151200
0.182273
0.176178
0.164435
0.157910
0.153279
0.156924
0.168310
0.133473
0.160738
0.172159
0.158104
0.147921
0.136537
0.149299
0.145397
0.141905
0.154360
0.177662
0.138321
0.176876
0.174939
0.175232
0.152497
0.158062
0.143628
0.154565
0.153390
0.175075
0.171524
0.152864
0.127815
0.129364
0.138143
0.174032
0.143398
0.169441
0.126929
0.164417
0.184228
0.157726
0.151738
0.172156
0.155457
0.148189
0.158166
0.133659
0.151243
0.164105
0.136855
0.125510
0.147146
0.126847
0.169761
0.163518
0.169856
0.171473
0.171468
0.144640
0.168504
0.173700
0.164696
0.158700
0.144730
0.152180
0.165202
0.151889
0.177024
0.180132
0.156669
0.170444
0.149233
0.157767
0.165406
0.153541
0.145514
0.156837
0.128165
0.130758
0.161895
0.155775
0.159771
0.166861
0.150323
0.140341
0.128074
0.162869
0.166389
0.176290
0.183115
0.138815
0.150005
0.150014
0.154379
0.151559
0.166296
0.155069
0.176194
0.155559
0.163272
0.216023
0.157358
0.167558
0.162757
0.182200
0.141342
0.167023
0.161114
0.130151
0.152462
0.144037
0.209931
0.190403
0.188263
0.162723
0.174098
0.188186
0.155129
0.177573
0.153167
0.143225
0.156695
0.153553
0.145303
0.167252
0.164020
0.186438
0.161626
0.162202
0.147529
0.146560
0.167112
0.191837
0.189007
0.157003
0.175050
0.163785
0.159787
0.126679
0.178191
0.145123
0.156928
0.136713
0.139956
0.139755
0.140873
0.152152
0.144156
0.152548
0.135280
0.153743
0.161264
0.169591
0.150571
0.174256
0.181778
0.170550
0.143652
0.190305
0.162505
0.145484
0.163436
0.170344
0.145132
0.193266
0.196541
0.170560
0.147314
0.187753
0.165969
0.153709
0.142860
0.132385
0.164479
0.184423
0.171078
0.157544
0.155773
0.118690
0.153902
0.148582
0.141640
0.152578
0.155263
0.186505
0.164110
0.142333
0.157867
0.176835
0.167552
0.168939
0.175564
0.182127
0.164334
0.144806
0.150615
0.176213
0.153398
0.158948
0.163011
0.151979
0.173115
0.160689
0.159257
0.155908
0.142260
0.182828
0.150826
0.132599
0.162844
0.182065
0.152710
0.160616
0.135338
0.159978
0.192208
0.165033
0.168068
0.180778
0.190389
0.148260
0.160734
0.160598
0.159598
0.169656
0.168876
0.206152
0.161632
0.142518
0.170846
0.143362
0.121551
0.162619
0.158741
0.156893
0.156219
0.119773
0.154703
0.158403
0.188742
0.145022
0.176376
0.185219
0.164495
0.166070
0.158285
0.143631
0.143227
0.162943
0.147955
0.163268
0.162529
0.183937
0.182288
0.158724
0.159300
0.175918
0.146456
0.183026
0.144626
0.140077
0.163213
0.156552
0.151707
0.193654
0.177628
0.166870
0.182766
0.184540
0.157400
0.142384
0.150783
0.150158
