0.00
414.38
484.59
471.90
438.66
449.58
437.66
463.97
417.92
421.84
382.11
373.11
487.18
368.68
455.04
429.02
451.81
482.83
373.69
451.22
407.14
444.58
355.24
437.50
388.62
348.01
463.34
399.51
341.24
398.00
427.24
378.28
427.27
430.32
377.45
343.82
449.29
420.02
366.16
374.22
326.34
383.37
369.84
272.30
335.01
285.11
303.09
260.97
334.12
367.75
267.42
316.64
291.70
373.74
342.90
294.36
331.32
353.98
349.93
292.74
313.62
284.77
349.72
317.09
390.53
378.76
390.68
352.29
365.21
348.89
371.33
353.41
405.41
393.46
421.26
376.80
404.56
424.13
434.38
393.88
445.91
394.75
403.69
393.56
391.58
450.21
415.62
445.50
388.52
442.68
419.81
418.63
438.14
421.33
417.34
392.75
443.69
414.22
401.01
394.79
400.66
441.54
405.51
376.36
345.87
396.97
379.82
377.35
403.17
310.50
452.75
346.77
356.84
307.45
263.63
363.24
282.42
316.27
293.45
234.84
314.19
236.19
286.73
327.28
342.35
305.54
254.04
274.21
292.86
269.88
298.10
308.24
258.25
360.41
296.66
210.23
350.29
369.47
366.36
400.12
354.94
405.70
412.12
384.60
387.68
390.51
404.40
374.75
407.80
313.72
340.29
350.14
323.63
349.94
305.68
319.25
335.68
318.16
333.56
359.84
311.64
272.16
314.08
227.33
173.68
250.70
233.64
287.10
289.23
325.19
226.82
212.65
303.20
303.44
332.33
280.08
238.49
303.16
287.29
291.58
329.89
371.36
301.62
299.03
337.22
345.68
308.19
344.51
328.85
340.09
345.39
340.65
347.70
312.52
342.18
336.57
343.14
342.37
322.45
392.37
353.41
334.15
378.00
302.95
326.43
322.67
355.43
332.02
314.00
298.52
313.73
271.79
338.70
286.92
337.91
315.87
332.06
342.66
313.74
282.24
281.40
250.58
265.92
266.85
259.64
261.57
286.53
212.39
236.04
227.81
237.51
247.32
231.92
184.96
263.92
243.42
212.90
249.74
182.96
187.76
201.99
263.90
201.95
222.59
198.27
173.47
218.50
174.37
217.46
230.39
187.67
191.94
214.36
206.07
198.91
196.12
227.97
174.42
199.30
171.85
155.45
167.79
171.35
189.64
140.13
193.32
179.38
206.16
221.93
219.00
213.63
208.05
206.01
250.63
213.51
241.43
255.25
231.23
228.60
236.24
225.31
227.67
229.78
176.56
265.94
279.03
289.86
261.57
242.19
318.82
270.40
281.80
302.87
291.27
295.71
272.31
325.15
322.36
349.66
310.47
384.73
376.33
270.63
345.95
315.30
331.46
358.50
296.99
341.02
374.34
316.26
364.31
365.27
338.23
365.63
359.51
361.88
369.77
317.56
288.97
308.30
318.57
312.19
309.72
278.82
310.80
296.50
253.12
265.29
273.61
315.45
318.98
337.51
360.45
362.81
369.10
325.60
327.33
363.40
355.05
354.83
368.68
350.86
357.23
338.84
360.60
336.90
388.67
370.96
369.72
370.33
342.32
359.79
357.30
369.92
387.01
379.04
368.37
375.92
373.89
345.09
344.63
297.88
320.50
307.62
329.59
321.93
314.23
352.21
331.99
354.24
298.32
355.43
389.31
360.84
369.49
388.36
366.78
370.76
344.10
374.73
328.86
383.14
311.23
424.90
351.72
352.18
409.77
391.55
402.87
394.70
352.03
391.85
348.88
404.80
346.80
416.63
383.08
401.93
365.48
403.11
387.56
388.91
342.78
307.54
313.92
339.40
411.00
424.44
368.25
400.96
422.74
386.36
399.40
451.27
425.30
420.40
379.78
390.69
422.97
396.65
415.10
417.66
440.77
451.77
446.96
401.70
461.69
420.35
455.64
410.82
433.93
379.15
434.01
413.86
407.38
443.09
413.85
378.16
433.67
329.75
412.87
395.30
425.30
408.44
400.45
379.56
387.88
400.55
411.61
337.10
394.61
431.76
420.38
363.94
428.92
450.14
449.13
456.77
424.98
378.43
436.93
448.83
465.81
469.43
478.46
438.95
446.03
415.18
396.29
484.64
473.63
452.57
400.01
434.65
428.42
447.33
464.64
475.57
474.74
461.51
468.68
434.86
454.37
456.20
434.75
408.35
363.88
456.57
378.37
404.78
417.49
440.09
433.49
436.12
379.22
373.53
444.57
395.09
377.25
357.35
418.35
416.04
406.86
402.69
442.36
444.41
423.46
399.51
428.04
363.99
408.43
423.83
422.56
296.75
456.79
438.81
313.81
424.89
378.59
393.74
404.19
438.20
448.31
366.55
431.27
427.06
356.17
435.24
447.03
434.43
440.33
400.11
425.42
440.00
421.66
443.00
435.90
469.85
445.57
475.92
286.54
491.01
468.63
452.93
467.48
481.05
446.09
473.99
371.04
487.07
485.60
442.90
481.30
502.62
434.59
509.98
473.98
480.44
496.30
466.22
451.20
460.18
492.97
464.33
480.48
494.01
479.19
456.32
470.86
460.37
477.38
448.76
429.28
422.79
458.46
409.14
347.26
470.27
374.60
459.16
384.63
425.66
453.52
402.01
428.81
394.08
392.15
363.23
372.41
338.37
356.20
381.82
293.81
366.79
311.17
303.00
264.79
298.38
297.15
258.74
267.97
249.07
294.17
272.28
264.56
264.40
224.00
252.48
271.09
265.97
259.80
227.34
199.76
216.72
273.21
286.62
218.90
252.97
259.75
255.89
280.97
265.24
258.30
273.84
272.19
339.36
275.39
270.37
239.52
280.37
244.07
254.89
233.00
278.44
224.67
243.87
241.31
255.71
261.45
328.39
326.40
348.50
349.48
326.74
296.31
361.63
349.12
344.23
293.45
356.42
343.58
318.80
349.15
383.47
325.38
333.05
342.09
366.94
325.18
325.98
325.87
317.27
308.52
320.15
318.56
332.79
329.73
348.59
311.00
367.94
338.27
279.66
291.99
295.09
275.39
288.05
239.57
218.04
267.22
262.57
264.09
270.19
263.62
238.84
195.71
203.19
198.16
236.19
192.53
201.00
156.69
222.20
210.18
240.18
191.81
267.74
214.46
217.08
216.65
168.62
217.83
134.03
202.96
103.38
136.60
235.51
223.02
263.50
255.92
223.70
178.78
239.37
210.38
177.36
194.33
139.18
257.44
262.53
134.50
183.36
147.24
156.07
139.27
139.66
219.78
194.26
150.09
156.82
164.86
139.20
134.65
113.42
228.71
120.45
127.51
136.96
110.91
145.74
132.05
101.84
104.41
92.21
91.14
84.40
84.75
100.22
88.86
103.26
104.37
68.80
97.01
81.89
70.45
110.59
158.87
146.74
104.81
97.06
123.41
117.63
93.70
109.53
107.65
185.34
199.52
186.76
185.86
172.52
142.73
188.05
221.29
202.17
236.06
193.66
258.79
225.34
268.46
201.48
250.46
284.25
257.65
267.22
276.31
260.77
225.87
268.09
233.36
152.12
198.56
164.24
156.14
150.95
165.77
157.53
185.87
197.98
161.96
136.29
138.36
190.50
171.60
131.04
176.86
162.95
184.77
176.83
248.07
184.26
163.39
158.67
226.46
160.22
185.93
167.59
160.55
214.27
174.86
239.65
223.94
250.80
257.12
239.13
251.08
245.42
228.89
235.47
175.46
185.50
179.31
209.31
201.03
216.30
212.39
164.38
243.31
187.10
179.53
187.18
195.71
207.80
208.30
214.11
172.89
182.02
251.70
209.79
222.83
193.87
211.49
218.20
248.35
302.84
320.62
264.20
189.60
275.64
212.05
237.54
215.70
230.02
202.79
241.34
247.58
223.80
274.58
243.24
268.40
217.98
309.31
297.95
309.68
252.08
269.57
225.73
183.08
264.57
212.00
244.90
214.34
208.68
237.71
300.03
220.05
297.23
277.69
258.29
257.76
304.76
206.76
284.21
201.39
204.37
205.30
312.09
281.25
275.17
214.22
221.90
319.27
198.94
196.95
286.45
217.98
353.06
336.18
339.02
345.96
352.10
306.52
330.97
308.26
251.60
302.99
207.72
244.89
260.19
202.33
302.37
189.55
258.35
265.19
231.81
236.56
266.40
331.24
233.24
197.36
268.12
325.59
241.48
180.57
252.35
295.22
189.03
251.57
210.80
250.04
209.68
263.98
211.95
230.39
260.81
221.20
273.03
200.18
260.84
239.23
168.56
207.30
273.80
270.56
150.25
217.66
217.95
179.07
195.29
137.05
166.62
259.76
146.69
106.37
118.32
94.59
137.65
211.33
189.59
189.67
160.41
202.55
84.56
104.31
81.64
136.97
133.45
84.93
98.59
112.53
179.02
173.47
109.21
87.33
122.44
152.02
159.64
117.32
198.38
72.77
122.27
81.97
72.92
88.12
162.72
135.78
174.64
135.32
129.81
200.23
196.02
187.25
152.18
178.63
206.39
189.98
180.70
179.06
285.10
157.69
228.08
136.89
159.25
194.98
253.88
218.32
199.24
258.29
184.09
195.65
199.41
260.53
169.65
166.21
183.67
175.97
201.64
216.19
172.25
187.69
173.40
222.70
216.20
157.06
161.96
218.60
235.13
224.87
154.67
210.42
201.97
231.85
204.06
219.17
213.36
181.72
164.84
209.60
227.24
229.52
162.75
263.74
218.53
177.99
190.35
249.88
242.38
288.85
179.87
195.37
207.09
199.59
155.50
242.71
214.00
209.07
182.96
202.72
167.32
198.05
188.17
170.09
192.65
210.86
256.59
248.00
179.05
244.27
174.23
206.48
258.98
211.41
204.26
275.72
162.15
216.27
204.30
311.07
224.98
295.52
248.92
278.27
297.13
293.23
338.12
384.28
373.10
375.94
314.45
353.81
325.38
293.51
236.39
301.18
271.51
308.15
370.55
275.40
245.87
206.54
286.62
239.69
252.63
189.95
299.16
231.16
227.77
264.90
221.13
227.11
263.99
225.39
263.19
217.72
293.27
226.59
244.95
238.63
251.87
231.36
238.59
378.00
261.30
242.91
259.83
229.73
229.51
193.27
327.09
301.41
257.24
223.43
336.01
337.17
312.08
314.20
213.45
199.44
313.66
225.56
278.28
378.77
232.65
184.93
272.00
328.66
279.33
288.85
319.77
267.12
347.76
296.89
319.89
239.56
211.62
311.38
336.71
258.60
300.97
232.24
258.21
251.39
293.77
282.33
276.49
290.70
298.41
216.52
232.99
231.78
335.89
240.27
298.43
285.30
276.21
230.19
317.52
254.34
293.68
320.81
246.70
270.62
300.10
280.52
258.78
261.78
240.88
285.69
323.24
230.11
287.13
252.97
272.48
338.57
258.84
312.70
187.16
275.00
276.30
255.56
274.59
262.72
290.65
301.72
299.55
215.86
268.81
249.98
248.11
213.36
182.71
214.17
221.74
202.28
165.48
257.40
208.23
218.40
224.12
235.98
267.37
249.74
255.09
223.64
251.09
195.65
210.41
214.24
188.72
237.63
278.04
230.71
239.94
182.12
162.14
190.22
266.67
240.07
222.80
239.62
271.84
289.45
270.20
229.16
288.41
293.90
331.24
237.26
282.53
256.40
225.42
210.11
283.28
280.86
341.72
341.24
215.95
293.98
278.69
267.65
293.16
266.89
217.67
332.63
246.12
332.59
325.12
279.20
222.01
351.19
317.96
359.67
350.95
347.61
223.30
385.98
275.57
350.20
387.63
165.29
299.70
358.83
206.13
355.68
210.41
281.91
264.19
295.34
348.22
284.29
369.60
335.31
243.81
414.02
323.84
415.24
307.20
384.13
264.37
303.04
346.06
283.59
382.58
313.09
216.45
345.85
217.62
342.55
356.05
287.01
340.29
305.57
322.73
373.84
294.61
244.79
290.14
283.04
297.98
264.92
271.36
196.59
278.05
196.27
292.49
277.53
280.09
231.18
304.14
282.44
307.21
274.81
289.30
279.35
251.32
296.15
244.90
249.26
298.22
264.28
250.59
274.69
216.40
258.39
296.37
225.98
276.92
187.99
258.28
261.70
256.72
280.44
302.78
246.23
307.71
270.29
310.42
307.79
290.36
282.43
274.27
294.09
197.84
281.93
243.47
192.52
267.97
262.96
226.47
234.19
287.46
238.17
251.09
282.92
249.97
277.53
204.19
322.67
281.89
231.50
274.40
299.79
306.41
310.92
265.47
369.58
302.97
258.26
314.30
264.86
301.88
280.86
278.09
293.91
234.09
292.40
327.19
165.05
333.36
286.68
323.51
307.35
317.26
323.07
299.40
284.54
318.16
203.91
353.80
293.19
318.25
304.99
296.87
271.32
291.48
311.89
316.78
319.94
276.95
316.53
330.65
281.97
262.22
259.75
185.10
273.27
285.34
272.48
230.48
246.22
291.00
222.34
270.94
234.62
201.05
210.80
222.61
245.26
259.32
268.87
268.41
242.35
199.75
246.76
250.98
221.50
294.43
257.70
248.44
249.93
236.88
212.98
278.30
195.82
240.23
268.38
239.46
212.03
210.18
264.81
239.47
254.37
181.00
242.88
284.39
250.48
198.10
287.71
258.43
285.44
194.88
195.33
235.15
183.06
253.08
229.16
270.36
253.92
194.36
240.83
197.59
269.11
207.26
279.94
225.71
211.04
215.13
207.30
193.92
277.45
208.06
222.65
228.57
259.10
158.53
228.91
251.25
204.93
158.59
220.73
173.44
205.59
203.90
169.77
196.68
202.36
174.42
232.27
219.12
202.97
149.99
241.91
201.02
241.37
238.10
194.08
134.56
176.11
155.58
175.35
174.77
168.94
227.65
167.53
184.89
184.52
141.89
182.14
263.19
124.81
162.95
161.53
214.35
129.75
149.39
192.72
148.81
127.68
92.97
135.54
138.08
150.39
101.56
148.51
133.83
140.46
147.37
89.97
228.10
135.83
227.23
122.36
133.29
191.78
124.32
141.50
152.57
183.60
102.57
144.93
103.71
123.43
129.41
120.31
119.11
142.03
145.57
116.85
168.71
92.23
90.07
89.40
209.47
136.63
113.02
162.13
122.14
110.12
81.70
162.18
132.46
101.91
101.81
71.89
88.51
116.92
126.08
97.22
110.56
163.33
223.23
138.78
178.89
150.23
145.63
104.65
146.06
216.62
108.57
123.13
134.39
167.49
121.70
115.27
116.05
106.49
153.18
72.75
109.65
132.67
113.39
143.23
83.88
125.62
94.28
92.34
66.75
92.44
82.47
118.40
201.06
169.48
91.05
49.14
37.91
47.37
62.54
70.54
83.34
57.43
72.64
125.41
83.50
113.73
196.12
160.44
170.80
228.61
185.15
203.77
240.19
173.84
151.28
89.15
94.44
47.88
30.64
54.91
62.75
78.67
85.33
98.11
97.64
109.19
88.25
97.97
76.81
106.27
127.16
106.29
92.09
119.96
183.60
133.33
100.13
92.03
92.78
122.83
153.93
96.30
90.33
80.77
62.26
84.33
190.39
158.02
196.87
163.84
110.47
137.20
123.48
177.60
184.78
187.68
128.73
156.99
147.41
197.30
145.28
188.92
174.55
204.81
195.42
201.13
148.10
182.42
160.68
147.47
219.27
186.58
181.20
173.11
169.22
174.27
202.28
208.01
183.10
163.26
184.20
218.26
199.03
210.44
200.11
194.81
190.06
184.67
231.56
178.80
214.96
190.25
224.73
227.02
210.79
209.67
193.03
190.37
198.58
237.44
193.56
239.25
242.86
241.68
208.88
219.79
220.97
213.23
192.62
224.64
198.36
192.95
201.08
155.17
176.97
152.24
136.28
173.31
178.18
146.94
160.00
119.63
111.49
167.49
154.97
132.65
137.12
149.51
166.42
191.91
170.56
146.99
183.95
107.64
188.60
217.39
146.11
145.37
99.54
91.61
70.76
98.82
87.29
71.64
246.06
169.29
166.81
162.85
249.52
275.64
258.57
275.98
241.03
232.52
227.84
253.05
225.21
254.50
241.53
233.17
209.72
215.80
221.39
238.85
249.98
215.82
238.02
233.72
229.16
272.72
238.85
264.42
188.29
240.50
212.53
250.63
218.85
214.45
216.35
220.42
224.64
216.50
188.16
183.59
210.07
189.86
183.58
198.35
229.66
189.37
220.09
210.86
245.96
222.87
189.91
203.78
194.10
189.83
182.31
220.93
170.60
186.87
192.77
191.07
148.45
203.58
152.42
190.65
167.53
182.27
207.58
178.88
190.12
168.07
174.21
180.07
191.77
185.68
216.95
191.85
221.53
196.28
210.45
188.91
192.39
170.27
156.00
196.66
213.12
173.86
183.06
181.33
180.32
165.40
171.34
162.77
161.21
177.80
169.28
166.37
175.68
183.52
164.70
162.20
176.90
158.41
175.87
159.59
144.96
202.27
190.60
184.14
182.85
161.57
160.56
195.86
179.08
153.47
157.71
200.58
192.08
192.12
176.35
166.26
172.18
174.04
177.34
150.48
178.08
141.01
114.29
150.82
128.14
84.31
115.69
146.02
146.95
140.18
125.98
137.92
171.27
109.84
109.18
