0.00
516.94
521.41
516.11
526.14
488.59
497.64
532.00
532.03
501.41
514.15
529.88
518.05
531.73
508.52
542.90
528.57
513.66
524.59
493.83
521.69
504.51
521.13
511.40
502.64
525.44
515.07
515.01
522.53
514.96
528.59
529.58
504.84
534.94
488.24
510.34
494.84
515.72
472.53
517.27
505.24
508.81
506.33
482.49
510.19
516.16
486.57
498.16
487.46
483.12
508.30
469.96
478.42
504.25
467.85
507.00
480.97
505.23
427.40
518.42
465.27
502.02
495.15
482.77
479.95
498.44
417.39
498.56
468.92
492.32
468.78
470.71
469.92
486.36
470.39
437.92
462.50
486.45
487.80
401.33
509.62
404.70
468.55
475.43
464.53
457.21
486.06
413.06
484.35
484.96
464.85
482.44
483.45
468.77
425.76
468.25
479.02
437.70
500.17
414.76
478.95
503.10
461.02
500.04
445.56
489.53
418.80
501.68
445.72
469.32
498.92
425.83
510.45
445.68
519.67
504.74
510.28
503.55
456.64
510.56
494.86
488.37
498.93
507.12
436.44
512.57
470.42
504.60
506.73
489.18
518.43
491.68
498.47
466.95
520.32
469.42
510.56
515.40
489.06
523.14
501.82
500.24
519.59
524.71
477.11
524.32
507.04
530.95
516.78
488.78
523.57
513.21
484.25
504.43
449.06
528.48
511.69
506.88
504.89
391.87
519.03
528.44
511.34
517.28
509.47
510.44
514.43
514.37
462.39
513.90
510.91
509.81
517.73
500.16
516.25
501.39
476.28
536.02
520.61
516.96
493.59
515.10
521.99
465.57
527.10
502.43
481.52
506.55
478.01
425.64
485.27
488.92
476.27
494.36
480.19
480.54
459.23
452.24
499.45
458.67
494.08
491.49
477.30
473.43
478.98
484.97
470.98
500.76
459.74
500.12
491.51
504.85
519.64
506.87
517.32
520.99
508.93
420.73
453.79
512.97
509.98
411.70
485.48
429.65
506.80
398.55
509.81
513.92
395.65
511.89
517.32
455.23
482.47
486.67
521.82
491.33
460.53
487.98
484.43
430.40
518.70
326.04
495.07
469.93
455.94
484.63
503.57
489.61
466.57
491.55
478.23
468.26
500.81
447.43
496.55
504.53
492.87
494.57
457.27
484.06
486.68
431.71
509.21
486.30
491.40
468.16
484.89
450.19
487.84
474.94
494.48
442.56
466.52
496.47
462.02
499.94
395.12
498.88
471.24
424.38
498.57
409.37
511.41
396.22
429.50
495.36
465.74
441.10
489.64
429.81
469.16
486.77
463.75
457.08
445.13
449.77
484.36
450.06
487.96
402.68
482.98
463.53
426.28
477.15
468.77
492.03
476.24
466.60
470.12
466.02
440.38
398.92
464.18
456.12
462.84
451.26
422.51
483.82
478.52
479.15
412.85
488.57
434.10
446.36
482.63
452.43
446.40
449.94
415.43
486.35
453.53
470.71
435.50
510.15
499.25
495.06
474.01
478.63
471.43
516.95
465.19
483.96
466.31
453.43
478.04
482.02
489.33
472.13
483.56
437.71
500.09
414.53
497.99
479.98
476.82
507.43
492.41
440.14
486.31
437.61
464.88
486.10
486.88
497.73
494.16
464.16
511.92
389.95
509.54
458.42
452.56
502.85
476.25
485.62
502.02
447.25
462.07
479.40
468.47
457.98
459.86
492.70
495.15
462.68
432.86
480.81
465.73
476.36
441.58
459.15
459.37
472.43
478.76
485.40
462.69
473.18
493.60
418.17
461.57
384.16
317.72
297.91
419.99
405.43
459.35
415.55
395.90
412.93
398.52
285.19
287.72
254.59
424.70
355.73
416.83
360.48
460.70
375.81
456.03
389.13
432.19
405.49
434.16
357.96
495.94
447.58
466.38
360.13
470.67
463.86
473.37
411.85
461.41
416.84
500.05
390.45
477.08
462.76
432.94
485.45
451.18
482.15
420.15
477.33
500.58
464.86
415.00
499.50
436.14
436.49
499.04
479.87
417.40
503.82
494.13
425.19
488.14
499.20
453.16
467.18
481.91
486.47
450.16
457.94
474.24
462.63
464.03
477.99
452.97
457.92
470.00
447.36
472.59
469.59
495.25
484.70
484.68
481.88
493.22
469.02
444.35
499.31
489.09
470.01
490.65
469.85
458.88
459.21
481.23
474.51
485.65
413.48
426.43
431.73
399.08
462.03
422.26
395.69
420.59
375.79
408.61
422.34
424.07
405.77
396.65
367.36
406.11
406.56
335.45
435.73
423.98
431.50
422.43
424.26
387.12
400.25
404.66
416.98
459.14
431.02
429.78
433.24
422.16
429.04
410.18
452.74
416.28
431.49
422.58
441.76
428.26
434.34
446.04
395.41
455.23
410.39
463.96
413.98
440.60
446.13
443.43
437.18
453.27
449.63
469.50
457.31
430.43
429.89
455.44
444.20
468.41
471.66
456.66
466.52
463.61
470.87
468.80
456.32
455.59
475.66
432.15
426.62
457.87
455.23
426.84
482.60
477.51
450.17
468.98
449.44
465.98
466.12
492.58
486.85
456.48
480.25
490.41
482.80
473.77
499.42
478.46
495.74
494.89
514.67
512.21
498.59
522.13
484.33
523.54
511.73
523.06
484.36
468.76
479.65
525.54
469.72
473.15
502.97
486.61
498.88
432.87
456.56
424.18
520.13
433.26
504.52
453.44
458.84
503.24
438.68
515.79
508.23
476.94
490.71
356.35
501.26
465.00
458.04
472.46
389.50
438.79
467.09
478.00
433.57
428.30
506.62
492.97
486.32
503.69
444.57
478.28
434.27
362.26
339.80
358.04
448.81
400.32
357.75
342.09
431.40
422.30
377.91
505.01
494.18
482.56
444.76
490.20
504.83
463.09
498.15
490.49
488.86
490.31
477.79
462.72
460.02
487.16
473.70
487.58
483.66
476.24
484.50
483.19
484.77
494.46
486.61
490.24
499.88
488.33
484.24
487.44
482.23
505.43
485.60
509.40
503.62
510.04
510.79
490.32
488.53
492.23
499.61
496.76
516.19
515.75
488.35
512.59
506.78
501.53
458.92
514.46
494.40
499.20
506.95
502.88
506.12
503.97
487.17
495.36
492.02
469.97
481.96
426.50
451.00
450.79
427.74
453.05
446.13
447.32
435.90
433.68
429.37
419.63
352.70
388.34
357.45
382.20
435.36
396.57
457.45
407.81
434.23
417.03
385.62
385.53
444.71
378.79
393.74
373.35
390.26
419.18
423.46
410.28
415.24
404.79
406.31
430.20
414.09
406.03
418.44
414.46
347.71
408.38
411.63
414.53
396.00
414.58
339.27
395.54
430.22
398.64
395.77
372.86
390.85
395.98
373.69
397.10
403.24
371.06
365.60
378.82
399.19
349.54
397.62
402.22
338.56
346.55
366.47
349.37
314.64
333.72
366.28
313.08
318.28
389.43
316.70
378.77
320.04
296.90
369.35
374.54
282.53
343.44
334.99
367.39
358.68
343.40
330.50
325.28
310.21
340.73
386.99
329.26
347.74
356.19
388.86
386.39
375.59
385.31
410.88
429.22
394.68
405.94
404.49
413.04
407.43
408.30
400.59
434.58
387.38
335.75
380.81
419.25
410.49
419.42
436.97
443.45
456.14
418.57
461.44
471.50
467.77
475.69
489.34
487.00
464.09
460.67
477.63
466.07
478.15
482.82
439.36
415.91
468.32
431.38
454.16
465.91
468.67
473.23
462.69
434.84
463.57
460.37
446.67
445.15
439.90
418.48
466.08
414.17
432.34
341.21
390.52
373.52
433.44
409.96
316.14
437.32
422.12
425.53
435.42
410.63
372.12
403.47
411.80
394.62
396.33
391.77
356.33
368.66
378.14
434.85
408.36
399.83
405.84
439.71
422.12
376.50
412.71
363.18
403.73
337.80
358.86
409.04
414.23
421.16
413.58
401.78
395.05
374.74
374.33
362.51
329.81
322.05
316.61
348.22
301.52
291.67
311.72
330.18
272.92
361.29
327.85
329.01
333.79
296.37
268.92
324.36
336.29
380.63
345.30
303.91
287.24
335.65
315.73
336.31
334.06
379.94
367.75
354.16
321.84
322.63
371.67
328.59
345.07
280.45
364.44
305.05
367.39
362.40
409.89
413.14
390.82
434.68
386.26
391.02
405.44
408.01
416.04
402.74
376.87
381.27
387.74
418.48
389.45
396.19
423.20
441.77
402.96
453.94
433.49
467.06
444.97
404.84
416.32
436.47
447.06
422.20
429.11
453.82
416.64
464.12
434.79
464.88
458.84
465.52
475.57
474.27
496.10
483.03
441.63
493.11
501.67
471.80
471.88
471.92
497.13
491.56
474.88
485.65
484.14
432.18
480.05
488.54
463.99
446.13
474.95
420.74
442.89
447.68
477.73
420.98
445.43
477.47
438.34
481.67
468.92
457.58
490.01
480.75
501.67
465.98
478.73
502.03
433.51
496.84
451.14
468.34
468.18
459.53
467.90
473.42
440.09
400.59
343.01
396.07
442.73
394.89
441.49
476.18
410.62
407.85
447.65
451.27
473.81
481.11
487.04
475.97
520.23
487.22
480.68
502.95
515.82
472.61
523.34
479.87
522.14
510.31
464.82
495.86
445.16
495.03
497.78
450.58
461.57
450.10
477.45
489.22
455.55
488.17
506.99
497.58
496.84
495.86
472.83
502.11
509.09
456.63
502.85
491.01
511.89
509.34
504.06
502.10
473.99
503.64
472.16
457.43
497.12
472.70
476.79
452.85
490.71
462.76
496.44
483.35
491.81
471.33
473.16
495.21
484.85
495.02
449.58
502.27
503.32
512.81
501.19
510.01
521.64
524.33
522.61
525.77
528.68
501.95
519.33
513.34
517.66
510.61
510.62
504.58
521.34
512.45
507.55
500.82
517.05
519.81
517.11
514.93
522.76
511.74
516.26
508.58
525.87
525.02
520.86
521.49
513.07
516.54
526.80
527.56
508.30
498.40
492.47
491.81
484.52
510.67
503.97
493.36
505.10
514.70
520.22
512.15
481.02
506.28
494.02
504.35
512.36
493.71
478.31
460.06
392.75
484.56
422.03
464.79
455.92
429.29
487.10
407.90
494.72
406.54
431.46
426.67
416.69
358.85
363.24
383.53
381.85
397.32
426.99
381.67
408.27
452.34
347.40
405.86
384.62
466.52
388.30
458.74
442.28
476.45
448.93
468.84
424.80
480.32
477.96
462.37
475.76
484.81
484.87
493.86
491.39
477.57
469.43
452.52
420.08
418.47
447.80
459.75
488.73
493.04
482.55
467.00
500.46
498.43
502.21
498.86
507.63
505.19
512.86
517.93
508.15
525.22
520.45
511.60
497.37
458.41
483.99
464.56
466.07
457.71
447.71
488.97
491.05
507.15
461.82
500.24
486.41
482.35
474.81
474.93
495.05
481.54
484.22
474.45
461.26
472.94
459.20
471.88
469.59
440.89
454.36
441.65
477.47
441.53
447.69
428.83
435.58
444.36
434.78
391.43
387.08
383.34
354.35
347.55
382.42
395.31
383.23
423.20
428.59
366.74
441.27
374.69
379.13
387.61
385.04
399.96
429.04
438.43
458.78
466.67
486.60
462.60
463.13
468.72
457.32
496.66
477.14
488.59
506.27
492.66
513.99
435.17
456.15
499.83
409.94
481.54
472.42
434.52
422.08
415.25
413.32
428.13
417.41
430.11
421.85
437.92
431.85
389.82
386.77
478.42
429.83
377.42
402.63
325.08
367.48
425.02
345.42
441.69
336.20
357.88
393.49
340.83
321.20
353.67
276.06
271.61
291.05
272.89
319.32
267.85
281.46
263.03
268.47
248.01
251.09
255.45
262.45
301.92
285.91
333.53
253.98
293.60
303.49
298.19
262.69
233.49
282.99
264.47
280.81
315.00
248.53
282.95
323.49
287.47
270.15
276.19
247.98
267.00
245.27
205.57
280.78
303.17
259.22
305.72
300.76
233.21
296.53
275.17
261.27
217.24
232.67
278.07
304.23
281.45
289.04
263.31
294.85
285.82
271.33
286.63
255.40
255.81
252.94
196.41
248.30
266.16
296.12
294.86
274.71
297.03
296.12
252.76
246.04
256.04
220.21
205.30
202.69
222.29
239.25
241.15
256.44
260.35
274.11
266.76
234.12
268.85
270.53
215.44
229.89
217.03
248.96
239.06
214.90
188.35
216.44
185.29
240.82
203.69
193.98
240.02
174.10
179.70
217.44
187.33
179.14
136.21
178.35
138.51
162.68
139.62
156.23
172.34
121.00
198.46
140.70
156.67
117.50
136.23
151.93
170.91
142.34
167.67
115.70
92.03
126.84
126.31
143.17
162.00
157.96
135.62
146.58
127.32
144.95
109.25
130.08
133.13
89.69
121.59
123.98
120.36
94.68
127.11
110.78
114.76
157.40
148.87
136.26
168.64
131.98
177.04
110.93
145.19
115.36
130.08
97.43
115.96
124.54
115.79
130.64
82.71
126.40
96.98
145.37
169.17
162.35
113.23
86.15
84.06
107.45
101.88
85.48
93.75
94.10
123.43
131.07
113.14
114.77
113.74
74.26
94.15
109.62
105.23
114.17
98.48
115.36
140.96
129.96
154.20
104.51
136.03
120.41
90.67
72.96
89.78
109.69
76.83
95.15
74.65
133.62
64.65
82.07
77.48
72.71
127.34
109.54
99.32
99.14
106.27
69.68
88.48
124.47
119.01
86.26
90.82
81.33
89.51
103.16
58.08
101.80
94.74
62.53
63.06
97.36
60.26
73.65
56.97
56.16
50.94
85.20
85.81
83.97
70.42
95.80
102.90
89.42
91.31
126.11
74.27
86.56
99.50
75.88
119.33
98.48
141.79
102.75
115.21
178.82
89.08
90.63
74.21
82.16
117.07
135.09
91.35
145.18
139.43
124.76
122.09
163.23
102.98
90.69
98.28
58.76
98.29
87.11
57.84
60.75
73.82
87.45
97.04
101.32
95.49
65.68
101.60
122.06
92.13
66.10
62.55
74.75
78.97
69.05
87.73
99.95
60.95
110.79
114.12
167.01
86.60
121.46
62.04
81.62
74.17
67.74
66.62
105.29
78.89
102.65
91.17
46.92
49.44
94.07
97.77
105.70
80.87
103.05
101.73
124.58
103.83
90.38
71.14
54.74
68.50
76.20
69.25
75.62
63.72
74.90
56.97
74.43
80.36
91.60
76.57
70.52
71.11
53.59
56.83
57.15
61.14
56.86
88.28
54.77
72.66
124.01
94.94
145.25
56.36
76.72
91.87
51.59
66.57
43.91
73.64
57.50
53.50
34.80
36.28
66.55
53.13
87.05
74.02
61.74
97.23
66.25
44.88
60.41
66.47
80.59
51.33
116.11
90.25
65.11
95.02
68.25
72.23
77.10
123.60
142.09
147.54
80.07
70.83
93.24
125.65
104.48
60.22
89.63
95.59
80.60
115.95
93.96
85.60
78.52
113.59
107.19
148.27
89.49
68.68
123.07
94.03
78.72
66.45
128.60
102.37
86.79
184.63
117.03
93.16
157.51
123.04
179.06
127.04
149.06
101.41
108.33
86.49
119.51
128.05
103.89
102.48
88.34
110.56
84.85
76.57
63.13
60.26
94.28
85.16
92.21
62.06
112.29
83.80
84.95
96.01
94.02
100.37
114.51
122.64
82.98
74.63
105.28
129.45
80.48
118.60
80.67
103.89
82.44
96.45
75.19
77.06
89.08
77.60
103.75
79.70
107.49
91.49
78.58
103.70
102.40
73.60
76.47
51.62
74.52
104.61
83.21
75.44
94.77
87.63
91.44
69.71
156.40
128.00
66.35
102.82
143.93
116.83
171.80
116.54
86.65
175.85
133.80
79.61
117.71
117.48
112.54
74.84
136.33
145.22
103.79
124.54
68.13
93.01
97.27
106.34
108.48
145.02
140.81
123.41
151.29
112.79
128.55
148.50
123.21
93.11
199.67
126.25
102.07
81.81
92.05
145.26
210.94
214.97
118.08
137.46
174.39
187.87
138.48
158.69
98.08
74.71
85.91
126.77
113.47
121.72
97.86
87.31
119.26
70.66
77.44
113.16
123.14
121.67
145.17
135.58
176.09
142.26
122.64
148.25
118.20
149.91
125.71
134.79
149.90
144.57
114.25
121.21
111.02
106.44
105.00
112.61
131.73
110.18
59.53
125.86
93.64
74.43
90.26
83.79
73.40
55.47
56.34
81.84
83.65
70.48
55.74
74.10
67.16
58.37
88.16
53.52
47.04
144.70
146.06
160.65
166.42
168.86
179.55
185.35
192.74
204.67
198.30
211.83
233.25
195.84
251.22
182.03
167.21
234.85
164.64
198.24
152.04
189.25
167.51
198.78
215.55
204.39
184.48
209.31
220.75
194.29
213.19
246.08
220.26
227.93
252.72
262.86
251.12
206.03
104.64
102.06
136.46
177.10
196.51
279.02
249.64
280.54
285.91
262.63
200.16
219.18
234.57
170.71
160.64
234.88
249.44
266.90
245.79
229.91
281.25
220.50
257.20
244.99
304.70
280.24
242.21
266.80
249.57
274.46
213.88
211.97
206.98
249.66
215.98
218.90
210.47
205.02
135.79
223.07
173.53
161.24
160.22
174.80
187.85
223.13
141.82
195.02
138.70
201.65
158.10
163.66
174.74
197.30
173.06
245.20
187.97
221.26
195.28
204.62
159.55
232.64
186.20
194.87
198.96
228.90
182.32
175.71
153.80
288.54
178.43
238.64
197.51
217.82
178.10
199.90
202.13
189.92
215.32
176.65
151.77
219.09
141.28
178.97
225.48
200.36
195.68
228.05
233.40
233.89
272.24
204.42
261.48
244.74
229.48
255.93
325.41
273.53
251.51
228.70
274.22
274.56
320.81
319.71
327.50
301.43
289.43
327.56
319.09
348.63
281.39
225.17
214.41
205.00
295.00
162.66
145.86
175.94
147.18
111.36
150.94
199.68
110.28
130.55
114.52
104.85
152.05
111.28
148.69
112.52
101.49
98.99
133.67
115.79
119.37
145.91
128.18
127.85
118.01
141.95
136.17
111.51
164.07
136.77
131.48
116.24
121.83
107.19
106.42
118.90
