0.042726
0.166527
0.168963
0.171076
0.163498
0.189063
0.174026
0.145258
0.131591
0.147693
0.136791
0.174670
0.155015
0.173644
0.154730
0.142523
0.183526
0.149883
0.174748
0.162164
0.221481
0.186045
0.183084
0.167287
0.149568
0.229259
0.211762
0.178261
0.172165
0.191687
0.185227
0.147806
0.154486
0.151246
0.180587
0.159653
0.191316
0.218183
0.172240
0.177177
0.187902
0.223366
0.229126
0.209026
0.178702
0.176367
0.181332
0.164000
0.178698
0.172915
0.177263
0.176456
0.190119
0.175341
0.165601
0.163123
0.162035
0.188621
0.203091
0.199985
0.168053
0.166496
0.176793
0.170375
0.164866
0.157640
0.148778
0.194671
0.163534
0.163478
0.149817
0.174272
0.208486
0.169638
0.179148
0.184287
0.151073
0.194106
0.165921
0.202498
0.186862
0.160472
0.181737
0.161129
0.189796
0.192205
0.165986
0.184825
0.218484
0.221730
0.200412
0.158919
0.173617
0.164138
0.174703
0.150850
0.163438
0.164691
0.198952
0.175312
0.160668
0.179968
0.144017
0.167798
0.142251
0.176645
0.173506
0.196095
0.154689
0.166269
0.149792
0.174692
0.184968
0.187799
0.154914
0.139204
0.153007
0.167906
0.163367
0.175034
0.165386
0.182394
0.195143
0.171259
0.141752
0.150867
0.141787
0.164476
0.172267
0.206560
0.176098
0.195828
0.218047
0.187878
0.184180
0.178972
0.154117
0.148124
0.183787
0.166845
0.173721
0.190802
0.156674
0.156846
0.172964
0.174498
0.161530
0.182750
0.186324
0.192946
0.145126
0.176178
0.149063
0.150243
0.182537
0.183574
0.180112
0.195597
0.207330
0.148459
0.156001
0.160448
0.199126
0.158510
0.184786
0.150955
0.179758
0.152560
0.172640
0.180670
0.186685
0.163736
0.163116
0.166519
0.145261
0.156428
0.227076
0.166188
0.150013
0.184471
0.132269
0.185805
0.221146
0.148214
0.146683
0.156150
0.153414
0.168105
0.164447
0.176777
0.178226
0.180977
0.174438
0.184967
0.165508
0.170366
0.168840
0.184672
0.201544
0.203107
0.160207
0.171137
0.159131
0.161596
0.159390
0.186528
0.166574
0.158698
0.167576
0.198217
0.176244
0.190155
0.154998
0.171115
0.142061
0.186355
0.195810
0.159120
0.177301
0.167454
0.199104
0.138989
0.169681
0.149336
0.191988
0.206430
0.191618
0.150858
0.163280
0.188890
0.163399
0.193613
0.204884
0.177109
0.142371
0.177341
0.186964
0.178666
0.193246
0.166939
0.173439
0.159981
0.168453
0.150136
0.197623
0.158918
0.161959
0.183163
0.174907
0.215153
0.186386
0.190191
0.166910
0.189536
0.164999
0.156000
0.195392
0.165346
0.178713
0.165530
0.193719
0.174644
0.149524
0.142494
0.146672
0.183984
0.179469
0.209400
0.163709
0.178207
0.143559
0.152160
0.188043
0.149146
0.171352
0.155934
0.161323
0.156054
0.178643
0.191167
0.185663
0.181896
0.153115
0.195739
0.165448
0.168894
0.206429
0.197563
0.200997
0.149645
0.163174
0.171296
0.171952
0.191598
0.160847
0.141638
0.175070
0.166054
0.185402
0.182191
0.178821
0.170702
0.166332
0.173964
0.156554
0.185130
0.154615
0.185077
0.177023
0.194504
0.170164
0.168841
0.170720
0.178803
0.161337
0.153366
0.210263
0.192602
0.176483
0.174726
0.161597
0.169606
0.150811
0.155860
0.163548
0.150150
0.168930
0.164820
0.156917
0.203881
0.170113
0.145349
0.149627
0.164596
0.162562
0.182536
0.172090
0.190509
0.195957
0.216731
0.174381
0.159649
0.194084
0.172739
0.171719
0.162075
0.138216
0.170560
0.178240
0.154536
0.169330
0.183220
0.176907
0.165891
0.164033
0.137480
0.161212
0.185635
0.159787
0.181298
0.159981
0.165835
0.179138
0.168820
0.183024
0.194649
0.196311
0.153771
0.160573
0.157876
0.191716
0.191864
0.189331
0.158879
0.176269
0.140053
0.174577
0.166120
0.165409
0.169881
0.189392
0.169911
0.179896
0.194076
0.138689
0.189937
0.147924
0.159573
0.162338
0.179960
0.185550
0.202162
0.149376
0.164644
0.153732
0.151863
0.181625
0.196542
0.174705
0.162007
0.145276
0.146675
0.157712
0.163178
0.169119
0.178959
0.186027
0.171701
0.177998
0.176859
0.181761
0.166325
0.203160
0.175106
0.174055
0.159548
0.178187
0.155005
0.158849
0.173412
0.178523
0.145116
0.174871
0.149959
0.176835
0.162539
0.156489
0.160293
0.166841
0.170578
0.152421
0.208008
0.155206
0.142092
0.189154
0.183326
0.178577
0.201440
0.146863
0.195935
0.176755
0.161661
0.169278
0.149614
0.153141
0.163300
0.132211
0.165727
0.162173
0.160807
0.171871
0.195558
0.180462
0.157683
0.186158
0.150584
