0.068452
0.154487
0.137757
0.144748
0.163476
0.169061
0.144667
0.151218
0.129304
0.148215
0.133613
0.153015
0.145896
0.127158
0.124961
0.158245
0.135576
0.166296
0.147129
0.134824
0.140302
0.184733
0.174829
0.154946
0.148291
0.114723
0.146123
0.156765
0.157209
0.158516
0.136328
0.153810
0.136754
0.171373
0.176701
0.148644
0.146007
0.154204
0.152985
0.157324
0.158522
0.124897
0.143322
0.145945
0.164932
0.152966
0.162423
0.130685
0.155768
0.152382
0.149108
0.145229
0.156264
0.153135
0.165610
0.157960
0.155781
0.147957
0.160419
0.119678
0.128162
0.139400
0.191833
0.145465
0.148270
0.167584
0.173350
0.145790
0.140955
0.144037
0.154368
0.140397
0.152287
0.144224
0.178298
0.141861
0.142169
0.187430
0.162875
0.147206
0.145211
0.150910
0.175464
0.170384
0.156435
0.151807
0.116625
0.160610
0.157704
0.134433
0.148973
0.142549
0.128434
0.126560
0.126478
0.176016
0.157863
0.136070
0.138295
0.136496
0.150934
0.146235
0.166551
0.136630
0.134998
0.134448
0.141238
0.142460
0.153026
0.146116
0.165849
0.138501
0.141954
0.136981
0.177538
0.154198
0.116203
0.109323
0.146899
0.132276
0.128400
0.120574
0.150492
0.129105
0.151695
0.154938
0.123238
0.191673
0.138317
0.180530
0.156886
0.142416
0.146483
0.122302
0.161152
0.157731
0.165068
0.151260
0.162731
0.135524
0.167436
0.148543
0.130611
0.190956
0.155373
0.154954
0.195190
0.157076
0.156081
0.164329
0.142846
0.153646
0.168481
0.157916
0.156983
0.136812
0.171216
0.139647
0.162607
0.131190
0.158530
0.137035
0.133691
0.124666
0.148418
0.129313
0.120081
0.152211
0.150889
0.153388
0.135511
0.147724
0.168992
0.153556
0.149783
0.144755
0.167338
0.165985
0.148936
0.128592
0.124058
0.135135
0.159084
0.151164
0.166640
0.142818
0.142562
0.173528
0.156426
0.144530
0.152179
0.156630
0.139287
0.200740
0.142724
0.149920
0.131840
0.175332
0.150574
0.159654
0.122980
0.152767
0.129620
0.120893
0.144915
0.161187
0.142729
0.139379
0.121544
0.142231
0.147209
0.172060
0.137714
0.128620
0.136122
0.164015
0.139713
0.184463
0.156438
0.169523
0.166040
0.150104
0.138804
0.155220
0.158310
0.151809
0.164131
0.173754
0.168211
0.162181
0.149088
0.153787
0.137139
0.135906
0.140173
0.138177
0.148450
0.155888
0.152068
0.145587
0.149003
0.162076
0.164240
0.141269
0.164565
0.166538
0.149154
0.140058
0.147017
0.190694
0.135741
0.143582
0.138814
0.165943
0.159445
0.156389
0.122165
0.140847
0.129196
0.144072
0.131312
0.169222
0.184758
0.163950
0.163470
0.147866
0.186486
0.135509
0.185253
0.154196
0.147316
0.166800
0.142177
0.174586
0.156278
0.123887
0.142513
0.137404
0.145710
0.120132
0.118627
0.140475
0.168481
0.177353
0.137251
0.183870
0.148153
0.163604
0.132579
0.153358
0.130123
0.157752
0.166573
0.153448
0.148823
0.146641
0.157538
0.139867
0.138258
0.141869
0.149264
0.162751
0.144372
0.138051
0.164996
0.145636
0.147925
0.156580
0.180625
0.142640
0.135105
0.145924
0.121061
0.127110
0.163980
0.155589
0.180917
0.144375
0.142148
0.157400
0.151999
0.153145
0.177703
0.158891
0.173285
0.148272
0.138361
0.162673
0.175262
0.134714
0.132439
0.152942
0.181364
0.163422
0.157222
0.122616
0.157275
0.145406
0.143923
0.129720
0.143961
0.163356
0.131885
0.147393
0.147011
0.162096
0.175999
0.172845
0.162843
0.152263
0.126696
0.156406
0.181421
0.168352
0.170114
0.167236
0.177767
0.144648
0.154727
0.164470
0.146744
0.125367
0.156115
0.203289
0.140656
0.192583
0.140085
0.155542
0.161298
0.168690
0.142688
0.154668
0.131784
0.168114
0.142693
0.149740
0.149068
0.172072
0.162434
0.156180
0.149769
0.171001
0.165285
0.156831
0.170166
0.139650
0.123135
0.138619
0.146760
0.142434
0.173907
0.177492
0.170002
0.175853
0.153435
0.178939
0.162199
0.193377
0.164728
0.153609
0.178635
0.154093
0.184110
0.160518
0.176868
0.127948
0.176261
0.167425
0.174453
0.173080
0.178080
0.162014
0.169806
0.136991
0.180942
0.165611
0.190641
0.151218
0.148388
0.131185
0.162415
0.186816
0.174372
0.190620
0.152341
0.192667
0.167179
0.168477
0.157397
0.125453
0.138722
0.137801
0.148922
0.146734
0.146602
0.150596
0.138097
0.152242
0.160748
0.151510
0.156115
0.189426
0.141270
0.157231
0.164422
0.150589
0.144255
0.145746
0.139425
0.144979
0.136307
0.173421
0.136886
0.177758
0.188270
0.148780
0.166210
0.144138
0.172776
0.170483
0.189137
0.151378
0.151267
0.152837
0.166183
0.166810
0.176793
0.144635
0.156319
0.150070
0.170369
0.163056
0.128383
0.172831
0.155711
0.125372
0.157283
0.166291
0.162493
0.162617
0.157609
0.163339
0.173265
0.132451
0.140018
0.132892
0.154817
0.177712
0.156332
0.150471
0.141744
0.131307
0.160999
0.164465
0.138026
0.141138
0.133620
0.146496
0.146334
0.176155
0.129437
0.135199
0.149367
0.174095
0.165063
0.165210
0.165727
0.151620
0.126899
0.127881
0.156096
0.151648
0.145429
0.146628
0.149558
0.120049
0.165028
0.150640
0.166310
0.136040
0.190931
0.140974
0.145534
0.142083
0.158793
0.146257
0.120401
0.139092
0.131447
0.163850
0.133912
0.156141
0.145300
0.161589
0.132756
0.198488
0.142921
0.138291
0.136071
0.152050
0.137887
0.177795
0.176290
0.135776
0.168957
0.151834
0.159945
0.149523
0.148233
0.168520
0.157015
0.137757
0.145356
0.145234
0.132973
0.147954
0.123104
0.155483
0.114946
0.145112
0.159383
0.160296
0.137144
0.161195
0.170006
0.149441
0.152726
0.136689
0.162971
0.139384
0.147166
0.150426
0.128914
0.157644
0.143739
0.153122
0.123942
0.152811
0.144196
0.155496
0.137921
0.143071
0.139483
0.154767
0.139519
0.193474
0.186824
0.144527
0.186637
0.146677
0.144555
0.144405
0.147042
0.149095
0.140128
0.155812
0.185662
0.155674
0.169358
0.156297
0.137167
0.159410
0.161632
0.159886
0.167030
0.153624
0.134256
0.161466
0.176991
0.143634
0.169193
0.152466
0.156614
0.153323
0.163380
0.197221
0.147383
0.179513
0.161144
0.169685
0.173652
0.166141
0.151839
0.172927
0.140873
0.166859
0.161449
0.149654
0.153728
0.119904
0.142003
0.158360
0.137419
0.148054
0.140705
0.149218
0.145500
0.163264
0.142468
0.146657
0.127933
0.134811
0.143409
0.144167
0.149081
0.130902
0.154699
0.150795
0.151995
0.160245
0.129300
0.166083
0.141680
0.138757
0.150756
0.142287
0.160354
0.145574
0.153501
0.183754
0.169034
0.136916
0.161345
0.150680
0.149230
0.159718
0.148838
0.142700
0.161294
0.157559
0.160069
0.161895
0.158779
0.140109
0.148443
0.144481
0.147097
0.154264
0.170466
0.170596
0.153540
0.155604
0.139947
0.142680
0.171753
0.164873
0.153432
0.151682
0.143394
0.153287
0.135201
0.171920
0.128008
0.147868
0.162445
0.168846
0.134992
0.143579
0.181160
0.141263
0.133806
0.146714
0.170652
0.159636
0.173112
0.150432
0.158263
0.155082
0.161927
0.165172
0.176294
0.148921
0.165055
0.146827
0.151390
0.170292
0.169240
0.155529
0.167932
0.166905
0.171159
0.155984
0.169497
0.167955
0.160483
0.159222
0.149416
0.142415
0.129173
0.150906
0.187977
0.155329
0.134964
0.163897
0.133851
0.155197
0.139292
0.156358
0.123265
0.124001
0.130113
0.159822
0.136076
0.169127
0.171137
0.153512
0.146107
0.142525
0.160124
0.140864
0.159853
0.112664
0.149002
0.124010
0.174848
0.144466
0.132507
0.185668
0.186830
0.149836
0.134531
0.163830
0.177193
0.158132
0.156129
0.169416
0.168698
0.151603
0.141752
0.142674
0.133685
0.156047
0.155934
0.150375
0.151546
0.132002
0.128607
0.146798
0.138552
0.156509
0.143637
0.123670
0.128960
0.174961
0.129753
0.166540
0.154126
0.180423
0.130485
0.229331
0.157690
0.160893
0.192664
0.146923
0.163930
0.132791
0.134587
0.154968
0.165922
0.170192
0.146178
0.153137
0.182275
0.152892
0.174656
0.161574
0.129394
0.139449
0.149235
0.149402
0.145127
0.147134
0.149449
0.201059
0.160707
0.155384
0.174485
0.143857
0.147180
0.140617
0.167209
0.126870
0.151642
0.140381
0.130227
0.168051
0.153340
0.145976
0.161640
0.166040
0.141437
0.128009
0.154390
0.167041
0.164506
0.192082
0.165421
0.160500
0.125840
0.154466
0.163818
0.141253
0.137102
0.133876
0.139529
0.174847
0.150121
0.142066
0.155851
0.141120
0.143258
0.173734
0.152899
0.160288
0.155867
0.137666
0.141963
0.176817
0.125026
0.144587
0.144049
0.141121
0.107926
0.181599
0.141615
0.127350
0.136294
0.133011
0.127530
0.126471
0.153250
0.117402
0.178882
0.136881
0.132455
0.144114
0.136953
0.173041
0.154797
0.139335
0.155995
0.134564
0.135789
0.134857
0.143386
0.132066
0.147579
0.136456
0.136804
0.143604
0.147390
0.125932
0.118162
0.147827
0.148000
0.144367
0.144517
0.153202
0.116321
0.138532
0.128291
0.170107
0.162953
0.149436
0.149822
0.133295
0.149309
0.140544
0.126370
0.175719
0.132341
0.162150
0.150665
0.173596
0.142764
0.161810
0.142582
0.151487
0.131507
0.139877
0.142607
0.152688
0.166753
0.159670
0.145653
0.151806
0.133366
0.183449
0.136021
0.170878
0.152425
0.142068
0.130856
0.147242
0.139301
0.153441
0.140645
0.120080
0.136635
0.164826
0.116906
0.151760
0.146281
0.179881
0.130892
0.134556
0.134629
0.154190
0.181044
0.128952
0.148858
0.166361
0.151021
0.163121
0.144528
0.144596
0.157229
0.127999
0.149420
0.151894
0.154476
0.146241
0.161125
0.136307
0.152959
0.140983
0.146321
0.142831
0.136473
0.148203
0.142790
0.166536
0.142545
0.143953
0.138736
0.146181
0.148003
0.175395
0.129744
0.155205
0.177645
0.153949
0.161181
0.184071
0.168827
0.128087
0.152610
0.151032
0.159594
0.165753
0.130113
0.154151
0.192697
0.166842
0.160228
0.145627
0.162391
0.117781
0.151875
0.135581
0.171700
0.149220
0.143985
0.116975
0.155535
0.139707
0.150074
0.145641
0.156297
0.149982
0.146544
0.144342
0.171799
0.167172
0.141797
0.138625
0.156651
0.137039
0.177555
0.137485
0.201875
0.175569
0.124312
0.174351
0.149824
0.137260
0.160424
0.157750
0.156513
0.167497
0.146218
0.156985
0.164064
0.127862
0.178777
0.144131
0.164517
0.151159
0.182850
0.147954
0.187510
0.157483
0.169268
0.156710
0.163954
0.170588
0.179433
0.150499
0.178742
0.183454
0.144835
0.180301
0.157640
0.151387
0.145205
0.142082
0.168193
0.151961
0.151654
0.163355
0.140442
0.141172
0.151907
0.143786
0.147293
0.150336
0.129352
0.150782
0.159698
0.184042
0.145697
0.142758
0.169147
0.144918
0.168129
0.162169
0.152560
0.177664
0.176815
0.120900
0.152185
0.165315
0.152369
0.124823
0.129876
0.167142
0.158213
0.151813
0.143881
0.158203
0.157512
0.136327
0.148800
0.138235
0.156033
0.147867
0.167703
0.162853
0.179665
0.161166
0.151159
0.110937
0.165023
0.163028
0.166348
0.138803
0.166929
0.139485
0.127388
0.153584
0.143034
0.137988
0.167930
0.182281
0.183290
0.178660
0.141552
0.149741
0.133864
0.166072
0.193150
0.152840
0.162260
0.166479
0.162696
0.147758
0.160471
0.145520
0.161244
0.157236
0.193530
0.167526
0.130749
0.144256
0.166106
0.170266
0.165518
0.150729
0.168658
0.164754
0.153622
0.120457
0.120770
0.155977
0.118652
0.153927
0.166279
0.165927
0.145522
0.158840
0.168249
0.157323
0.134396
0.146333
0.171323
0.159525
0.143099
0.133743
0.171115
0.166138
0.171494
0.134866
0.155307
0.186946
0.159888
0.118472
0.134058
0.136429
0.137620
0.148082
0.150592
0.154005
0.160058
0.136533
0.157971
0.141230
0.154266
0.150583
0.189852
0.176997
0.145284
0.122852
0.154567
0.124777
0.175879
0.159644
0.152685
0.148601
0.155432
0.158126
0.161454
0.178817
0.169551
0.163060
0.142578
0.172529
0.180699
0.166493
0.144336
0.160658
0.151937
0.187014
0.198253
0.183173
0.176723
0.186288
0.163011
0.162543
0.139742
0.129278
0.138550
0.153565
0.141554
0.119199
0.139020
0.151318
0.147951
0.148561
0.166063
0.157586
0.163855
0.150616
0.157083
0.173647
0.161466
0.179392
0.166218
0.152078
0.162983
0.146969
0.177972
0.178949
0.141307
0.154116
0.128948
0.164955
0.152753
0.166585
0.143166
0.150942
0.143338
0.133070
0.157389
0.157498
0.122085
0.146401
0.151066
0.133724
0.158945
0.153650
0.131144
0.165459
0.139541
0.204868
0.203499
0.155892
0.129756
0.140403
0.125556
0.138208
0.165883
0.142718
0.184837
0.171117
0.159663
0.135457
0.148246
0.150323
0.192938
0.163973
0.165810
0.180014
0.135521
0.162679
0.149492
0.130004
0.155180
0.177018
0.171482
0.142753
0.182823
0.173933
0.148459
0.173111
0.176126
0.139197
0.141906
0.133433
0.172808
0.149031
0.154789
0.145926
0.178287
0.168598
0.181366
0.158018
0.137604
0.161840
0.136272
0.144127
0.136226
0.163061
0.155198
0.176963
0.145260
0.146105
0.153596
0.168216
0.162535
0.159370
0.143736
0.149722
0.148731
0.150185
0.145720
0.131049
0.131546
0.169352
0.143178
0.161862
0.158031
0.147794
0.166032
0.148858
0.175391
0.126356
0.135678
0.127533
0.157635
0.153361
0.154928
0.134255
0.161295
0.151089
0.160798
0.148664
0.176533
0.150332
0.158225
0.161645
0.159647
0.164348
0.165861
0.157831
0.142316
0.164012
0.175807
0.185441
0.177241
0.123911
0.141167
0.149611
0.118427
0.138503
0.148403
0.155709
0.134178
0.135949
0.117966
0.144785
0.171935
0.147874
0.128830
0.167171
0.143847
0.155411
0.172751
0.144007
0.131646
0.152776
0.156286
0.145907
0.166213
0.167285
0.166625
0.189567
0.182855
0.149803
0.142511
0.175436
0.143477
0.137827
0.192119
0.143033
0.176559
0.137483
0.141469
0.153104
0.162808
0.126049
0.171173
0.160733
0.124928
0.153966
0.161259
0.158945
0.136508
0.163508
0.162885
0.145439
0.151550
0.145547
0.174173
0.130458
0.171226
0.140788
0.150076
0.122908
0.150293
0.147195
0.123930
0.162536
0.164323
0.170473
0.176835
0.165184
0.132686
0.174079
0.160946
0.138546
0.148520
0.182166
0.146449
0.163300
0.157109
0.178244
0.148744
0.137562
0.165461
0.152163
0.167782
0.190558
0.138994
0.155045
0.133444
0.152742
0.140335
0.156411
0.189045
0.163989
0.154415
0.166813
0.174593
0.135218
0.142246
0.161521
0.158977
0.161821
0.139518
0.155535
0.189675
0.161091
0.175289
0.153736
0.153082
0.126176
0.167817
0.151344
0.162085
0.146002
0.192913
0.133566
0.129110
0.134389
0.120602
0.191126
0.145475
0.136655
0.174420
0.153996
0.146230
0.169311
0.153533
0.144248
0.154072
0.175267
0.152122
0.153968
0.163176
0.133608
0.136029
0.183129
0.165809
0.161166
0.137728
0.164580
0.150585
0.155056
0.158260
0.163414
0.147548
0.170530
0.149290
0.171459
0.159532
0.172176
0.129686
0.170498
0.161402
0.160901
0.166928
0.131539
0.152432
0.128147
0.142075
0.155830
0.155574
0.166721
0.163152
0.152573
0.175050
0.145587
0.156265
0.171387
0.156290
0.133776
0.148541
0.163797
0.142740
0.164815
0.176723
0.155898
0.185780
0.181573
0.152563
0.132599
0.178781
0.165813
0.150403
0.154185
0.139607
0.145863
0.179997
0.118751
0.186045
0.153237
0.158178
0.176742
0.160972
0.123974
0.147627
0.152319
0.176941
0.187232
0.170773
0.145042
0.178602
0.171026
0.139060
0.150558
0.125928
0.175352
0.146900
0.161640
0.143938
0.157125
0.131836
0.168682
0.163326
0.139625
0.147459
0.158555
0.134338
0.154285
0.171636
0.175769
0.168565
0.162555
0.148153
0.178026
0.149624
0.172549
0.177204
0.186903
0.126531
0.172940
0.157428
0.193538
0.185785
0.150450
0.173610
0.153212
0.179862
0.166122
0.148097
0.161899
0.143799
0.170946
0.145433
0.160260
0.163340
0.143268
0.159061
0.180917
0.174217
0.166754
0.156429
0.134607
0.154700
0.143803
0.133629
0.152587
0.145810
0.204420
0.140721
0.116830
0.132404
0.143369
0.160452
0.150410
0.168711
0.172450
0.191207
0.168040
0.165507
0.138651
0.178637
0.113696
0.152871
0.148174
0.154451
0.144444
0.133483
0.183019
0.150635
0.157192
0.151609
0.143932
0.158450
0.160056
0.173516
0.131271
0.165213
0.144334
0.177531
0.158237
0.151654
0.159371
0.149187
0.147397
0.127394
0.142771
0.165400
0.182515
0.147561
0.152796
0.164605
0.126987
0.175983
0.134220
0.150263
0.174332
0.149415
0.173126
0.146940
0.177161
0.126600
0.153287
0.149050
0.155397
0.147685
0.147048
0.165251
0.148600
0.157283
0.146587
0.157947
0.154696
0.196192
0.151421
0.165146
0.207580
0.186027
0.149398
0.158443
0.158624
0.155885
0.146756
0.163933
0.163958
0.153637
0.148726
0.128613
0.141005
0.152510
0.138885
0.176461
0.200335
0.177903
0.144961
0.161832
0.148641
0.156638
0.145794
0.158149
0.182072
0.127989
0.188831
0.175522
0.148668
0.173438
0.162873
0.160729
0.156046
0.171334
0.129459
0.161577
0.162054
0.165603
0.142349
0.164138
0.156966
0.143784
0.140945
0.155214
0.197733
0.162892
0.163624
0.149590
0.152709
0.153543
0.153584
0.148526
0.160181
0.137944
0.154595
0.165600
0.183973
0.181363
0.153433
0.185377
0.151787
0.164283
0.129759
0.143782
0.146007
0.171420
0.142368
0.153155
0.141331
0.146625
0.168813
0.143596
0.150751
0.146838
0.154266
0.161358
0.159869
0.165041
0.145185
0.162017
0.132718
0.133320
0.128535
0.128495
0.123806
0.152113
0.150458
0.131636
0.172567
0.174159
0.185791
0.136768
0.165331
0.163824
0.143181
0.189941
0.158010
0.149795
0.131260
0.141057
0.150484
0.179014
0.203860
0.171486
0.173932
0.173316
0.185043
0.182023
0.145093
0.135018
0.151051
0.161215
0.147502
0.140733
0.170023
0.131859
0.143038
0.134758
0.131604
0.182354
0.201032
0.179152
0.135430
0.179622
0.144099
0.165749
0.146961
0.178160
0.138611
0.138825
0.182940
0.146471
0.151261
0.155292
0.148004
0.153901
0.178947
0.132437
0.146053
0.165209
0.155254
0.171013
0.158421
0.182434
0.194003
0.174721
0.149547
0.147880
0.162669
0.146939
0.152780
0.146336
0.161750
0.158181
0.172570
0.165627
0.138060
0.153549
0.148224
0.165306
0.191670
0.163443
0.135654
0.166168
0.148970
0.141315
0.158031
0.145224
0.151520
0.141167
0.175671
0.153679
0.170680
0.153650
0.161425
0.145562
0.146645
0.164547
0.180498
0.164889
0.182444
0.180690
0.153263
0.155816
0.161479
0.169521
0.156912
0.157591
0.134230
0.144552
0.129928
0.152342
0.157575
0.128763
0.142343
0.155526
0.166035
0.140213
0.148035
0.145282
0.180944
0.146777
0.126091
0.138487
0.158195
0.152279
0.169853
0.154934
0.167642
0.151090
0.169323
0.147802
0.200558
0.172692
0.161282
0.123990
0.152287
0.149774
0.177054
0.155820
0.156641
0.150203
0.152506
0.195411
0.179763
0.171791
0.162296
0.144906
0.145733
0.163310
0.146361
0.123848
0.170102
0.139288
0.175888
0.166466
0.139643
0.165847
0.154368
0.140615
0.145141
0.128675
0.156985
0.139929
0.164812
0.149409
0.129279
0.155597
