0.064574
0.171046
0.165995
0.223682
0.153835
0.174582
0.169941
0.166480
0.158076
0.170790
0.175246
0.154099
0.158125
0.161860
0.156667
0.184354
0.171322
0.173357
0.199260
0.198136
0.163264
0.189788
0.178837
0.190744
0.190465
0.149027
0.215297
0.195036
0.143419
0.165283
0.169852
0.160914
0.183388
0.188353
0.192809
0.179356
0.181132
0.170862
0.185102
0.134442
0.183202
0.193609
0.185271
0.149997
0.192584
0.175427
0.167280
0.212727
0.177341
0.157559
0.175841
0.175639
0.172167
0.174290
0.168928
0.180296
0.164966
0.190678
0.162268
0.160252
0.193483
0.185178
0.171762
0.185651
0.175820
0.179144
0.167235
0.179050
0.185404
0.209093
0.176704
0.160506
0.185948
0.219434
0.198632
0.178879
0.180543
0.180253
0.161746
0.189906
0.187787
0.187246
0.163204
0.159129
0.163138
0.166411
0.171984
0.191773
0.154090
0.172989
0.143517
0.196746
0.170692
0.180946
0.205380
0.156996
0.162271
0.167722
0.190892
0.182965
0.182829
0.183927
0.229456
0.193156
0.185731
0.171026
0.144628
0.179593
0.169277
0.190183
0.152295
0.164096
0.162239
0.166733
0.167952
0.206034
0.193695
0.153823
0.183885
0.155260
0.192513
0.160371
0.162302
0.168018
0.171788
0.191026
0.162188
0.207701
0.199489
0.180639
0.204581
0.197993
0.194656
0.170992
0.169991
0.174580
0.157072
0.142097
0.159805
0.138262
0.185900
0.180894
0.201154
0.145893
0.165886
0.208687
0.230052
0.192647
0.173253
0.176415
0.152166
0.199668
0.162165
0.168983
0.148547
0.178442
0.170385
0.203237
0.184348
0.177666
0.211629
0.215014
0.189571
0.156170
0.185647
0.186508
0.168644
0.195324
0.164699
0.173136
0.189084
0.183802
0.209305
0.192370
0.190522
0.173993
0.170237
0.181365
0.151011
0.138715
0.180217
0.155322
0.200327
0.161066
0.170935
0.168059
0.191827
0.160581
0.147965
0.195385
0.181783
0.165042
0.161434
0.162807
0.165844
0.174369
0.134993
0.165015
0.150029
0.151678
0.185190
0.174435
0.174752
0.160929
0.193958
0.194051
0.233540
0.186819
0.196494
0.193203
0.179991
0.156384
0.160111
0.158590
0.145736
0.160561
0.168861
0.196694
0.167431
0.164823
0.166641
0.200113
0.206107
0.164238
0.157639
0.175194
0.190524
0.188727
0.172184
0.158565
0.152841
0.207914
0.173650
0.199007
0.159228
0.186844
0.171772
0.183578
0.157007
0.179181
0.150073
0.201550
0.186768
0.166256
0.158281
0.240427
0.183222
0.175688
0.151925
0.191253
0.160373
0.190154
0.156818
0.155890
0.166762
0.170359
0.146195
0.161920
0.156520
0.184840
0.180344
0.179571
0.167242
0.194346
0.173719
0.165865
0.186820
0.164690
0.168541
0.182683
0.162698
0.193917
0.163026
0.174967
0.183816
0.156011
0.175416
0.158399
0.154548
0.178499
0.191223
0.149875
0.173635
0.159075
0.200860
0.177503
0.177669
0.186576
0.168320
0.189201
0.178053
0.168830
0.162879
0.153952
0.153260
0.174038
0.194647
0.194300
0.169555
0.145119
0.179979
0.176573
0.182516
0.191413
0.178163
0.190470
0.157851
0.159157
0.189910
0.188261
0.146221
0.144334
0.159663
0.160602
0.152597
0.171731
0.158278
0.194696
0.168638
0.175379
0.184710
0.144685
0.160059
0.189422
0.207960
0.160555
0.181200
0.144319
0.190589
0.215547
0.181254
0.196613
0.181409
0.170029
0.160737
0.152411
0.154568
0.155036
0.174391
0.161261
0.165590
0.202482
0.167439
0.144601
0.151109
0.164359
0.170982
0.149757
0.159004
0.152317
0.199923
0.149859
0.170412
0.156753
0.134124
0.146769
0.174379
0.169606
0.163004
0.159945
0.147785
0.169661
0.191505
0.154733
0.187822
0.193240
0.147220
0.141784
0.156122
0.153307
0.151805
0.171038
0.152102
0.157080
0.149082
0.129092
0.184463
0.171366
0.140829
0.175126
0.192697
0.170649
0.164281
0.160580
0.171327
0.184789
0.175042
0.182759
0.171091
0.164692
0.167121
0.152225
0.170657
0.163613
0.164638
0.182565
0.174318
0.185277
0.154304
0.193014
0.145442
0.135928
0.151033
0.169437
0.163101
0.159318
0.161834
0.152100
0.173673
0.171842
0.206580
0.205985
0.184980
0.141606
0.205662
0.161168
0.172400
0.145009
0.189582
0.176531
0.153537
0.170266
0.186441
0.199797
0.174191
0.170677
0.177039
0.161438
0.152629
0.178859
0.159327
0.171290
0.140284
0.152289
0.182012
0.155242
0.143156
0.161475
0.175293
0.171617
0.146657
0.147611
0.144392
0.162842
0.157183
0.166616
0.184056
0.158272
0.144525
0.156373
0.171939
0.175246
0.164506
0.193120
0.179659
0.169378
0.189123
0.149245
0.178133
0.166200
0.175601
0.164777
0.161813
0.200709
0.175554
0.166616
0.182561
0.205375
0.146845
0.182516
0.166151
0.164330
0.150214
0.175015
0.161514
0.171617
0.165318
0.175238
0.188564
0.169182
0.188195
0.177618
0.168661
0.166218
0.199746
0.189949
0.178154
0.180057
0.176990
0.182725
0.191597
0.199266
0.190891
0.202578
0.201833
0.177179
0.171452
0.169122
0.165120
0.178901
0.183115
0.196582
0.179919
0.168881
0.150368
0.185480
0.158067
0.177176
0.156007
0.155123
0.165807
0.159455
0.208650
0.187957
0.175179
0.180482
0.182294
0.204048
0.226686
0.196395
0.179601
0.146623
0.189434
0.183820
0.173900
0.173158
0.187992
0.224605
0.165351
0.179422
0.179958
0.169246
0.187890
0.201197
0.187582
0.172316
0.158446
0.179935
0.198070
0.187598
0.209605
0.196172
0.180729
0.212288
0.215482
0.206315
0.204280
0.159127
0.181473
0.155900
0.182565
0.162272
0.161848
0.174736
0.185704
0.181509
0.141604
0.163767
0.179066
0.165092
0.157619
0.162569
0.163546
0.184191
0.169677
0.190276
0.197625
0.158481
0.170454
0.167129
0.185659
0.201406
0.181448
0.176900
0.175271
0.193727
0.209489
0.161061
0.166820
0.161355
0.167930
0.168672
0.172435
0.186255
0.193573
0.140023
0.214710
0.161691
0.142774
0.150773
0.168055
0.135845
0.152448
0.176657
0.171029
0.160783
0.155574
0.156461
0.164620
0.182649
0.188436
0.153389
0.148158
0.192257
0.178692
0.196049
0.168187
0.194232
0.172511
0.175040
0.207941
0.211015
0.155185
0.200248
0.172749
0.193606
0.193406
0.174807
0.150925
0.189680
0.189725
0.169503
0.186847
0.174421
0.161893
0.152821
0.164246
0.178181
0.183304
0.179729
0.201000
0.170906
0.180134
0.204914
0.194160
0.174505
0.188547
0.169546
0.202979
0.187969
0.194980
0.196884
0.164487
0.178972
0.182589
0.150979
0.154569
0.158574
0.183818
0.167790
0.144979
0.214656
0.147438
0.190883
0.172126
0.157853
0.204631
0.164622
0.174908
0.153184
0.185554
0.150721
0.155664
0.164616
0.170770
0.152554
0.153066
0.152782
0.183366
0.161729
0.178379
0.182822
0.188291
0.177219
0.169904
0.157140
0.162226
0.141235
0.188235
0.182309
0.141151
0.145660
0.179700
0.208817
0.178028
0.187043
0.173742
0.153892
0.179689
0.176123
0.202315
0.174935
0.180519
0.177341
0.167676
0.162776
0.154747
0.167176
0.145207
0.177143
0.152976
0.146078
0.153505
0.149124
0.183648
0.169538
0.176335
0.196751
0.166804
0.164894
0.160672
0.185077
0.178982
0.187389
0.165812
0.149520
0.199250
0.186694
0.166844
0.206239
0.147998
0.174816
0.146731
0.142056
0.199843
0.173027
0.162328
0.170462
0.172906
0.175581
0.155915
0.160588
0.187625
0.164347
0.172282
0.159317
0.166914
0.182939
0.189147
0.157232
0.176517
0.142452
0.173863
0.164934
0.147308
0.144876
0.176715
0.152321
0.161840
0.203818
0.162060
0.171968
0.170632
0.184253
0.140722
0.159970
0.168144
0.160320
0.145627
0.201054
0.161796
0.175963
0.172365
0.154498
0.169218
0.173376
0.177611
0.135440
0.154248
0.198108
0.182212
0.155048
0.154701
0.154061
0.160424
0.158499
0.172012
0.154312
0.164994
0.127492
0.140812
0.190755
0.166780
0.160376
0.199721
0.198386
0.169734
0.168802
0.135848
0.180919
0.191324
0.150708
0.157839
0.173275
0.143305
0.159652
0.175562
0.181930
0.168449
0.148506
0.146380
0.150326
0.178806
0.180988
0.152517
