0.046741
0.183582
0.151157
0.173903
0.196654
0.252940
0.158512
0.161602
0.152300
0.165599
0.170129
0.150205
0.166534
0.183799
0.159583
0.158265
0.167232
0.160344
0.155470
0.170875
0.167940
0.150395
0.187970
0.148689
0.165479
0.165069
0.147937
0.168921
0.182493
0.169880
0.171626
0.153955
0.178061
0.168746
0.166916
0.208394
0.170564
0.181506
0.159987
0.173847
0.161797
0.168734
0.154898
0.153613
0.155576
0.158600
0.156370
0.158622
0.171566
0.162351
0.165976
0.158936
0.157403
0.145297
0.144944
0.158678
0.147696
0.185848
0.163325
0.190382
0.162386
0.151933
0.155047
0.167125
0.153105
0.150985
0.165724
0.173757
0.150908
0.210963
0.171133
0.180472
0.164870
0.163815
0.179760
0.189015
0.160457
0.199534
0.162342
0.167369
0.146508
0.221991
0.165215
0.149249
0.160954
0.195671
0.167187
0.175945
0.157428
0.164800
0.172145
0.159939
0.175427
0.189010
0.175503
0.188956
0.149369
0.157135
0.152659
0.160359
0.159180
0.166251
0.166029
0.173681
0.166988
0.164155
0.151443
0.164154
0.169961
0.155827
0.156385
0.170893
0.165019
0.156300
0.164013
0.212261
0.158988
0.173213
0.156546
0.233886
0.198146
0.179734
0.192654
0.150498
0.175073
0.152442
0.179920
0.157163
0.159297
0.154202
0.183661
0.187510
0.156022
0.153373
0.151702
0.161266
0.159366
0.156177
0.163789
0.161158
0.147928
0.176275
0.162803
0.183491
0.149378
0.153414
0.163051
0.154157
0.163050
0.150820
0.159932
0.151606
0.170662
0.157639
0.181697
0.177271
0.153694
0.151853
0.194786
0.192739
0.177588
0.153131
0.155169
0.149500
0.152569
0.145118
0.160331
0.155186
0.175367
0.191359
0.165791
0.157073
0.146422
0.182149
0.156612
0.183541
0.160793
0.170433
0.204143
0.152726
0.149130
0.164942
0.153606
0.167882
0.204247
0.159046
0.191712
0.152595
