0.00
419.72
268.16
288.86
251.13
310.43
240.64
289.30
238.28
257.63
266.03
242.71
274.01
244.09
257.50
223.65
185.71
168.23
174.67
178.00
195.43
218.53
200.22
182.60
139.93
160.67
166.00
128.46
209.82
160.46
201.80
189.76
169.41
174.42
222.57
173.65
177.21
209.51
158.08
174.07
179.84
174.84
150.19
166.86
152.58
166.16
143.35
153.88
139.70
141.60
213.13
193.44
215.44
199.73
181.75
183.58
180.51
209.24
207.63
181.78
213.44
187.28
204.92
200.81
132.49
168.75
139.73
111.94
156.42
161.71
104.62
115.71
208.07
117.59
96.46
135.22
144.34
131.04
90.76
126.24
149.71
116.22
105.53
125.01
104.95
138.05
138.79
145.58
130.34
114.84
129.95
131.02
146.99
128.05
115.59
111.75
116.50
136.28
95.18
104.14
66.70
88.50
60.30
51.34
87.16
84.13
111.89
96.53
64.78
103.26
73.88
58.40
187.81
100.33
124.01
108.45
102.07
121.03
111.26
112.16
138.27
136.78
144.13
155.39
131.18
211.45
263.08
218.13
194.57
172.76
167.46
142.34
158.47
166.25
264.44
170.80
282.74
218.87
226.43
225.11
187.83
243.50
249.35
226.85
228.58
243.48
249.00
236.86
258.31
287.03
307.26
263.47
294.63
246.18
285.60
299.02
222.39
275.33
291.86
256.02
331.73
302.24
303.16
267.00
210.93
238.82
217.84
254.21
194.80
223.74
227.05
202.43
191.04
230.13
213.41
212.27
234.35
200.56
196.05
227.21
223.51
226.92
209.06
180.01
185.02
202.28
148.76
134.95
