0.00
0.74
0.73
0.65
0.61
0.63
0.49
0.67
0.67
0.65
0.57
0.60
0.64
0.53
0.44
0.39
0.50
0.41
0.50
0.58
0.55
0.51
0.62
0.54
0.52
0.66
0.53
0.47
0.50
0.47
0.50
0.40
0.51
0.43
0.40
0.41
0.47
0.50
0.55
0.49
0.50
0.52
0.60
0.60
0.64
0.61
0.61
0.59
0.62
0.58
0.53
0.46
0.54
0.60
0.52
0.56
0.56
0.52
0.56
0.56
0.56
0.55
0.51
0.58
0.58
0.58
0.54
0.67
0.62
0.55
0.56
0.56
0.50
0.62
0.56
0.59
0.61
0.62
0.66
0.65
0.66
0.67
0.63
0.69
0.65
0.68
0.68
0.64
0.61
0.63
0.60
0.63
0.65
0.64
0.62
0.57
0.63
0.60
0.53
0.58
0.51
0.65
0.56
0.64
0.57
0.54
0.60
0.64
0.56
0.50
0.53
0.60
0.59
0.50
0.54
0.55
0.51
0.55
0.63
0.59
0.56
0.59
0.62
0.58
0.65
0.60
0.68
0.63
0.66
0.62
0.62
0.59
0.62
0.61
0.64
0.51
0.62
0.49
0.52
0.53
0.58
0.52
0.60
0.59
0.50
0.47
0.57
0.55
0.61
0.58
0.56
0.58
0.59
0.57
0.44
0.44
0.39
0.54
0.44
0.40
0.51
0.55
0.45
0.54
0.47
0.46
0.45
0.46
0.51
0.49
0.45
0.45
0.46
0.45
0.42
0.56
0.53
0.50
0.56
0.52
0.54
0.53
0.53
0.55
0.52
0.48
0.58
0.50
0.55
0.51
0.59
0.54
0.57
0.53
0.49
0.47
0.51
0.55
0.53
0.54
0.56
0.50
0.57
0.48
0.54
0.43
0.52
0.35
0.43
0.42
0.35
0.38
0.29
0.42
0.34
0.38
0.40
0.27
0.42
0.32
0.31
0.31
0.31
0.31
0.36
0.27
0.24
0.36
0.33
0.35
0.39
0.32
0.43
0.49
0.50
0.47
0.53
0.55
0.49
0.51
0.39
0.34
0.27
0.32
0.31
0.27
0.32
0.20
0.33
0.29
0.30
0.35
0.39
0.50
