0.040189
0.170901
0.152964
0.159037
0.151405
0.166770
0.164641
0.185702
0.149130
0.152952
0.155652
0.153698
0.162855
0.151530
0.151977
0.184455
0.146063
0.152704
0.177326
0.168855
0.154601
0.163297
0.163184
0.163689
0.167260
0.159837
0.155829
0.161362
0.159381
0.159155
0.162360
0.162871
0.163694
0.153755
0.217561
0.221862
0.170171
0.169397
0.152528
0.157505
0.159499
0.151779
0.159410
0.172894
0.159257
0.173793
0.159627
0.164458
0.166887
0.174587
0.152504
0.161366
0.154441
0.176880
0.158731
0.202483
0.161383
0.166874
0.178374
0.189359
0.148978
0.190199
0.180010
0.162056
0.160999
0.182178
0.160649
0.152268
0.149826
0.207819
0.156854
0.162769
0.166614
0.186840
0.175959
0.180473
0.163166
0.169658
0.194937
0.196631
0.209169
0.227969
0.182528
0.164761
0.165460
0.189163
0.179122
0.186316
0.162933
0.186280
0.153675
0.154111
0.155813
0.154929
0.154901
0.195495
0.176148
0.170867
0.176295
0.168629
0.161810
0.172848
0.168664
0.157220
0.157016
0.160472
0.158308
0.157146
0.158070
0.247276
0.175811
0.187822
0.187542
0.159307
0.176268
0.172466
0.176106
0.159364
0.160308
0.164226
0.165010
0.190229
0.173448
0.187326
0.179110
0.173333
0.175233
0.185294
0.158863
0.170178
0.229923
0.164666
0.169924
0.163052
0.164685
0.161218
0.177148
0.198024
0.197055
0.190610
0.173597
0.188358
0.165131
0.170861
0.169952
0.157218
0.170372
0.179840
0.165982
0.181903
0.211688
0.162709
0.156160
0.183167
0.161504
0.164319
0.165918
0.183995
0.160365
0.182421
0.186337
0.185769
0.178386
0.196402
0.168731
0.164534
0.166054
0.169296
0.167685
0.173415
0.167582
0.187933
0.164854
0.185669
0.172251
0.199524
0.155439
0.199014
0.180086
0.161602
0.180261
0.178083
0.185009
0.189731
0.191869
0.159123
0.183128
0.173420
0.178326
0.168754
0.184778
0.166563
0.160487
0.160657
0.172744
0.158979
0.162374
0.157882
0.171223
0.176368
0.183715
0.163729
0.183021
0.186574
0.192013
0.200669
0.167670
0.168127
0.187447
0.166878
0.175121
0.169426
0.167249
0.167034
0.175571
0.165461
0.161509
0.166078
0.208027
0.236742
0.164333
0.167137
0.188097
0.156517
0.161245
0.179143
0.153799
0.151836
0.208454
0.197575
0.149481
0.173195
0.171163
0.155236
0.163846
0.176554
0.177718
0.166610
0.185227
0.175644
0.153991
0.167423
0.196813
0.156638
0.154858
0.176402
0.160888
0.149403
0.151857
0.163146
0.232083
0.259361
0.157579
0.177804
