0.00
0.07
0.08
0.17
0.10
0.24
0.11
0.07
0.13
0.11
0.06
0.16
0.09
0.30
0.47
0.36
0.41
0.24
0.24
0.23
0.29
0.35
0.28
0.22
0.23
0.17
0.24
0.20
0.17
0.29
0.15
0.28
0.15
0.42
0.51
0.45
0.50
0.46
0.43
0.48
0.55
0.50
0.44
0.46
0.43
0.45
0.46
0.47
0.45
0.49
0.44
0.48
0.47
0.41
0.43
0.50
0.42
0.44
0.52
0.45
0.47
0.48
0.48
0.43
0.48
0.34
0.52
0.47
0.44
0.51
0.45
0.48
0.47
0.46
0.45
0.45
0.50
0.50
0.37
0.41
0.35
0.30
0.40
0.36
0.34
0.30
0.42
0.45
0.41
0.44
0.40
0.46
0.21
0.17
0.10
0.07
0.14
0.39
0.45
0.45
0.49
0.42
0.46
0.38
0.47
0.37
0.43
0.44
0.42
0.46
0.44
0.45
0.38
0.39
0.34
0.26
0.16
0.12
0.30
0.41
0.38
0.47
0.35
0.38
0.37
0.39
0.30
0.22
0.08
0.22
0.12
0.09
0.30
0.35
0.27
0.46
0.28
0.29
0.24
0.31
0.21
0.30
0.25
0.24
0.15
0.17
0.53
0.45
0.43
0.53
0.47
0.53
0.47
0.33
0.29
0.19
0.10
0.08
0.08
0.12
0.41
0.48
0.52
0.46
0.47
0.50
0.50
0.53
0.54
0.41
0.51
0.40
0.51
0.42
0.44
0.49
0.49
0.48
0.50
0.46
0.40
0.29
0.33
0.54
0.24
0.45
0.40
0.21
0.35
0.54
0.50
0.47
0.51
0.45
0.25
0.13
0.09
0.10
0.03
0.07
0.04
0.22
0.25
0.23
0.24
0.12
0.30
0.21
0.28
0.18
0.25
0.13
0.17
0.29
0.30
0.28
0.40
0.30
0.33
0.40
0.35
0.38
0.39
0.38
0.45
0.46
0.46
0.49
0.41
0.40
0.49
0.57
0.50
0.37
0.42
0.35
0.28
0.26
0.32
0.37
0.31
0.37
0.37
0.15
0.34
0.39
0.25
0.21
0.17
0.06
0.21
0.14
0.10
0.07
0.09
0.32
0.28
0.36
0.34
0.37
0.39
0.28
0.36
0.29
0.26
0.43
0.36
0.34
0.25
0.35
0.36
0.37
0.29
0.21
0.10
0.04
0.05
0.50
0.42
0.48
0.48
0.47
0.43
0.42
0.42
0.39
0.42
0.09
0.11
0.14
0.12
0.25
0.12
0.09
0.04
0.05
0.09
0.06
0.10
0.09
0.03
0.24
0.31
0.23
0.18
0.12
0.33
0.20
0.09
0.13
0.20
0.15
0.14
0.26
0.26
0.12
0.14
0.10
0.12
0.29
0.16
0.16
0.16
0.15
0.27
0.26
0.36
0.26
0.14
0.09
0.25
0.20
0.38
0.22
0.29
0.39
0.16
0.11
0.09
0.51
0.45
0.51
0.47
0.48
0.53
0.36
0.13
0.22
0.20
0.29
0.26
0.18
0.14
0.15
0.08
0.11
0.42
0.26
0.12
0.15
0.15
0.08
0.17
0.26
0.32
0.31
0.18
0.09
0.07
0.16
0.23
0.14
0.06
0.07
0.06
0.10
0.21
0.23
0.28
0.22
0.20
0.10
0.06
0.05
0.17
0.12
0.15
0.12
0.12
0.05
0.04
0.04
0.15
0.19
0.13
0.13
0.17
0.18
0.12
0.08
0.09
0.12
0.15
0.33
0.18
0.26
0.22
0.13
0.26
0.25
0.15
0.18
0.06
0.14
0.19
0.08
0.18
0.31
0.25
0.14
0.10
0.14
0.15
0.26
0.21
0.18
0.37
0.42
0.38
0.12
0.09
0.10
0.13
0.14
0.13
0.12
0.08
0.23
0.30
0.16
0.09
0.03
0.07
0.48
0.34
0.29
0.27
0.22
0.24
0.26
0.18
0.29
0.35
0.29
0.31
0.30
0.28
0.29
0.25
0.25
0.32
0.25
0.29
0.34
0.27
0.23
0.30
0.20
0.26
0.26
0.26
0.27
0.40
0.22
0.20
0.17
0.23
0.14
0.18
0.16
0.17
0.20
0.23
0.31
0.65
0.54
0.56
0.39
0.33
0.40
0.24
0.41
0.40
0.30
0.06
0.17
0.16
0.25
0.25
0.40
0.14
0.04
0.39
0.59
0.40
0.08
0.07
0.04
0.04
0.05
0.42
0.48
0.49
0.47
0.51
0.35
0.30
0.33
0.41
0.25
0.42
0.27
0.18
0.04
0.09
0.18
0.35
0.29
0.37
0.40
0.53
0.52
0.49
0.49
0.54
0.45
0.52
0.46
0.49
0.39
0.47
0.51
0.50
0.58
0.47
0.56
0.34
0.20
0.28
0.46
0.56
0.44
0.14
0.12
0.11
0.11
0.12
0.53
0.41
0.45
0.28
0.46
0.45
0.46
0.42
0.35
0.34
0.30
0.15
0.12
0.09
0.27
0.17
0.34
0.38
0.30
0.25
0.15
0.19
0.17
0.16
0.23
0.09
0.09
0.24
0.23
0.22
0.12
0.09
0.08
0.31
0.30
0.27
0.17
0.32
0.31
0.29
0.22
0.24
0.17
0.04
0.21
0.54
0.64
0.56
