0.057000
0.182665
0.147494
0.161130
0.155524
0.145632
0.186696
0.148371
0.145547
0.168849
0.178888
0.157071
0.160316
0.168900
0.151993
0.150309
0.186222
0.163019
0.155825
0.155236
0.152696
0.152144
0.151392
0.151342
0.148352
0.156972
0.161926
0.168247
0.161654
0.179326
0.162686
0.181014
0.164010
0.170894
0.152587
0.172379
0.148605
0.186671
0.178220
0.173405
0.189657
0.190998
0.150202
0.162339
0.153852
0.175542
0.180787
0.157740
0.152667
0.184059
0.165319
0.166668
0.225270
0.184276
0.153494
0.186852
0.187606
0.177993
0.168661
0.147354
0.153234
0.173931
0.165772
0.159770
0.187578
0.251502
0.172730
0.156936
0.159014
0.149488
0.160644
0.156738
0.176066
0.176710
0.160008
0.160126
0.160284
0.147050
0.158623
0.153323
0.164673
0.163693
0.164243
0.148617
0.168085
0.156488
0.152885
0.174656
0.159343
0.168723
0.150870
0.158708
0.149679
0.169552
0.164928
0.144691
0.146319
0.152330
0.152462
0.159372
0.144818
0.164047
0.149948
0.157162
0.169702
0.146018
0.158626
0.156725
0.159828
0.168868
0.154347
0.157600
0.179875
0.175716
0.197790
0.156752
0.153640
0.171287
0.151331
0.166132
0.170546
0.162657
0.180715
0.229230
0.163908
0.164938
0.176317
0.165987
0.172115
0.178957
0.164630
0.158860
0.189782
0.189440
0.146584
0.155618
0.177305
0.183458
0.206369
0.165057
0.152758
0.148371
0.152054
0.165886
0.147540
0.153120
0.154915
0.174351
0.154808
0.171698
0.153213
0.178592
0.211168
0.224420
0.168367
0.157619
0.167527
0.149539
0.160589
0.155399
0.179842
0.179280
0.167062
0.177741
0.161901
0.171870
0.173677
0.169880
0.156810
0.197313
0.222233
0.159962
0.148363
0.163285
0.152059
0.149658
0.159797
0.165771
0.145483
0.149540
0.198422
0.164728
0.150513
0.158432
0.172115
0.159761
0.165050
0.152753
0.160324
0.151384
0.172559
0.194293
0.161968
0.184424
0.158539
0.153433
0.151116
0.151569
0.148694
0.159381
0.160237
0.158572
0.157078
0.147867
0.199058
0.164063
0.158309
0.153228
0.150358
0.151161
0.156603
0.172436
0.158393
0.163185
0.200191
0.163866
0.151502
0.161334
0.173869
0.159966
0.152441
0.186623
0.194946
0.175142
0.165953
0.180101
0.143844
0.157071
0.145058
0.150008
0.179510
0.168201
0.147092
0.176495
0.176288
0.177760
0.146791
0.151090
0.150587
0.149124
0.150400
0.166760
0.170135
0.181273
0.176401
0.193799
0.170351
0.151655
0.149916
0.145706
0.170323
0.159841
0.150099
0.194665
0.156367
0.211815
0.160403
0.156049
0.181939
0.158553
0.171574
0.188252
0.165889
0.193004
0.164765
0.168553
0.150160
0.189722
0.189381
0.156214
0.156641
0.157132
0.145331
0.159601
0.166327
0.165710
0.175175
0.186745
0.165341
0.193573
0.151096
0.149817
0.153384
0.172210
0.153402
0.164855
0.146709
0.201468
0.162953
0.180351
0.150416
0.151892
0.152152
0.165798
0.150576
0.172352
0.157157
0.162233
0.168217
0.153033
0.161940
0.178709
0.210595
0.173652
0.211116
0.223586
0.171903
0.185087
0.174771
0.148684
0.224173
0.248028
0.158243
0.146951
0.158617
0.174165
0.151623
0.147582
0.155458
0.176717
0.157435
0.153432
0.172220
0.149204
0.157009
0.194724
0.192013
0.160980
0.180389
0.199751
0.172614
0.162355
0.142840
0.156539
0.181371
0.148985
0.153184
0.177161
0.225088
0.170901
0.153755
0.175424
0.155160
0.150349
0.143339
0.176799
0.156651
0.180129
0.152312
0.151958
0.174702
0.154570
0.156378
0.193459
0.148257
0.154100
0.152453
0.158766
0.169531
0.170896
0.164062
0.151157
0.161435
0.187768
0.159801
0.180099
0.195168
0.244419
0.195165
0.175237
0.172816
0.156278
0.165589
0.181466
0.174453
0.169342
0.163188
0.162513
0.173269
0.215856
0.165459
0.176988
0.176466
0.172984
0.176775
0.192357
0.189104
0.150857
0.183749
0.163527
0.162366
0.150723
0.179082
0.157512
0.155914
0.149474
0.150412
0.169312
0.151222
0.182798
0.180642
0.175110
0.160429
0.152385
0.159967
0.203960
0.204674
0.187408
0.206892
0.190006
0.154380
0.189288
0.195893
0.183906
0.197157
0.207125
0.161984
0.172911
0.172175
0.164788
0.158738
0.150404
0.154974
0.163380
0.149518
0.155391
0.153401
0.163398
0.162008
0.184563
0.193586
0.148145
0.161997
0.199675
0.181219
0.194779
0.167139
0.182331
0.198630
0.148169
0.193697
0.163805
0.196662
0.233783
0.207696
0.212855
0.225828
0.219779
0.193725
0.207556
0.199855
0.193616
0.198071
0.217677
0.223854
0.196880
0.215992
0.205571
0.211679
0.189017
0.192183
0.188348
0.197306
0.207575
0.173480
0.158312
0.198619
0.153733
0.182175
0.162713
0.160789
0.151380
0.159191
0.143064
0.172952
0.156028
0.156531
0.166910
0.154694
0.165839
0.145211
0.151117
0.156643
0.129581
0.137914
0.186643
0.163879
0.150831
0.125037
0.148264
0.160861
0.174276
0.155760
0.191285
0.169889
0.149857
0.152539
0.161914
0.148511
0.139349
0.160465
0.153974
0.159878
0.131857
0.138825
0.189901
0.195540
0.190063
0.175065
0.178810
0.186533
0.182005
0.183044
0.188656
0.246017
0.199299
0.165697
0.170240
0.176110
0.191367
0.160934
0.167999
0.187341
0.165390
0.193664
0.172791
0.164678
0.181329
0.158003
0.157939
0.171662
0.212286
0.163396
0.183754
0.218560
0.183544
0.169333
0.169986
0.189449
0.171541
0.179224
0.160372
0.170269
0.175634
0.169033
0.190635
0.159338
0.179739
0.197616
0.215433
0.185346
0.163992
0.165683
0.163555
0.173970
0.200511
0.216466
0.209661
0.181622
0.187850
0.172955
0.183934
0.163564
0.162130
0.163794
0.178551
0.188906
0.177324
0.176141
0.184654
0.175386
0.185426
0.224915
0.148717
0.145420
0.146527
0.199449
0.173708
0.187417
0.186214
0.179326
0.164760
0.177029
0.198046
0.190068
0.215331
0.146646
0.162022
0.158484
0.175937
0.186748
0.173303
0.188783
0.185311
0.211255
0.204281
0.197051
0.204282
0.166810
0.176871
0.194817
0.198548
0.188861
0.163213
0.155140
0.159753
0.203873
0.183960
0.184508
0.200221
0.174909
0.178855
0.158066
0.168902
0.212078
0.175657
0.153877
0.194433
0.188840
0.175344
0.185598
0.191698
0.179999
0.162857
0.150003
0.165022
0.162226
0.143351
0.224846
0.152022
0.179335
0.165500
0.179126
0.203375
0.173621
0.194339
0.184754
0.181779
0.163382
0.169141
0.192664
0.162653
0.178583
0.198022
0.176697
0.165938
0.202738
0.191421
0.173795
0.212470
0.212251
0.215297
0.187903
0.199462
0.194061
0.190511
0.199457
0.231523
0.214670
0.168402
0.195206
0.184920
0.162551
0.144936
0.145256
0.168660
0.177274
0.197280
0.129277
0.144966
0.215361
0.174254
0.160630
0.180384
0.209481
0.200876
0.215733
0.190322
0.185966
0.182644
0.204512
0.180507
0.184908
0.218261
0.156847
0.169730
0.189244
0.191004
0.162838
0.172243
0.189127
0.177991
0.181201
0.176628
0.189420
0.175226
0.189662
0.189152
0.170405
0.171870
0.174228
0.204878
0.160732
0.146677
0.167344
0.166339
0.199191
0.195450
0.204924
0.175156
0.174590
0.186794
0.172104
0.168272
0.164378
0.249598
0.197615
0.186829
0.183316
0.168982
0.170942
0.152396
0.169000
0.171323
0.182385
0.171180
0.195171
0.187674
0.161592
0.176132
0.219545
0.200062
0.248172
0.180975
0.189883
0.156171
0.188091
0.197113
0.193822
0.177051
0.170449
0.201239
0.172693
0.190846
0.175702
0.182755
0.163649
0.185385
0.181959
0.154714
0.163047
0.177277
0.150951
0.192225
0.153972
0.147823
0.158637
0.164339
0.168759
0.169708
0.172265
0.174790
0.156845
0.170041
0.212107
0.172961
0.171714
0.167021
0.198239
0.207086
0.181246
0.157117
0.188900
0.207723
0.217313
0.196079
0.173125
0.149104
0.213551
0.197915
0.179770
0.158697
0.163746
0.161045
0.201421
0.145397
0.176924
0.171197
0.169094
0.176554
0.184265
0.198077
0.225813
0.211847
0.190321
0.174180
0.191449
0.250243
0.213246
0.220432
0.202039
0.197927
0.168137
0.175035
0.171860
0.181965
0.190195
0.210186
0.201651
0.188445
0.139516
0.150592
0.192276
0.192709
0.165595
0.169580
0.143972
0.160890
0.174324
0.202820
0.184004
0.190801
0.186279
0.159711
0.196780
0.218973
0.199539
0.156738
0.136889
0.156621
0.190199
0.159591
0.173380
0.175587
0.164020
0.177264
0.185198
0.190039
0.196699
0.172137
0.174837
0.179688
0.152967
0.158553
0.173241
0.146421
0.152487
0.181379
0.174090
0.138645
0.165828
0.178653
0.164262
0.167409
0.179639
0.151348
0.215129
0.197352
0.184814
0.162101
0.235801
0.195769
0.214099
0.183728
0.194527
0.180889
0.210165
0.165146
0.153180
0.168953
0.170598
0.198669
0.193220
0.170903
0.195328
0.169901
0.194100
0.171699
0.168220
0.205940
0.195172
0.169078
0.162089
0.173279
0.169448
0.183023
0.177616
0.184321
0.166820
0.139517
0.172681
0.152993
0.167441
0.171585
0.149879
0.172725
0.161608
0.132792
0.162898
0.171494
0.174085
0.144007
0.165609
0.152172
0.197517
0.198961
0.182436
0.178308
0.179265
0.200880
0.179880
0.165864
0.175304
0.210689
0.169836
0.167818
0.186549
0.193298
0.189719
0.162262
0.159632
0.156321
0.172194
0.154775
0.175490
0.163946
0.158493
0.130817
0.181413
0.206343
0.174541
0.131970
0.184703
0.197416
0.165261
0.203142
0.164424
0.173653
0.196946
0.180134
0.168147
0.209342
0.182956
0.145753
0.163022
0.168073
0.188440
0.158950
0.154512
0.159196
0.165440
0.148343
0.194003
0.168005
0.172578
0.186804
0.174302
0.188386
0.199704
0.215288
0.200882
0.169737
0.138956
0.158578
0.203281
0.165339
0.161393
0.174250
0.198128
0.190646
0.184054
0.199610
0.210351
0.172879
0.172877
0.150674
0.180104
0.174782
0.147608
0.186489
0.153010
0.171276
0.192335
0.206964
0.194613
0.169956
0.173848
0.186265
0.175692
0.176063
0.231402
0.203264
0.260772
0.182950
0.178529
0.216426
0.171895
0.179692
0.149975
0.156857
0.154892
0.169999
0.163814
0.151586
0.162443
0.160390
0.211282
0.176626
0.209561
0.181048
0.191660
0.148142
0.173874
0.188026
0.187207
0.183079
0.160648
0.205041
0.173463
0.205056
0.247742
0.195906
0.172677
0.178657
0.155031
0.184734
0.175430
0.161141
0.189193
0.155635
0.185946
0.143467
0.172463
0.167456
0.164922
0.157214
0.178738
0.173387
0.184538
0.213245
0.161865
0.182563
0.159536
0.217361
0.202576
0.193817
0.184640
0.153544
0.157838
0.167841
0.199930
0.169812
0.149215
0.182286
0.185125
0.206181
0.154494
0.161390
0.255767
0.162506
0.211625
0.200649
0.197605
0.170161
0.168884
0.199776
0.222950
0.186715
0.144435
0.180455
0.173124
0.170484
0.160506
0.194247
0.143777
0.184069
0.183696
0.165797
0.147015
0.156226
0.189654
0.143534
0.135523
0.189833
0.186727
0.179384
0.191687
0.221605
0.202274
0.166152
0.167821
0.164227
0.155745
0.175178
0.155406
0.177305
0.179301
0.161656
0.186203
0.175807
0.162365
0.178160
0.164337
0.157862
0.178712
0.182979
0.161237
0.135235
0.183867
0.198519
0.199363
0.193296
0.169990
0.194609
0.198932
0.170825
0.172697
0.177359
0.144982
0.166272
0.172378
0.175794
0.202568
0.175874
0.203806
0.214133
0.167079
0.163613
0.192637
0.182783
0.164434
0.183677
0.182596
0.200317
0.192302
0.207830
0.160596
0.214961
0.184313
0.156861
0.154116
0.156592
0.175870
0.166764
0.158113
0.141444
0.176959
0.208302
0.180723
0.178216
0.181363
0.186477
0.193883
0.159266
0.167813
0.190540
0.173508
0.188624
0.177202
0.191813
0.153837
0.212061
0.167841
0.182769
0.194971
0.181996
0.197124
0.178234
0.168735
0.159824
0.185877
0.185426
0.193206
0.159119
0.162052
0.182429
0.171819
0.175151
0.176935
0.181641
0.174299
0.147141
0.185984
0.157208
0.211124
0.160408
0.181151
0.185907
0.226801
0.157509
0.167472
0.180259
0.180890
0.201569
0.164573
0.180921
0.161815
0.167311
0.183439
0.181705
0.183970
0.216669
0.204350
0.160367
0.158751
0.182858
0.156212
0.169544
0.165761
0.175745
0.190526
0.140073
0.170855
0.174500
0.171326
0.158877
0.179310
0.207605
0.177960
0.172240
0.156356
0.202833
0.165445
0.185484
0.172896
0.163298
0.168207
0.180932
0.171396
0.181827
0.181705
0.162344
0.168927
0.170364
0.163675
0.163160
0.191213
0.174044
0.194409
0.153909
0.193104
0.192706
0.142458
0.181326
0.153122
0.166594
0.173976
0.152753
0.177751
0.186347
0.180181
0.210187
0.189270
0.194168
0.208639
0.166277
0.172231
0.172112
0.166679
0.218843
0.189930
0.155984
0.210176
0.158722
0.180774
0.174096
0.171714
0.161550
0.160476
0.191428
0.191528
0.176810
0.180063
0.192451
0.181740
0.176012
0.151930
0.162729
0.179907
0.147724
0.191967
0.153288
0.179720
0.183528
0.201276
0.201624
0.163032
0.159785
0.157577
0.171772
0.173418
0.207383
0.198764
0.169621
0.170176
0.190964
0.181937
0.152249
0.166730
0.135922
0.149621
0.155999
0.210634
0.212592
0.159780
0.186944
0.202897
0.161989
0.160822
0.165441
0.152773
0.155977
0.186485
0.173944
0.158629
0.177820
0.156534
0.146351
0.172910
0.173771
0.178040
0.177218
0.193570
0.144399
0.170526
0.174446
0.173398
0.188411
0.158858
0.186082
0.171998
0.186952
0.165003
0.198722
0.212922
0.169158
0.165740
0.193815
0.176373
0.161046
0.135624
0.179802
0.183521
0.167691
0.165956
0.182239
0.165241
0.203834
0.167642
0.181087
0.184786
0.156935
0.160992
0.198725
0.183728
0.150779
0.165337
0.129954
0.167799
0.174987
0.184496
0.182206
0.166062
0.210865
0.183240
0.196731
0.192266
0.211982
0.207895
0.212987
0.172064
0.182239
0.172868
0.145808
0.177015
0.156684
0.179791
0.176837
0.150613
0.147424
0.167423
0.191420
0.173143
0.158525
0.156192
0.150460
0.177164
0.237047
0.186811
0.154460
0.178903
0.185456
0.168713
0.164716
0.182179
0.181002
0.174166
0.183084
0.193069
0.151656
0.202035
0.151211
0.166394
0.169142
0.214296
0.192537
0.171495
0.202249
0.217553
0.173931
0.225912
0.170974
0.162627
0.181423
0.163459
0.195147
0.170607
0.175391
0.186872
0.173765
0.190763
0.178550
0.201577
0.184430
0.213639
0.157073
0.172009
0.155448
0.165080
0.151183
0.192488
0.166534
0.165040
0.172232
0.223818
0.179603
0.195845
0.221966
0.219407
0.181304
0.164549
0.160976
0.164523
0.183357
0.164917
0.176894
0.154090
0.176702
0.168051
0.191736
0.211451
0.150474
0.165828
0.151699
0.173894
0.164699
0.182828
0.156603
0.182592
0.199856
0.171229
0.170497
0.170989
0.155442
0.185947
0.205669
0.195167
0.186602
0.196446
0.182832
0.161408
0.181327
0.170135
0.200188
0.145191
0.163419
0.176955
0.188885
0.188950
0.157876
0.178174
0.180784
0.204573
0.183761
0.159257
0.159640
0.169918
0.155550
0.194606
0.219935
0.183027
0.221574
0.223661
0.202510
0.204716
0.197161
0.231795
0.250103
0.206668
0.159961
0.199174
0.185059
0.232939
0.166395
0.171059
0.158582
0.185577
0.194877
0.177310
0.187962
0.146236
0.178621
0.189192
0.161966
0.162037
0.183697
0.201621
0.179758
0.225973
0.157258
0.182579
0.224377
0.184812
0.171456
0.177288
0.187281
0.195169
0.165006
0.170830
0.138523
0.190529
0.153946
0.205010
0.172517
0.208776
0.237324
0.185548
0.162728
0.156606
0.167963
0.157551
0.166038
0.198085
0.195594
0.167781
0.184258
0.196411
0.163225
0.150799
0.170772
0.182362
0.189029
0.205223
0.231870
0.189485
0.189112
0.162984
0.192541
0.180399
0.173168
0.187004
0.196673
0.184544
0.173873
0.195924
0.161914
0.157730
0.172685
0.199819
0.156160
0.162917
0.178715
0.152868
0.197224
0.191438
0.168488
0.169206
0.185326
0.179725
0.186309
0.207710
0.180197
0.165313
0.166470
0.192904
0.169904
0.171364
0.169884
0.194802
0.194720
0.161951
0.152621
0.193305
0.162267
0.205718
0.178258
0.214500
0.192519
0.175976
0.202619
0.193951
0.188499
0.191541
0.170803
0.191504
0.165765
0.175023
0.181668
0.243867
0.188704
0.177780
0.192314
0.198837
0.171553
0.211903
0.163606
0.205673
0.215529
0.195219
0.191548
0.162498
0.183615
0.181428
0.166354
0.155389
0.176597
0.186131
0.155362
0.180987
0.192559
0.171215
0.186918
0.197063
0.200415
0.160380
0.158165
0.168425
0.188294
0.223017
0.165471
0.171030
0.176523
0.158440
0.188320
0.186392
0.156004
0.184484
0.204997
0.176111
0.169390
0.202007
0.164088
0.165688
0.173912
0.195973
0.201508
0.189564
0.197650
0.200281
0.214155
0.207698
0.185387
0.169716
0.208492
0.200114
0.208370
0.176521
0.160490
0.202213
0.178304
0.180183
0.162848
0.200879
0.223316
0.239281
0.209152
0.210551
0.171722
0.172605
0.199728
0.245422
0.220870
0.161201
0.225236
0.215136
0.189860
0.232868
0.209751
0.183475
0.178865
0.226128
0.209692
0.224282
0.203170
0.188066
0.175499
0.175253
0.168614
0.169062
0.177686
0.186832
0.199448
0.166164
0.197801
0.203548
0.192320
0.164461
0.195601
0.259412
0.190008
0.191212
0.193268
0.181741
0.186372
0.188810
0.176583
0.188373
0.182030
0.181200
0.165158
0.171692
0.182947
0.189847
0.186177
0.161007
0.197916
0.185587
0.180622
0.164642
0.175797
0.184466
0.181233
0.168074
0.187891
0.180136
0.184793
0.217822
0.258866
0.189159
0.181294
0.186968
0.219410
0.166821
0.179633
0.185743
0.213122
0.194101
0.188323
0.197133
0.189757
0.209240
0.183589
0.163305
0.199147
0.155665
0.171580
0.186471
0.169105
0.176634
0.186718
0.165680
0.169155
0.168203
0.192673
0.175199
0.227258
0.185420
0.185656
0.185789
0.206367
0.192246
0.195688
0.194835
0.209172
0.253020
0.209276
0.227908
0.188023
0.194935
0.196196
0.202407
0.215167
0.202365
0.162655
0.191569
0.237603
0.193830
0.141145
0.175697
0.192479
0.176920
0.192916
0.202939
0.161467
0.173061
0.182122
0.189908
0.177317
0.178420
0.243378
0.194900
0.186987
0.181518
0.221946
0.243868
0.191899
0.178917
0.220111
0.208966
0.193708
0.178873
0.186669
0.256159
0.209381
0.199115
0.182693
0.196200
0.183326
0.180654
0.186840
0.165665
0.151753
0.245345
0.226965
0.178733
0.168732
0.174831
0.164542
0.188182
0.167772
0.164623
0.171750
0.173063
0.211929
0.226458
0.182468
0.192828
0.186074
0.162002
0.189765
0.197113
0.200636
0.220109
0.166702
0.166779
0.176053
0.176140
0.165998
0.194083
0.165028
0.213685
0.218736
0.183824
0.169610
0.170075
0.162662
0.157024
0.202287
0.168231
0.168786
0.192756
0.175538
0.161005
0.174050
0.180874
0.151218
0.140280
0.172494
0.170652
0.162575
0.167173
0.159496
0.185303
0.141068
0.156291
0.179147
0.170466
0.186793
0.196673
0.163167
0.158412
0.174664
0.178621
0.167262
0.181796
0.178010
0.173440
0.190069
0.219800
0.155333
0.163986
0.158585
0.170685
0.187325
0.167145
0.158252
0.166965
0.151080
0.148395
0.155723
0.143626
0.155044
0.184510
0.175518
0.157021
0.175900
0.175212
0.191319
0.179419
0.192654
0.196147
0.181118
0.164856
0.188166
0.184497
0.184918
0.224444
0.165340
0.159745
0.148036
0.144479
0.161552
0.169656
0.163962
0.198080
0.214957
0.176735
0.165695
0.179842
0.191256
0.201724
0.183993
0.178421
0.187240
0.177904
0.190779
0.174985
0.182843
0.211833
0.179495
0.192818
0.158956
0.168321
0.153804
0.174300
0.171515
0.169856
0.185246
0.185185
0.180921
0.163094
0.197622
0.181070
0.169559
0.145208
0.175610
0.184528
0.171142
0.186896
0.196620
0.182053
0.172568
0.170066
0.144080
0.153368
0.168599
0.170620
0.168350
0.168843
0.174020
0.171291
0.154718
0.180727
0.164697
0.156792
0.163395
0.158517
0.188078
0.185642
0.169515
0.161358
0.173092
0.169626
0.196845
0.175914
0.152404
0.173570
0.156660
0.192785
0.170306
0.154902
0.171068
0.148411
0.162497
0.227783
0.192494
0.173825
0.160154
0.170084
0.159684
0.169276
0.160717
0.186417
0.173579
0.194872
0.165052
0.208086
0.168739
0.171294
0.178888
0.174676
0.171351
0.159813
0.239049
0.186599
0.146028
0.188586
0.202863
0.175274
0.190958
0.177523
0.169405
0.160350
0.156359
0.172152
0.169415
0.147419
0.157809
0.146182
0.205013
0.184790
0.176106
0.143869
0.192785
0.204015
0.182697
0.184192
0.164101
0.178745
0.141225
0.169841
0.160090
0.184505
0.169702
0.170258
0.194800
0.162108
0.171783
0.141550
0.209503
0.165455
0.178528
0.179032
0.166827
0.163666
0.171561
0.189544
0.170189
0.159632
0.157677
0.179634
0.168095
0.159932
0.173141
0.171431
0.236068
0.154523
0.165663
0.188209
0.182024
0.168585
0.167688
0.158219
0.150835
0.149647
0.153733
0.169292
0.153345
0.158691
0.141458
0.163484
0.143389
0.159911
0.154870
0.174957
0.153530
0.157192
0.167352
0.174048
0.180934
0.208416
0.174453
0.148198
0.173632
0.168953
0.162764
0.158480
0.179663
0.149027
0.177635
0.149105
0.175259
0.158962
0.125579
0.152148
0.152664
0.162676
0.159138
0.145860
0.180884
0.152453
0.155326
0.141193
0.171940
0.180818
0.148594
0.175942
0.154809
0.159871
0.187853
0.165809
0.192808
0.196926
0.188924
0.170300
0.178626
0.154051
0.158854
0.155733
0.194910
0.181816
0.175217
0.185061
0.153784
0.159495
0.200164
0.226627
0.207961
0.153604
0.172438
0.171409
0.161357
0.167025
0.147461
0.171607
0.179059
0.157151
0.184032
0.168138
0.160297
0.176524
0.159086
0.181458
0.211099
0.172930
0.193126
0.154145
0.155809
0.184725
0.173002
0.150464
0.174272
0.178345
0.167378
0.152182
0.164459
0.152868
0.162155
0.195898
0.190051
0.170939
0.192843
0.175262
0.150547
0.143867
0.144783
0.169975
0.181811
0.144829
0.187047
0.144098
0.135834
0.160636
0.161230
0.178792
0.156536
0.144309
0.144508
0.159688
0.135954
0.177495
0.147427
0.160598
0.154553
0.171991
0.177431
0.160412
0.173182
0.181083
0.159412
0.145093
0.148523
0.174441
0.162007
0.162519
0.145193
0.193266
0.161191
0.189789
0.164428
0.170152
0.183750
0.169169
0.164697
0.178730
0.191542
0.154374
0.147358
0.163459
0.182331
0.159416
0.174827
0.175842
0.164888
0.154254
0.151585
0.154901
0.204755
0.158398
0.160708
0.168815
0.176815
0.136865
0.155505
0.158359
0.152477
0.188808
0.146739
0.210135
0.149997
0.172054
0.172584
0.157120
0.154925
0.145222
0.152734
0.163946
0.152361
0.157623
0.191806
0.174316
0.160694
0.162033
0.186529
0.156740
0.164237
0.156462
0.178029
0.173090
0.157849
0.155297
0.147321
0.143873
0.132086
0.149587
0.114892
0.144799
0.163712
0.185768
0.195632
0.160313
0.146813
0.156998
0.149344
0.160260
0.157542
0.181003
0.165480
0.178343
0.160059
0.177663
0.158662
0.177872
0.192768
0.181065
0.192541
0.142921
0.159693
0.161841
0.158098
0.166340
0.182706
0.176164
0.168943
0.176605
0.157344
0.177433
0.174050
0.159381
0.168383
0.200427
0.144080
0.165218
0.157882
0.183711
0.173380
0.175531
0.173399
0.160000
0.139505
0.154932
0.172324
0.170388
0.143732
0.184759
0.163642
0.144136
0.173137
0.168551
0.150181
0.174884
0.157799
0.158601
0.145326
0.150832
0.186178
0.173911
0.146182
0.153658
0.142022
0.162786
0.143794
0.165233
0.158665
0.151070
0.151863
0.143987
0.164780
0.173299
0.164658
0.163667
0.149548
0.158431
0.187279
0.157838
0.137074
0.216003
0.169351
0.136377
0.160671
0.159771
0.157468
0.168516
0.165867
0.179647
0.164543
0.181335
0.162231
0.166823
0.145213
0.200386
0.157640
0.166197
0.187991
0.157552
0.188037
0.150257
0.180979
0.150989
0.145421
0.160532
0.163456
0.168205
0.154740
0.225454
0.143522
0.193513
0.169198
0.167674
0.168046
0.187036
0.180882
0.153066
0.186871
0.180761
0.186339
0.175713
0.182625
0.183672
0.143482
0.162344
0.134975
0.161250
0.160664
0.183927
0.171416
0.145015
0.143440
0.163181
0.158059
0.151795
0.145981
0.162042
0.145057
0.159255
0.128863
0.130701
0.173726
0.175846
0.165399
0.159668
0.177508
0.168190
0.156911
0.162290
0.146898
0.180241
0.189143
0.164301
0.129606
0.134730
0.136111
0.159160
0.145001
0.148543
0.179028
0.152236
0.145455
0.163555
0.166671
0.181448
0.170450
0.168988
0.159775
0.213691
0.176345
0.176700
0.200353
0.190756
0.163645
0.159202
0.195239
0.180516
0.184180
0.172317
0.151832
0.171493
0.143883
0.167325
0.174419
0.171202
0.148703
0.143692
0.155768
0.162711
0.131516
0.147369
0.150107
0.187785
0.171412
0.162108
0.138987
0.146528
0.212900
0.194739
0.150078
0.155500
0.155458
0.179973
0.159745
0.162085
0.143948
0.174168
0.171357
0.155250
0.172802
0.154961
0.157124
0.144335
0.194575
0.154263
0.137083
0.164103
0.150393
0.170561
0.145817
0.153509
0.158263
0.150471
0.164106
0.160081
0.157202
0.177702
0.157682
0.155990
0.170596
0.175530
0.174272
0.173549
0.172078
0.135903
0.170073
0.210114
0.202106
0.168809
0.153204
0.166154
0.154972
0.177948
0.176944
0.136579
0.166609
0.206461
0.177191
0.177238
0.173917
0.164265
0.145147
0.152429
0.164848
0.167399
0.167167
0.148894
0.145467
0.140733
0.125961
0.195609
0.162301
0.179656
0.171711
0.191043
0.183621
0.158109
0.189239
0.148335
0.179155
0.151991
0.196783
0.135034
0.134372
0.168253
0.186518
0.166911
0.163415
0.147894
0.157531
0.153400
0.188854
0.160980
0.160210
0.198536
0.146844
0.156123
0.146128
0.189047
0.185550
0.176290
0.178852
0.135640
0.187186
0.164901
0.146573
0.147953
0.148898
0.153768
0.152414
0.160234
0.164613
0.186693
0.159134
0.179951
0.182891
0.181582
0.162205
0.174799
0.165470
0.157816
0.151016
0.195446
0.151046
0.152718
0.186707
0.153776
0.169297
0.167084
0.179183
0.176119
0.118041
0.161999
0.172179
0.152825
0.145644
0.182462
0.143314
0.165908
0.202555
0.154656
0.166632
0.160939
0.167364
0.201730
0.179258
0.153602
0.163573
0.151510
0.170173
0.166828
0.186473
0.157087
0.176840
0.158669
0.148037
0.190392
0.146434
0.181806
0.158013
0.169098
0.153507
0.156673
0.173906
0.206419
0.177617
0.180909
0.172471
0.181128
0.169359
0.163230
0.177636
0.193352
0.182020
0.177125
0.205304
0.153474
0.156359
0.167048
0.175245
0.162825
0.152045
0.180031
0.174028
0.150367
0.196998
0.172891
0.161325
0.149284
0.171562
0.186884
0.147316
0.164360
0.180326
0.209619
0.157177
0.133165
0.168104
0.181528
0.199063
0.186698
0.199347
0.169001
0.168969
0.160147
0.178701
0.150439
0.162243
0.145919
0.149811
0.162647
0.145387
0.142837
0.156730
0.186765
0.199093
0.156983
0.157388
0.156696
0.175714
0.187501
0.162999
0.170482
0.184544
0.165038
0.154364
0.164996
0.151679
0.172768
0.155555
0.202793
0.169783
0.156019
0.177473
0.188321
0.167020
0.143821
0.160520
0.156266
0.178981
0.148870
0.218772
0.168591
0.186883
0.152164
0.168544
0.147882
0.182167
0.168422
0.162753
0.187010
0.186932
0.144906
0.147331
0.190386
0.187314
0.181133
0.178207
0.148274
0.148384
0.187772
0.124985
0.132290
0.110630
0.149578
0.142283
0.136537
0.133864
0.148972
0.131153
0.143755
0.140013
0.136814
0.119760
0.154874
0.145053
0.154552
0.138808
0.167694
0.141476
0.144371
0.134346
0.149309
0.162029
0.177136
0.141111
0.126153
0.155220
0.148178
0.138087
0.137910
0.161100
0.136767
0.148075
0.127058
0.150022
0.136442
0.147681
0.135858
0.128371
0.258625
0.152105
0.220029
0.198701
0.184732
0.181793
0.220006
0.216341
0.188047
0.171634
0.186063
0.156026
0.164226
0.186827
0.184078
0.172097
0.202793
0.167806
0.175646
0.167468
0.220002
0.185440
0.216290
0.188775
0.177977
0.184482
0.185714
0.191189
0.182605
0.187551
0.171283
0.179285
0.189904
0.183198
0.190227
0.178447
0.184702
0.192321
0.168805
0.176816
0.175075
0.175332
0.162310
0.149930
0.160936
0.186414
0.162745
0.176010
0.152296
0.146540
0.221884
0.195998
0.169718
0.177992
0.190821
0.187224
0.188472
0.186084
0.180577
0.187851
0.172895
0.158414
0.207383
0.172728
0.164736
0.180545
0.177611
0.197401
0.167368
0.195649
0.179273
0.176714
0.173187
0.171209
0.181372
0.170841
0.179995
0.167383
0.154325
0.145817
0.174670
0.172321
0.154026
0.157491
0.168111
0.161077
0.184712
0.180572
0.178571
0.205740
0.177477
0.177583
0.179942
0.202837
0.209873
0.169095
0.194337
0.163787
0.168002
0.191455
0.174734
0.183271
0.187945
0.182186
0.204354
0.181091
0.180451
0.172257
0.174230
0.187943
0.178432
0.152217
0.191535
0.179867
0.211135
0.185831
0.167172
0.149510
0.158192
0.240759
0.196964
0.159437
0.172568
0.190991
0.191734
0.157077
0.204448
0.176457
0.166559
0.155300
0.166517
0.145946
0.146119
0.165057
0.150059
0.170883
0.197701
0.188155
0.152195
0.177306
0.190106
0.184241
0.211375
0.169653
0.155217
0.152542
0.193472
0.168856
0.155402
0.159503
0.161367
0.170493
0.179153
0.161860
0.184797
0.158972
0.154948
0.161083
0.169670
0.195690
0.168025
0.181611
0.155179
0.181202
0.174931
0.167969
0.146146
0.167047
0.142697
0.164450
0.165902
0.177576
0.173162
0.163669
0.173050
0.197894
0.197475
0.170226
0.203223
0.165635
0.152141
0.171453
0.154276
0.175926
0.177914
0.175253
0.163095
0.163518
0.159815
0.175631
0.231163
0.168884
0.189751
0.171995
0.169656
0.144146
0.164024
0.209454
0.179311
0.199200
0.217930
0.200540
0.165685
0.169800
0.192653
0.174117
0.179659
0.168974
0.150174
0.171664
0.169853
0.184719
0.160900
