0.00
455.41
489.08
359.93
510.04
536.21
511.81
537.20
493.18
525.03
551.78
546.53
470.71
559.24
544.58
558.11
530.19
560.49
557.64
550.61
552.28
557.65
549.32
554.13
555.00
561.00
548.34
551.19
556.67
543.95
541.38
552.88
553.17
542.30
542.83
550.76
547.03
546.54
532.40
548.15
552.00
549.63
551.97
542.94
544.74
538.25
552.94
542.48
537.85
546.10
553.97
524.78
549.85
545.62
551.66
529.54
540.00
543.02
501.28
541.69
543.49
551.72
531.75
552.92
549.23
532.30
550.68
553.90
546.72
555.10
528.93
547.92
504.84
541.00
555.76
511.95
548.83
549.25
545.83
539.45
550.56
519.08
539.39
532.82
548.74
552.95
520.68
550.75
549.21
553.31
552.65
548.16
534.10
554.05
544.84
542.27
542.59
548.62
540.66
508.86
529.44
537.84
536.04
548.71
546.68
516.36
544.79
547.44
544.07
546.78
541.30
548.75
531.95
548.92
543.55
525.88
531.67
547.63
551.98
540.98
521.59
539.45
542.92
544.65
536.33
527.06
542.28
552.04
541.86
546.30
533.86
542.15
540.37
551.09
553.76
538.41
553.72
546.79
552.81
526.23
538.36
532.85
549.74
528.50
509.33
542.02
542.71
500.70
540.02
544.22
494.30
543.58
546.42
523.42
540.04
537.54
539.85
538.83
531.56
515.62
542.96
543.80
537.43
545.62
538.74
537.89
545.74
539.54
534.24
539.24
547.53
535.36
527.80
546.17
545.07
534.19
538.00
543.92
546.61
531.65
539.55
537.72
532.61
544.14
543.41
542.73
543.19
521.48
543.29
543.32
547.50
549.67
542.90
544.94
548.12
536.59
549.57
520.20
549.74
533.57
535.40
546.75
539.76
549.40
531.02
551.86
548.38
546.54
548.61
538.35
545.73
533.82
547.50
545.65
525.35
541.93
515.57
544.63
549.75
531.72
547.48
545.64
541.40
542.08
537.51
548.81
546.91
545.69
521.55
548.59
540.58
550.14
547.58
522.91
543.26
541.58
545.11
531.94
532.41
532.25
541.94
538.96
547.32
511.07
539.17
540.63
534.80
536.41
540.44
539.20
534.54
532.48
538.95
538.12
543.60
515.99
536.96
538.06
533.12
539.42
506.83
532.58
526.58
544.85
527.81
532.41
545.19
537.96
542.24
508.37
528.78
547.77
526.45
533.12
540.16
531.13
535.51
541.03
544.48
545.66
549.55
542.73
548.43
544.80
549.27
547.37
550.57
538.18
549.42
530.52
509.09
524.26
533.41
543.84
541.88
521.96
536.24
544.91
550.40
548.07
542.69
521.86
546.41
544.70
545.30
539.02
524.26
544.16
541.80
530.42
541.44
542.24
519.75
540.38
540.88
491.17
539.09
546.54
546.90
550.32
546.72
548.49
532.58
538.89
547.45
546.58
548.41
532.65
545.18
542.06
532.44
539.04
533.99
547.88
549.21
549.58
547.79
550.92
546.74
546.04
520.26
542.24
538.47
545.94
533.18
547.17
541.93
522.81
546.62
543.20
549.56
530.99
545.01
542.64
541.83
534.53
520.71
538.22
512.36
531.57
526.26
537.63
530.28
534.85
531.83
528.66
526.20
525.22
529.75
534.08
531.99
511.04
540.36
535.53
536.44
541.01
541.77
531.44
540.61
545.40
541.96
536.85
522.85
543.64
538.89
536.54
535.81
549.45
543.62
540.74
517.47
543.01
546.85
536.89
546.94
540.73
534.44
540.43
526.99
532.64
527.55
528.96
525.73
534.79
517.36
517.29
526.44
536.61
535.38
527.42
521.81
540.34
526.34
538.95
541.67
541.55
538.06
526.62
535.24
542.02
535.12
516.23
511.15
534.36
532.49
522.48
514.30
525.03
517.06
529.54
509.64
513.19
516.97
526.56
524.72
531.55
530.92
524.10
533.49
543.22
533.99
517.06
543.66
540.45
532.81
541.59
538.38
520.18
536.76
535.33
532.99
525.09
515.96
540.20
525.11
532.95
534.59
526.40
526.52
527.13
528.58
534.66
514.31
522.59
538.70
519.19
523.66
525.29
515.79
519.99
528.46
517.65
521.67
539.94
538.46
527.18
527.42
533.73
539.58
522.55
538.29
541.88
535.75
538.71
522.76
520.46
538.64
538.38
530.74
532.92
525.76
536.78
532.36
524.39
525.32
541.80
508.55
464.22
530.73
523.90
525.57
509.44
535.12
539.11
527.32
535.49
523.43
530.91
532.01
531.30
533.26
533.11
535.43
527.87
524.12
525.35
530.00
523.84
537.18
522.85
538.81
533.29
528.11
534.34
512.59
534.96
533.98
531.21
515.54
518.22
505.43
535.95
520.83
528.51
536.71
544.73
530.61
536.03
525.43
538.38
538.06
535.51
539.39
534.16
518.59
536.82
511.61
525.08
534.63
508.01
530.48
513.95
517.28
521.82
534.51
485.65
535.85
526.86
497.72
539.85
482.44
518.72
540.47
388.95
521.48
491.19
533.93
425.63
491.63
534.17
460.78
498.01
391.35
501.56
488.61
449.96
500.88
407.18
511.75
414.81
356.65
515.20
365.10
482.80
522.55
462.28
488.02
383.53
506.93
279.66
507.10
458.03
491.27
506.42
401.06
509.83
525.19
492.33
493.87
482.22
499.26
496.61
522.76
522.79
532.64
505.88
532.54
532.61
514.05
531.94
522.68
520.51
533.92
542.12
510.89
539.41
528.27
530.75
532.42
534.55
544.75
516.88
534.51
538.19
536.35
528.87
535.87
525.05
536.72
539.09
536.09
539.06
542.96
542.92
527.09
540.63
532.97
542.91
537.36
522.51
518.15
521.06
540.64
535.01
544.52
544.56
545.07
541.53
541.34
545.77
542.65
530.58
550.72
548.29
519.86
541.56
522.27
546.45
547.17
545.95
538.92
546.31
544.14
545.15
548.25
537.76
547.48
544.51
544.29
547.79
543.09
547.30
546.61
541.85
547.44
546.16
546.54
533.33
534.52
506.04
542.14
544.58
550.13
523.21
546.30
542.48
537.29
544.93
540.29
538.95
529.60
546.18
543.77
523.24
537.53
546.94
544.88
536.68
545.96
546.85
538.26
530.74
549.12
536.55
539.06
536.12
536.60
520.23
530.20
523.33
545.73
530.52
530.64
516.24
542.44
541.83
519.08
542.28
515.11
529.57
527.91
500.94
525.15
501.50
522.46
499.54
497.17
519.90
497.45
520.77
494.22
535.58
518.18
506.24
515.39
483.54
503.79
522.12
497.83
530.24
501.06
505.60
504.52
507.51
527.58
512.53
503.72
504.43
503.88
483.68
518.25
494.97
516.29
500.82
515.69
503.29
502.63
490.66
508.10
516.69
470.93
500.33
496.35
496.03
493.32
499.31
503.18
493.22
504.86
503.90
494.27
511.38
500.93
515.47
514.32
497.48
497.35
499.00
497.31
504.04
507.78
492.84
498.02
498.24
481.43
510.01
502.61
494.94
485.68
485.38
484.25
487.89
494.36
499.07
471.05
465.34
476.26
493.02
495.91
499.30
474.84
457.55
465.35
434.94
469.03
465.49
497.71
485.57
491.16
453.97
477.06
477.68
488.91
496.19
495.61
488.05
458.30
465.92
478.65
453.03
469.48
457.19
476.23
472.42
479.78
477.37
498.19
478.70
494.66
494.95
488.36
479.55
487.77
495.27
497.60
506.55
445.61
466.00
455.33
471.39
475.48
410.02
433.36
430.13
396.09
430.59
465.99
400.00
373.60
469.22
310.64
379.70
463.43
308.55
436.20
385.66
351.66
423.71
342.51
353.32
439.72
327.36
421.20
422.96
441.85
437.90
442.32
410.78
450.27
430.30
422.43
438.83
416.76
453.45
423.59
427.37
415.65
419.52
387.35
388.97
370.28
378.96
360.54
371.60
387.81
366.84
357.83
363.00
382.69
371.52
380.78
354.67
377.88
366.03
383.67
412.88
407.54
432.33
388.97
433.00
441.37
416.12
412.90
426.62
430.51
418.16
418.65
450.90
444.12
441.13
446.45
434.70
435.44
425.35
451.00
456.00
455.06
461.99
437.78
445.69
439.89
426.82
447.77
467.95
430.86
444.30
468.13
430.38
437.16
420.29
442.83
470.18
445.03
445.47
464.98
460.43
474.53
474.15
454.91
466.64
451.54
475.39
453.75
463.02
465.20
460.34
489.79
462.84
456.31
478.16
452.76
454.30
473.72
447.25
456.32
458.90
469.65
498.69
469.75
484.27
482.75
498.24
472.30
508.46
499.26
498.63
461.79
502.76
503.36
456.87
474.87
470.41
487.92
464.02
503.88
435.62
501.74
465.62
477.38
471.61
466.23
471.56
459.53
460.99
461.70
502.24
497.72
514.72
504.52
496.47
518.73
500.46
513.64
503.56
524.54
521.34
534.02
529.58
528.84
513.74
505.60
524.60
515.12
516.29
512.31
523.64
519.47
525.58
523.15
537.83
521.95
538.34
530.69
527.87
519.89
516.45
523.79
495.01
520.37
514.80
496.19
518.69
509.60
503.54
503.42
498.73
492.66
516.66
507.95
510.86
507.36
512.52
474.01
532.44
514.31
506.46
472.90
497.99
500.84
474.83
510.94
504.67
482.76
504.62
510.51
494.89
510.78
498.36
506.00
515.07
468.98
513.34
485.07
491.38
498.98
505.71
501.53
498.34
463.19
486.13
498.13
495.32
488.67
450.04
482.96
486.87
487.33
492.13
508.21
494.04
477.26
460.87
455.02
498.64
491.08
500.87
455.67
466.30
409.75
443.07
451.38
486.47
497.02
480.16
473.80
478.80
429.58
469.55
493.30
487.45
506.56
458.45
458.28
486.21
430.37
442.08
458.79
463.34
479.21
505.62
433.72
487.99
495.26
514.51
512.64
522.09
501.61
492.94
521.08
502.39
497.06
526.80
514.84
528.15
523.70
497.25
525.68
525.63
534.37
525.66
522.32
501.12
463.97
475.91
465.07
439.74
424.74
395.58
416.71
448.44
485.37
458.39
434.89
404.84
485.63
441.83
428.89
424.71
454.77
418.08
488.13
453.28
506.54
483.31
468.18
498.44
512.87
522.41
523.37
532.01
535.00
532.39
519.16
534.12
544.04
531.62
530.80
537.96
529.42
550.38
548.25
546.95
548.12
535.57
544.74
550.83
543.84
527.24
548.24
533.37
525.33
538.20
541.78
528.35
549.02
539.81
541.09
541.74
541.71
547.95
540.14
546.58
530.87
548.61
540.79
547.78
552.07
547.58
523.69
546.39
534.88
547.50
539.11
538.90
544.13
528.52
552.45
551.30
537.34
547.23
549.61
531.99
555.13
547.96
541.49
555.67
535.85
550.92
552.75
543.60
551.67
525.50
552.84
525.65
552.96
551.78
551.96
551.12
542.10
526.47
558.90
550.35
537.85
554.75
548.34
549.47
541.58
553.87
544.23
553.46
534.20
555.33
548.09
557.83
559.88
532.40
558.96
553.04
541.97
550.26
555.84
549.34
550.50
541.81
548.97
553.53
546.21
557.59
557.12
558.49
550.21
551.99
549.47
560.04
550.49
556.13
558.61
550.75
555.22
555.68
554.56
553.29
555.05
557.96
541.90
555.19
557.43
553.37
554.63
559.05
533.21
556.36
554.19
542.35
548.46
554.89
544.65
542.69
556.22
526.19
558.19
554.79
548.44
559.16
548.70
551.95
528.31
552.36
530.41
552.15
551.90
553.69
538.51
547.44
545.09
539.56
544.58
541.46
552.07
544.25
541.09
550.91
545.15
549.80
554.22
527.49
548.25
548.82
551.52
544.01
550.32
551.80
550.75
545.67
544.10
546.24
532.91
554.36
549.44
552.34
551.93
534.50
551.60
548.81
526.55
542.37
550.14
554.48
527.12
549.41
550.89
554.27
548.65
553.32
555.06
555.00
546.92
550.84
553.80
560.03
557.07
555.62
554.91
554.94
550.91
554.02
556.68
552.30
550.31
523.40
544.89
545.83
554.37
556.17
551.55
557.13
550.15
546.57
554.19
548.17
552.77
547.48
559.09
553.07
561.17
553.12
536.37
554.07
553.91
553.06
545.98
557.24
556.03
556.67
556.38
554.08
559.12
553.44
558.74
528.62
534.24
555.58
552.66
554.05
551.53
549.37
540.66
549.97
526.43
533.46
549.24
555.62
542.77
553.50
549.60
552.48
552.06
558.11
548.44
548.35
550.78
554.83
537.42
543.84
552.54
557.61
550.93
552.65
558.74
552.19
549.66
559.82
554.06
554.42
556.62
557.45
554.63
553.40
554.03
545.62
541.10
552.43
551.19
539.19
555.25
535.20
553.56
556.75
554.71
556.32
552.43
553.25
552.83
554.22
555.01
548.98
554.88
552.04
553.98
555.60
526.65
547.88
554.51
547.37
553.69
557.93
558.70
539.85
549.65
544.69
556.27
551.44
550.80
544.06
545.76
547.65
552.26
499.89
546.19
549.19
550.78
550.66
555.25
557.10
554.32
557.95
549.75
554.52
552.26
541.80
552.59
544.94
552.87
537.39
553.59
552.16
554.28
554.67
556.80
534.77
554.35
556.16
556.04
541.94
541.36
556.90
552.60
547.67
529.36
554.47
545.98
550.93
508.97
537.25
559.16
551.50
548.90
555.71
550.15
549.94
548.47
533.18
549.21
547.98
547.66
542.97
539.58
551.69
520.58
545.23
548.35
545.41
544.27
548.23
546.88
552.09
554.86
538.31
551.96
547.58
546.18
548.68
541.88
539.56
537.50
509.07
534.89
532.96
548.11
549.52
544.88
547.18
553.48
555.06
526.45
551.41
552.74
550.48
540.04
547.06
527.70
549.17
545.54
552.11
555.81
520.26
553.21
540.42
535.33
549.39
541.21
553.15
539.41
544.69
540.84
538.00
535.52
533.00
547.23
534.67
544.59
523.02
520.11
547.02
548.26
540.56
544.93
552.55
532.74
543.96
536.01
539.89
532.54
533.97
537.28
543.39
538.57
520.86
546.82
538.44
534.15
542.65
522.09
550.34
546.82
525.18
527.44
533.43
511.29
509.40
513.89
543.02
543.19
542.32
517.52
541.38
544.36
530.04
543.76
533.98
540.68
528.27
527.07
533.93
482.92
541.03
529.19
541.55
535.63
530.62
542.71
532.63
537.43
520.67
540.44
522.68
537.07
534.20
502.57
522.73
500.34
517.22
525.88
517.94
535.45
518.58
528.73
522.70
537.34
546.66
528.66
541.33
526.97
532.84
533.30
523.17
534.97
534.96
538.48
533.15
538.79
538.94
530.26
535.15
527.37
530.19
528.37
531.74
538.16
506.41
508.28
522.33
522.77
516.70
513.22
515.41
499.24
513.63
498.93
514.30
511.64
494.37
498.46
513.36
496.76
496.38
478.06
526.48
514.73
507.91
489.23
503.62
493.23
485.28
513.74
509.19
481.71
493.94
489.04
449.01
500.27
469.63
461.97
473.76
439.23
505.31
497.03
489.95
485.18
511.23
521.50
502.61
514.17
481.09
485.28
495.26
516.67
485.96
488.85
474.48
474.76
471.57
449.32
479.11
496.85
476.17
434.46
479.72
437.76
498.44
487.66
438.22
486.08
452.46
408.12
456.84
484.12
473.18
478.50
474.02
471.23
402.88
426.93
463.61
426.32
418.85
481.77
432.53
404.26
425.86
458.94
333.78
409.07
467.22
409.60
437.90
424.75
397.95
387.06
407.61
350.55
360.28
299.36
332.32
272.52
363.82
371.50
367.09
378.50
330.20
346.68
326.39
325.04
397.29
422.21
338.18
387.40
292.14
293.36
361.65
292.76
339.66
251.55
392.55
347.16
380.98
330.04
350.45
367.64
287.38
407.34
357.88
363.73
267.60
363.61
361.07
323.82
399.15
338.81
389.19
382.75
277.58
347.10
337.91
310.31
359.26
253.00
294.07
293.93
278.54
297.23
285.76
228.47
330.09
364.43
322.36
307.75
221.44
239.38
269.26
303.33
310.19
318.28
291.50
282.57
302.25
232.00
261.06
268.48
252.73
256.19
262.51
278.55
362.55
339.62
282.86
278.68
283.75
303.85
269.81
322.22
313.82
280.19
320.09
334.41
339.97
368.66
329.31
318.28
420.78
295.75
309.12
287.47
243.65
324.61
257.43
369.92
302.68
342.46
402.49
309.85
324.60
323.52
353.40
355.70
356.02
400.15
383.94
383.27
386.29
415.49
361.91
412.23
341.96
361.25
319.53
395.51
334.21
332.34
317.70
321.85
341.53
318.23
350.07
346.92
310.90
326.19
381.78
365.86
343.41
356.94
341.90
352.68
339.85
345.79
381.12
362.72
389.03
403.78
323.96
346.29
374.85
372.04
344.31
392.33
373.38
303.58
383.96
387.03
354.75
375.00
344.85
381.98
365.58
395.81
441.05
415.25
426.80
388.95
416.45
415.25
394.06
370.91
362.90
377.10
464.63
421.52
460.46
456.56
445.06
456.77
421.68
444.78
422.85
471.31
352.33
485.96
488.65
489.28
394.71
386.14
422.07
453.15
413.61
467.84
445.64
442.78
433.92
414.07
396.13
468.04
483.94
447.66
451.95
468.50
487.84
439.03
410.08
405.85
451.31
428.16
461.45
380.94
386.02
428.71
388.26
338.90
422.06
430.93
490.38
487.59
457.96
397.30
387.08
399.45
427.28
314.16
427.12
409.63
382.56
358.77
378.61
309.94
427.79
392.22
427.21
369.56
378.09
256.37
402.22
386.30
410.71
441.73
416.84
423.65
386.77
326.62
467.60
421.09
273.09
391.80
411.35
397.47
378.11
419.97
379.69
297.84
439.75
281.56
446.58
424.06
415.69
465.14
447.60
454.68
417.70
422.08
434.24
425.20
431.34
496.43
457.03
269.88
453.61
476.69
380.24
438.89
379.08
432.96
402.01
447.84
337.31
430.64
469.97
448.16
337.85
485.50
443.18
300.57
452.81
481.76
413.89
237.51
447.13
347.88
413.95
320.84
397.08
431.79
295.16
429.84
457.62
386.62
453.03
436.16
443.96
329.11
357.58
383.67
295.13
440.33
413.69
435.11
426.12
384.55
425.01
435.25
380.18
390.59
409.91
402.28
397.54
394.72
449.98
415.02
406.40
454.42
323.52
386.32
400.65
438.38
436.64
445.25
409.35
280.94
392.10
423.07
381.37
419.12
368.38
384.04
410.00
384.08
404.16
385.78
382.68
417.15
370.43
406.72
328.67
402.36
344.60
386.39
390.09
361.78
403.39
411.23
404.88
385.89
375.79
311.06
343.78
412.42
408.82
404.96
376.94
367.94
371.57
394.99
407.03
353.70
343.29
298.91
338.49
317.24
401.15
360.08
408.86
321.76
294.84
381.75
397.15
386.96
362.00
336.29
360.46
332.31
347.08
350.82
317.30
340.01
340.03
337.73
322.46
311.79
338.03
349.00
340.97
368.89
323.28
292.07
276.14
288.01
326.63
338.78
370.27
336.03
301.23
315.77
297.79
368.54
346.83
321.08
320.03
253.26
257.91
332.26
243.34
311.69
338.31
358.08
381.18
336.98
387.47
360.37
333.64
380.95
406.70
387.18
360.06
361.09
354.70
353.32
372.70
304.25
393.60
402.95
365.06
352.73
319.51
435.37
399.27
414.78
377.98
355.57
379.29
361.71
371.17
392.43
342.53
422.89
376.36
414.96
396.81
414.21
414.76
380.96
394.38
366.35
405.45
397.91
367.14
397.39
390.21
388.08
390.88
413.93
435.32
405.15
432.66
388.19
418.92
363.78
381.31
444.67
390.93
375.80
365.07
402.12
399.92
365.66
463.22
389.75
423.66
401.60
446.05
414.67
472.89
362.13
300.22
402.80
334.56
395.67
421.99
462.83
361.68
382.64
416.30
458.99
437.49
448.50
453.58
471.49
485.30
480.53
461.59
477.11
402.80
345.98
488.02
432.50
437.66
473.54
446.05
336.08
377.00
291.12
460.96
433.56
431.57
466.70
390.72
374.26
416.64
427.01
447.18
426.86
413.93
431.29
411.08
327.89
474.46
477.01
449.83
445.81
385.22
420.37
451.79
364.53
451.21
447.35
381.65
436.00
432.94
370.40
437.84
385.86
432.52
493.63
457.19
424.04
465.72
457.54
447.36
432.10
453.87
401.90
371.21
452.51
459.36
450.63
439.97
479.06
430.15
494.23
337.60
451.35
481.47
392.12
456.85
490.54
415.26
440.79
424.36
488.65
463.17
441.52
452.99
482.82
482.39
438.98
437.74
482.04
474.37
478.82
465.03
488.90
483.98
480.90
469.48
469.29
463.71
499.70
426.52
418.62
485.77
453.63
482.54
496.69
474.00
495.37
457.19
477.56
424.43
481.48
482.16
443.65
483.50
484.67
451.54
470.80
458.09
472.62
469.83
482.96
488.45
459.36
487.60
487.21
431.97
497.49
471.05
462.94
485.35
502.04
490.10
498.35
505.09
457.13
492.63
506.42
500.07
464.33
505.02
429.07
492.76
478.63
469.68
493.87
478.99
501.83
474.24
450.12
466.58
450.81
504.57
452.25
489.91
443.29
464.85
460.49
468.46
515.00
454.19
501.33
481.82
471.26
487.73
505.76
476.52
475.00
471.88
480.09
482.04
492.34
483.52
500.80
504.39
485.51
495.37
484.91
494.47
483.08
510.29
484.85
504.54
500.81
506.90
504.01
513.15
493.78
501.19
516.54
455.90
484.51
503.53
506.46
499.44
464.58
468.32
479.73
503.76
482.41
520.86
493.60
466.00
502.07
495.74
461.28
484.11
422.00
511.37
478.43
455.73
462.96
481.03
470.64
475.28
488.92
463.27
495.87
472.54
474.65
480.85
489.87
504.43
499.95
431.41
516.12
510.93
485.24
494.07
508.74
508.91
490.28
499.11
496.63
493.30
492.73
505.70
477.50
516.06
522.17
397.15
519.49
501.87
501.25
481.57
494.01
475.50
514.56
518.05
466.09
511.15
501.49
487.83
529.95
498.77
485.10
501.48
495.94
527.55
514.71
466.35
506.62
500.39
505.84
474.04
500.26
520.78
510.77
432.64
528.41
493.48
509.68
519.51
503.37
502.83
501.42
482.23
475.70
529.71
484.25
493.39
496.55
527.80
530.64
446.76
528.32
520.70
519.12
507.18
510.73
511.70
530.24
515.13
524.27
463.73
522.64
496.76
535.41
516.37
528.06
529.11
519.28
514.43
532.49
529.38
537.65
532.95
532.65
521.96
519.30
536.91
535.77
516.60
536.36
527.47
546.23
528.10
513.07
512.14
531.79
536.15
546.65
523.49
542.95
536.88
538.55
544.25
528.72
539.19
532.29
541.13
535.88
541.85
539.93
543.07
533.60
540.58
523.57
538.99
543.37
544.51
538.97
544.26
532.88
540.76
538.97
547.05
544.35
527.09
545.10
540.97
539.63
546.31
540.50
541.87
543.37
543.71
522.34
541.08
533.55
549.08
538.61
526.10
543.92
544.19
535.38
535.24
530.82
541.82
543.96
538.35
540.03
532.58
540.06
543.16
535.59
539.87
531.10
543.27
545.07
533.10
547.33
539.64
542.23
544.24
536.28
536.14
544.62
542.02
534.98
538.94
528.39
520.72
542.63
530.09
536.27
536.06
540.56
545.58
531.26
542.50
540.16
539.89
521.43
537.18
532.58
532.59
534.76
540.63
543.68
523.27
539.74
526.23
544.22
516.41
533.56
529.87
534.49
533.89
531.81
528.38
539.10
528.06
528.43
535.60
527.83
532.30
540.29
543.99
526.49
534.79
523.13
526.76
537.58
495.14
536.87
536.71
527.20
514.28
515.16
539.93
513.41
535.54
521.49
530.76
526.70
483.02
485.55
512.14
508.34
481.97
480.73
499.90
508.83
494.79
512.37
496.86
502.18
506.96
488.25
512.28
487.58
472.83
498.18
488.12
509.83
462.21
513.94
465.93
501.37
468.43
487.53
464.15
453.61
464.17
469.81
457.53
475.16
502.97
495.94
487.91
503.22
495.48
492.17
512.21
530.51
482.39
530.22
485.20
511.55
416.46
495.79
503.92
455.05
503.99
500.15
488.12
468.40
475.58
468.60
445.46
485.79
422.44
446.11
493.25
458.67
453.45
453.57
486.18
478.97
486.79
467.65
480.43
470.29
506.38
493.50
513.54
488.40
505.42
493.85
498.59
487.49
492.30
464.75
501.29
475.27
465.22
476.71
474.37
466.59
486.92
454.61
466.21
474.87
445.89
507.96
474.94
487.58
466.50
486.56
500.39
503.20
436.71
505.77
492.61
512.82
519.52
469.50
481.03
498.11
448.80
519.55
455.79
488.88
487.40
484.68
474.43
458.82
479.16
429.65
459.42
485.28
450.47
489.57
491.13
481.06
505.39
489.06
504.57
514.80
498.01
487.65
475.26
490.43
479.05
504.59
499.08
463.84
435.57
480.67
475.14
476.02
453.05
441.43
442.60
439.01
471.88
404.23
400.88
398.51
431.74
480.06
440.37
458.62
423.22
494.99
422.52
493.18
433.48
491.48
490.52
444.77
426.41
493.26
453.40
462.16
420.76
459.65
469.65
448.89
444.86
458.63
443.28
415.30
461.61
420.98
449.10
430.39
442.74
443.99
387.55
451.66
409.02
418.90
400.01
423.96
457.47
429.60
417.80
448.83
408.12
383.53
396.36
408.53
450.03
364.48
379.56
432.31
401.58
438.06
446.26
395.62
427.05
343.16
410.18
425.08
448.27
376.93
407.52
417.87
426.20
409.28
388.02
374.08
408.75
382.47
371.25
338.03
298.18
353.87
298.86
279.67
365.42
306.02
251.17
235.88
221.06
324.92
246.38
303.93
191.43
238.62
252.79
133.90
288.14
307.91
141.13
312.85
236.20
270.29
289.70
339.47
332.78
323.44
254.13
283.60
269.59
248.77
255.39
231.81
304.32
205.12
251.94
333.86
287.39
314.12
237.92
191.45
220.12
168.19
270.52
174.59
242.19
193.35
139.26
271.74
212.82
128.95
215.74
242.02
235.45
214.77
122.43
118.54
130.89
190.63
260.61
242.88
156.99
207.20
208.77
170.35
232.56
144.59
164.95
153.98
267.14
273.09
291.88
243.55
317.86
282.16
211.00
349.68
360.65
343.37
246.49
415.37
390.08
387.00
333.53
382.35
236.02
335.43
309.50
310.42
