0.00
0.83
0.82
0.85
0.85
0.87
0.86
0.87
0.87
0.87
0.87
0.85
0.86
0.86
0.87
0.86
0.86
0.87
0.85
0.85
0.84
0.87
0.87
0.86
0.86
0.87
0.87
0.86
0.85
0.86
0.87
0.82
0.84
0.86
0.86
0.83
0.86
0.82
0.85
0.78
0.85
0.80
0.84
0.86
0.85
0.84
0.86
0.83
0.84
0.84
0.82
0.84
0.82
0.83
0.82
0.81
0.80
0.81
0.83
0.83
0.84
0.84
0.84
0.83
0.83
0.79
0.83
0.82
0.79
0.82
0.78
0.80
0.80
0.80
0.82
0.78
0.80
0.82
0.71
0.83
0.83
0.78
0.84
0.77
0.81
0.81
0.81
0.82
0.81
0.78
0.81
0.79
0.80
0.80
0.81
0.79
0.79
0.79
0.80
0.78
0.79
0.80
0.76
0.76
0.79
0.79
0.79
0.77
0.80
0.78
0.70
0.80
0.73
0.78
0.77
0.72
0.74
0.81
0.73
0.67
0.80
0.76
0.72
0.73
0.77
0.80
0.74
0.70
0.73
0.64
0.80
0.75
0.68
0.77
0.67
0.70
0.68
0.77
0.66
0.73
0.75
0.74
0.62
0.61
0.62
0.65
0.60
0.61
0.51
0.47
0.67
0.56
0.71
0.64
0.59
0.43
0.43
0.41
0.34
0.40
0.39
0.44
0.39
0.45
0.51
0.49
0.55
0.48
0.49
0.51
0.54
0.42
0.47
0.53
0.52
0.53
0.44
0.49
0.64
0.59
0.66
0.69
0.75
0.76
0.74
0.79
0.76
0.78
0.76
0.70
0.76
0.80
0.71
0.69
0.81
0.74
0.81
0.77
0.79
0.74
0.81
0.79
0.77
0.72
0.81
0.76
0.79
0.80
0.79
0.80
0.79
0.81
0.80
0.80
0.81
0.80
0.78
0.79
0.80
0.79
0.78
0.76
0.77
0.77
0.77
0.73
0.74
0.77
0.78
0.73
0.76
0.74
0.74
0.74
0.74
0.76
0.74
0.75
0.74
0.75
0.72
0.71
0.72
0.71
0.68
0.74
0.71
0.69
0.72
0.74
0.69
0.74
0.72
0.69
0.75
0.72
0.58
0.72
0.67
0.64
0.70
0.60
0.66
0.72
0.69
0.67
0.72
0.70
0.68
0.65
0.57
0.64
0.65
0.65
0.66
0.57
0.69
0.67
0.65
0.69
0.56
0.68
0.69
0.67
0.69
0.60
0.69
0.65
0.68
0.68
0.64
0.68
0.65
0.68
0.56
0.70
0.64
0.67
0.59
0.66
0.71
0.50
0.66
0.69
0.70
0.55
0.65
0.55
0.67
0.65
0.65
0.67
0.64
0.63
0.55
0.61
0.67
0.67
0.64
0.61
0.62
0.63
0.62
0.66
0.58
0.57
0.63
0.59
0.68
0.58
0.61
0.67
0.53
0.64
0.65
0.62
0.66
0.64
0.66
0.65
0.64
0.65
0.65
0.63
0.64
0.55
0.66
0.62
0.63
0.62
0.65
0.61
0.59
0.59
0.68
0.64
0.66
0.59
0.58
0.65
0.59
0.62
0.60
0.56
0.64
0.59
0.65
0.64
0.62
0.55
0.61
0.55
0.60
0.60
0.61
0.65
0.62
0.57
0.61
0.61
0.62
0.66
0.59
0.59
0.57
0.61
0.61
0.61
0.62
0.63
0.54
0.63
0.65
0.62
0.61
0.62
0.52
0.58
0.58
0.56
0.61
0.55
0.63
0.59
0.54
0.57
0.60
0.60
0.57
0.54
0.65
0.58
0.60
0.61
0.56
0.58
0.54
0.59
0.62
0.56
0.53
0.51
0.63
0.60
0.56
0.62
0.52
0.51
0.50
0.55
0.54
0.60
0.56
0.58
0.55
0.55
0.53
0.55
0.60
0.60
0.60
0.54
0.52
0.57
0.58
0.62
0.58
0.56
0.58
0.61
0.49
0.62
0.62
0.55
0.56
0.59
0.60
0.59
0.53
0.57
0.51
0.52
0.55
0.54
0.51
0.59
0.56
0.58
0.58
0.53
0.58
0.48
0.51
0.57
0.56
0.50
0.55
0.51
0.54
0.56
0.54
0.58
0.56
0.56
0.54
0.53
0.58
0.56
0.50
0.58
0.56
0.62
0.59
0.60
0.62
0.52
0.47
0.59
0.56
0.55
0.52
0.60
0.62
0.50
0.59
0.55
0.58
0.57
0.60
0.53
0.49
0.56
0.58
0.55
0.51
0.55
0.54
0.56
0.54
0.53
0.50
0.56
0.47
0.54
0.49
0.56
0.49
0.52
0.50
0.57
0.50
0.45
0.54
0.59
0.58
0.56
0.51
0.56
0.54
0.55
0.52
0.55
0.55
0.58
0.57
0.50
0.54
0.57
0.54
0.57
0.59
0.54
0.55
0.57
0.56
0.49
0.46
0.47
0.47
0.45
0.50
0.47
0.46
0.47
0.48
0.51
0.43
0.53
0.50
0.54
0.51
0.56
0.60
0.60
0.50
0.58
0.55
0.54
0.52
0.53
0.50
0.56
0.54
0.55
0.54
0.41
0.52
0.51
0.46
0.57
0.48
0.48
0.44
0.46
0.49
0.42
0.61
0.44
0.45
0.49
0.54
0.51
0.54
0.54
0.49
0.49
0.59
0.54
0.57
0.57
0.51
0.52
0.60
0.54
0.62
0.49
0.62
0.60
0.55
0.50
0.53
0.53
0.46
0.56
0.57
0.58
0.54
0.62
0.61
0.57
0.48
0.62
0.49
0.64
0.45
0.61
0.55
0.62
0.57
0.60
0.58
0.53
0.54
0.61
0.58
0.44
0.59
0.51
0.61
0.47
0.55
0.55
0.45
0.51
0.55
