0.00
455.36
557.31
542.92
505.82
556.79
550.68
523.02
509.32
554.74
538.80
501.36
530.98
531.52
554.58
480.34
533.33
552.08
547.68
550.85
539.42
522.67
557.37
557.31
551.81
497.68
542.86
558.87
561.28
550.13
555.80
547.21
552.98
559.85
559.28
555.22
525.01
552.47
484.51
554.73
555.58
559.91
495.04
561.14
558.81
559.30
520.89
484.67
556.78
553.28
558.31
548.87
545.78
558.08
564.57
545.25
551.72
555.67
554.67
553.39
558.21
555.43
546.68
551.26
559.96
561.19
562.76
524.54
550.68
549.61
555.74
557.65
554.59
555.20
557.76
548.87
538.19
538.48
528.41
545.49
557.80
556.01
558.07
553.64
547.49
537.84
540.60
558.97
551.43
556.50
546.38
558.25
551.37
540.05
549.45
518.21
552.93
525.07
557.88
529.26
523.47
552.97
552.73
560.23
538.66
545.93
536.84
542.92
541.00
539.53
554.48
485.26
531.11
560.71
559.31
554.57
563.01
533.83
561.23
541.58
560.95
555.62
525.04
548.30
548.54
552.77
558.20
509.20
544.19
552.10
559.32
550.16
560.58
556.08
538.29
560.20
558.04
550.18
561.69
531.96
558.46
554.64
551.70
555.64
537.31
549.46
557.00
551.04
558.40
555.89
556.69
557.55
548.19
557.40
556.35
559.01
562.74
547.78
557.75
556.26
558.68
548.31
559.66
551.10
557.21
554.46
553.85
556.13
554.97
550.28
546.08
549.95
551.07
553.43
556.36
555.78
559.94
551.57
559.63
559.49
555.45
549.77
548.38
551.55
527.70
550.39
554.64
551.65
547.87
540.33
548.76
552.74
542.16
539.09
543.55
541.56
545.07
533.11
541.91
532.86
514.82
523.89
543.44
547.06
550.06
546.72
530.12
551.16
546.86
545.20
542.94
547.86
543.10
521.77
529.31
544.40
539.92
549.72
532.47
541.34
534.55
534.84
524.96
531.23
529.19
522.07
509.86
547.70
527.65
543.18
532.31
537.34
533.31
540.80
533.87
518.12
530.17
520.03
523.29
478.95
521.42
513.54
498.69
509.71
519.34
530.39
508.48
510.93
484.28
520.29
513.83
520.65
517.43
516.89
510.97
526.39
514.08
527.30
524.11
528.02
514.49
508.35
521.62
525.69
535.94
532.16
536.62
534.70
530.98
531.37
537.26
514.36
524.10
532.41
526.71
547.64
533.00
545.63
527.64
533.44
530.59
514.57
522.47
511.70
532.35
541.19
546.11
544.40
534.68
536.88
526.85
551.88
520.74
528.40
542.47
495.46
542.04
477.91
534.85
528.89
548.44
516.91
514.68
528.76
526.29
532.81
515.88
534.45
489.49
536.78
526.29
528.09
541.94
527.78
539.84
518.21
523.79
529.26
531.90
519.00
522.52
508.48
515.66
506.95
493.37
503.93
529.27
505.56
422.86
384.15
342.53
258.98
344.85
381.79
343.82
319.55
284.59
221.57
290.81
291.98
294.39
220.01
283.88
302.15
335.26
288.49
251.63
353.28
311.75
297.59
246.04
271.69
263.22
309.01
242.80
277.46
271.70
303.80
276.82
375.15
304.63
337.22
255.33
270.36
367.56
258.77
255.53
231.02
321.82
245.15
310.54
240.06
309.22
282.59
261.52
255.02
242.75
224.17
341.02
273.11
313.98
273.19
333.02
318.24
275.29
268.89
298.46
277.72
302.25
282.52
345.45
283.83
345.38
370.67
341.79
367.31
318.38
236.95
243.36
392.78
446.47
481.04
452.39
438.44
484.07
466.26
440.08
511.42
498.74
484.30
480.09
462.17
374.75
456.01
460.81
513.80
494.09
503.94
509.15
473.61
467.77
496.26
523.32
493.57
489.81
512.56
504.84
511.79
494.55
504.93
500.28
504.52
519.89
523.35
525.13
520.39
514.85
504.48
522.50
521.03
521.35
517.86
517.01
505.45
517.39
517.59
514.56
500.78
516.79
493.44
514.55
521.64
492.83
500.02
476.28
511.04
517.55
513.87
523.32
503.50
509.33
509.60
506.64
525.99
478.89
500.71
470.32
466.79
512.95
512.60
523.59
499.14
514.11
521.59
525.82
517.14
506.13
507.77
514.74
525.66
507.63
525.56
482.25
512.54
497.91
503.70
494.32
468.58
484.49
466.46
502.25
505.17
506.16
509.58
476.75
493.17
516.05
527.83
509.29
500.70
497.32
497.60
500.70
523.11
516.79
498.68
474.96
484.67
513.62
500.67
504.15
506.36
496.31
494.08
500.15
496.04
466.80
487.16
514.25
495.48
505.97
512.82
512.30
511.07
466.62
510.18
495.40
509.28
514.82
516.24
513.49
518.06
519.44
510.15
532.97
516.90
524.34
514.23
514.02
502.85
503.54
510.59
501.78
498.36
500.12
495.98
489.41
484.86
514.98
497.30
518.41
523.93
511.03
474.50
494.49
516.60
504.63
499.45
506.36
518.19
467.56
477.93
494.79
506.71
482.93
481.49
517.56
502.41
504.21
506.21
498.40
503.77
473.55
495.65
463.42
495.22
497.16
490.99
495.63
510.78
515.83
507.48
509.68
503.82
462.17
460.76
460.96
464.60
506.81
473.04
496.05
463.84
459.34
492.02
471.52
516.32
472.78
512.66
502.63
464.21
452.13
492.63
480.40
474.86
465.00
507.82
476.04
467.66
491.04
503.45
482.57
482.50
487.53
494.56
519.65
510.18
499.44
523.32
503.18
464.99
483.59
479.70
482.67
497.49
