0.00
547.03
539.10
553.63
557.76
564.79
563.57
562.62
564.43
565.22
562.21
561.14
559.10
562.76
562.58
559.17
560.08
561.95
550.39
558.34
544.80
560.23
557.66
558.63
556.51
561.28
558.84
560.40
547.10
557.61
562.76
527.94
550.98
552.26
556.65
534.28
559.26
525.89
555.74
499.27
558.26
508.05
546.88
560.73
551.96
545.38
553.96
533.57
551.69
546.89
516.23
552.84
534.15
545.87
546.67
506.96
526.30
532.68
548.41
536.29
551.54
546.70
551.09
546.64
538.90
507.59
544.27
525.17
510.41
521.77
509.76
520.95
523.48
502.12
535.36
503.15
522.65
524.12
451.18
537.03
540.46
508.64
542.29
491.37
534.92
531.49
528.76
532.79
533.13
500.61
528.90
510.44
524.84
517.11
527.52
517.34
523.14
517.38
537.24
512.17
537.12
537.65
513.33
518.25
534.69
524.02
527.76
515.22
532.99
524.98
468.20
540.51
499.59
525.88
517.03
475.41
489.28
540.03
496.86
426.24
532.25
508.04
475.06
489.14
510.33
541.28
489.43
464.35
492.04
414.72
543.13
495.15
435.70
502.52
430.01
457.17
412.75
509.37
413.33
486.13
490.00
477.91
364.24
362.87
326.04
382.64
345.56
342.94
236.02
205.81
365.96
285.08
411.44
335.81
325.17
178.37
166.07
233.53
156.06
152.63
119.11
117.22
126.34
127.43
175.45
183.22
220.59
181.74
239.34
249.25
252.68
158.46
174.51
257.00
228.19
260.28
180.34
191.11
355.50
301.02
368.60
405.12
479.71
500.18
487.34
508.27
493.90
504.73
487.64
464.27
495.55
528.88
447.38
418.40
527.11
467.69
530.11
496.13
511.71
470.07
524.39
511.12
493.37
433.85
524.12
494.69
511.74
521.72
512.27
516.48
513.23
516.77
520.66
520.10
527.06
516.95
491.82
514.75
521.63
504.57
505.91
488.30
482.54
491.80
493.45
451.30
454.97
487.40
496.17
434.52
478.76
463.85
457.15
455.98
473.06
491.53
469.89
463.08
454.61
467.17
416.11
379.10
402.71
410.39
361.29
441.50
388.72
364.39
412.12
425.37
371.64
412.02
399.09
343.96
448.02
386.43
247.34
406.18
341.57
292.29
390.23
274.39
332.20
391.90
354.69
319.06
404.67
371.98
350.74
309.70
222.42
277.02
301.45
316.53
327.24
227.19
366.97
346.03
318.26
375.81
222.89
349.73
347.49
345.66
369.33
269.09
378.71
308.01
355.17
351.63
301.53
354.56
294.99
356.87
211.66
387.54
308.47
352.08
250.59
335.86
400.31
182.18
325.10
357.13
385.06
222.16
322.47
225.26
352.84
320.20
336.54
343.51
305.80
277.79
237.37
276.55
335.58
337.18
311.81
276.13
279.54
281.98
278.82
333.54
240.71
237.36
280.91
229.02
359.72
238.55
266.73
354.93
204.59
312.87
320.38
286.60
349.70
300.87
309.34
313.20
304.77
302.33
322.81
286.86
299.36
221.67
307.28
282.50
287.86
267.16
307.01
264.80
241.50
237.84
354.93
310.74
315.28
242.42
236.59
331.99
242.42
278.68
268.17
227.45
276.42
245.11
302.63
299.94
277.11
204.09
270.10
217.30
250.13
251.20
263.74
308.70
288.00
242.89
253.21
271.05
269.49
324.57
243.18
261.59
244.67
255.13
283.06
274.44
271.84
282.75
199.43
294.16
328.35
286.38
261.56
279.08
193.20
252.53
241.48
222.76
264.44
231.41
285.53
247.68
215.61
224.73
263.04
257.00
240.68
207.11
311.02
241.88
255.57
274.44
229.59
234.11
205.34
257.21
265.95
233.92
207.20
191.49
294.66
263.35
222.14
259.26
185.34
179.81
183.22
202.61
213.01
269.09
212.65
245.22
208.61
196.45
189.44
193.38
258.20
246.38
252.02
201.76
192.56
214.16
247.73
257.24
245.13
228.71
254.32
259.74
177.60
270.15
266.57
219.17
228.75
232.09
272.22
241.55
210.50
227.73
188.35
198.06
228.67
207.05
195.92
236.23
236.52
233.90
226.74
202.55
250.71
159.43
182.27
217.90
232.85
172.35
207.16
180.41
216.56
201.72
209.69
247.19
209.22
202.07
215.32
185.78
233.79
198.91
185.02
224.93
228.28
279.50
248.81
249.31
281.13
194.14
152.73
258.66
217.53
217.75
206.25
253.66
311.86
180.36
249.86
225.95
234.90
219.16
253.03
196.02
176.11
222.56
226.38
210.53
190.30
196.94
216.04
193.17
184.88
169.60
147.82
203.30
127.89
182.80
135.88
203.32
146.87
163.65
135.08
202.03
139.11
114.75
186.32
211.58
210.00
194.40
163.90
175.08
168.61
179.53
159.35
169.70
182.58
205.97
184.85
139.91
159.19
199.84
175.56
206.13
216.52
181.55
201.05
197.50
205.11
158.12
121.88
130.17
125.69
123.65
151.45
124.84
128.93
129.99
134.87
156.99
104.65
174.01
158.68
175.26
154.22
192.40
240.38
235.15
143.57
235.29
166.82
156.95
147.78
177.67
173.99
200.75
181.84
203.42
183.71
103.81
175.87
166.01
133.19
253.68
139.69
145.28
126.74
146.07
163.31
116.36
286.80
145.84
123.46
152.40
192.89
154.45
188.63
175.66
154.83
151.85
229.59
208.18
224.06
213.85
183.41
176.28
252.23
204.29
276.06
154.14
265.04
243.48
190.00
165.61
174.37
197.53
152.66
198.43
226.26
225.69
188.69
260.26
258.25
204.62
147.12
257.23
164.19
287.92
126.68
246.32
177.64
261.02
220.22
246.75
234.62
190.46
198.19
257.67
235.00
129.99
228.80
155.89
262.13
142.69
197.00
194.76
119.24
166.94
201.21
