0.115664
0.174369
0.167032
0.158037
0.196146
0.200546
0.177571
0.179193
0.219806
0.198836
0.197073
0.186460
0.165824
0.156825
0.194219
0.162228
0.224469
0.168144
0.182049
0.178151
0.179499
0.170585
0.166712
0.193461
0.201951
0.212441
0.190524
0.198847
0.237458
0.236344
0.185503
0.177161
0.156374
0.168397
0.186999
0.196773
0.172426
0.182512
0.187723
0.183468
0.186635
0.197160
0.212493
0.202777
0.202929
0.188414
0.206714
0.209577
0.199764
0.186212
0.159461
0.184654
0.183686
0.168434
0.166033
0.212838
0.189060
0.197598
0.190883
0.189209
0.197241
0.195716
0.208323
0.196412
0.179454
0.217288
0.180187
0.187839
0.209750
0.162223
0.166074
0.190588
0.220012
0.175948
0.180086
0.206064
0.164532
0.172915
0.214775
0.190643
0.197935
0.198598
0.187828
0.211212
0.208496
0.192547
0.193677
0.175460
0.163549
0.176892
0.208335
0.222774
0.171268
0.186928
0.202163
0.202485
0.207425
0.224632
0.187772
0.198367
0.184922
0.224791
0.228659
0.202356
0.175406
0.172733
0.217525
0.227479
0.215143
0.166796
0.181138
0.220794
0.170176
0.242612
0.217340
0.219558
0.183882
0.152627
0.164701
0.216075
0.182535
0.184573
0.200129
0.206032
0.183742
0.188634
0.199411
0.190084
0.196582
0.203820
0.207458
0.204558
0.189903
0.200495
0.165934
0.205742
0.181698
0.190833
0.198594
0.202580
0.183791
0.173999
0.175204
0.166172
0.195618
0.148715
0.200086
0.204904
0.233441
0.230841
0.200614
0.195464
0.219517
0.204498
0.184065
0.191514
0.204631
0.241148
0.196666
0.228839
0.242500
0.169192
0.174171
0.209824
0.160624
0.173956
0.221292
0.190986
0.180128
0.157895
0.162267
0.211458
0.210667
0.183424
0.170198
0.196035
0.182777
0.199067
0.174879
0.186400
0.171807
0.186330
0.206241
0.180035
0.185135
0.173400
0.147406
0.175927
0.172821
0.170825
0.194721
0.158105
0.186529
0.188627
0.207808
0.222124
0.182163
0.186120
0.176990
0.203724
0.167877
0.185354
0.189069
0.204154
0.198944
0.181519
0.200998
0.152096
0.195370
0.187217
0.186930
0.182546
0.220648
0.211737
0.194073
0.199679
0.173195
0.209721
0.220076
0.205986
0.184819
0.189099
0.188595
0.166047
0.176572
0.170599
0.165393
0.171385
0.162207
0.187061
0.219180
0.175592
0.200856
0.159165
0.182527
0.219421
0.185925
0.216530
0.179194
0.200779
0.187160
0.205804
0.213077
0.197583
0.182415
0.185711
0.194841
0.166267
0.168607
0.185909
0.174535
0.173927
0.196530
0.203186
0.164144
0.175380
0.181090
0.189704
0.193104
0.191565
0.201988
0.203380
0.206352
0.163382
0.165759
0.201080
0.177239
0.222088
0.179025
0.208017
0.179584
0.187613
0.193160
0.207372
0.173481
0.184962
0.199003
0.172676
0.156786
0.161011
0.212921
0.219469
0.159077
0.160999
0.205222
0.244977
0.206785
0.197430
0.181753
0.235105
0.174237
0.190681
0.206443
0.170902
0.187232
0.215341
0.206613
0.180804
0.195768
0.221730
0.185260
0.167987
0.179363
0.173235
0.175961
0.183767
0.200217
0.191835
0.186873
0.209205
0.204285
0.210077
0.186061
0.158634
0.193741
0.186414
0.211800
0.226428
0.210769
0.229711
0.226563
0.201349
0.210536
0.207288
0.193051
0.193229
0.178426
0.152277
0.195588
0.220075
0.205046
0.208908
0.160020
0.198167
0.192316
0.193861
0.193373
0.184950
0.184215
0.166269
0.171981
0.187734
0.256969
0.164527
0.177854
0.185531
0.163366
0.177576
0.165654
0.180409
0.219116
0.156789
0.173272
0.218708
0.163367
0.160957
0.167280
0.165568
0.174953
0.214168
0.201566
0.191098
0.180734
0.178802
0.184292
0.183149
0.237434
0.213578
0.217184
0.199341
0.219695
0.194356
0.167039
0.171702
0.171590
0.217999
0.150854
0.177067
0.175032
0.155399
0.190067
0.172048
0.217911
0.200614
0.240155
0.198344
0.210264
0.196543
0.210047
0.172806
0.187930
0.164165
0.190857
0.181052
0.193544
0.221241
0.205940
0.188860
0.222056
0.182497
0.209728
0.217622
0.176711
0.187078
0.189353
0.220316
0.205659
0.162926
0.191473
0.209337
0.205377
0.204597
0.185437
0.152277
0.183503
0.180868
0.151423
0.176609
0.184543
0.181115
0.163408
0.182635
0.217041
0.204881
0.185384
0.205634
0.230436
0.240840
0.187533
0.194610
0.184380
0.188588
0.178133
0.214262
0.199269
0.165461
0.200360
0.171376
0.167174
0.188648
0.219095
0.202257
0.188282
0.202126
0.210260
0.188772
0.170740
0.148695
0.191992
0.213212
0.186708
0.201468
0.192703
0.193588
0.176765
0.198255
0.187793
0.204085
0.174730
0.202782
0.200540
0.219562
0.235372
0.227894
0.194309
0.223370
0.184256
0.168952
0.185905
0.178429
0.215760
0.226659
0.167458
0.166334
0.138489
0.177331
0.157129
0.205376
0.222634
0.161490
0.198289
0.173698
0.177920
0.203223
0.172065
0.163800
0.200482
0.173829
0.148797
0.177776
0.186546
0.168128
0.158772
0.226410
0.209507
0.228042
0.235279
0.192065
0.187383
0.190808
0.198914
0.202280
0.161993
0.187703
0.223263
0.239938
0.204081
0.192823
0.175437
0.181903
0.182681
0.188595
0.165210
0.183455
0.222896
0.203809
0.178320
0.210269
0.166248
0.178488
0.174778
0.185117
0.178454
0.195458
0.183867
0.175857
0.191098
0.201620
0.228212
0.203921
0.151802
0.192957
0.209585
0.201920
0.201526
0.185688
0.173065
0.168220
0.179561
0.229118
0.164292
0.169895
0.197190
0.195341
0.190154
0.172988
0.193143
0.174477
0.174786
0.184056
0.188771
0.242122
0.211204
0.193257
0.205143
0.174341
0.197409
0.182504
0.189428
0.167241
0.178246
0.206002
0.195525
0.192426
0.180431
0.194817
0.194786
0.174729
0.203970
0.220740
0.206424
0.188622
0.171697
0.154432
0.181968
0.183621
0.188603
0.139739
0.178129
0.220397
0.207296
0.178628
0.179630
0.170915
0.213497
0.180533
0.169292
0.197062
0.171746
0.207890
0.189235
0.227971
0.205049
0.200103
0.205715
0.180966
0.178919
0.200826
0.184144
0.198923
0.214955
0.186571
0.176847
0.193269
0.163829
