0.015747
4.347111
0.127859
0.151728
0.130412
0.121729
0.126675
0.133621
0.127703
0.125931
0.131445
0.130621
0.127219
0.137262
0.138080
0.137707
0.123284
0.161731
0.143104
0.131277
0.125733
0.138502
0.132081
0.143944
0.152092
0.216298
0.169603
0.158086
0.147140
0.175884
0.173111
0.148271
0.167610
0.193401
0.150236
0.175408
0.155462
0.166316
0.144468
0.159749
0.179998
0.154561
0.162410
0.172071
0.149191
0.154208
0.168745
0.152020
0.156860
0.162626
0.227108
0.204883
0.155171
0.152800
0.160683
0.158100
0.144732
0.162116
0.162123
0.151881
0.165625
0.182744
0.170697
0.168269
0.188125
0.158864
0.164675
0.149764
0.160186
0.184879
0.210390
0.158090
0.164486
0.154076
0.172611
0.155155
0.183074
0.178339
0.159448
0.159825
0.146916
0.218066
0.185104
0.159532
0.161265
0.163294
0.170121
0.150456
0.168766
0.154867
0.180494
0.164631
0.162215
0.146691
0.167718
0.196662
0.158068
0.186930
0.154793
0.178420
0.173721
0.166490
0.159180
0.159909
0.159521
0.176202
0.154467
0.163639
0.145218
0.176012
0.158158
0.157995
0.150759
0.161311
0.187838
0.154630
0.158238
0.147835
0.152795
0.172103
0.158436
0.145412
0.150858
0.157499
0.157365
0.172538
0.170922
0.172156
0.164663
0.164490
0.146600
0.149021
0.164223
0.150571
0.168301
0.158862
0.155267
0.147072
0.161459
0.152556
0.161145
0.164990
0.206136
0.171614
0.156567
0.169112
0.204345
0.147811
0.181244
0.160661
0.168306
0.174818
0.156931
0.189721
0.151397
0.154160
0.162186
0.175710
0.153635
0.161502
0.151942
0.191065
0.209695
0.153708
0.162021
0.158439
0.173237
0.149219
0.150515
0.151196
0.176888
0.148911
0.153514
0.165137
0.151033
0.151880
0.172242
0.158057
0.165090
0.181865
0.172400
0.148962
0.154467
0.158243
0.159917
0.168837
0.151080
0.192090
0.152123
0.174786
0.152090
0.172959
0.178743
0.166245
0.182976
0.148993
0.157358
0.155358
0.145685
0.167316
0.155732
0.166342
0.165605
0.145138
0.148428
0.144424
0.160897
0.150568
0.173491
0.170336
0.187384
0.150519
0.149837
0.176520
0.156762
0.186618
0.148104
0.149866
0.162801
0.156664
0.168200
0.175794
0.154446
0.170717
0.153255
0.161434
0.152123
0.159648
0.154563
0.187663
0.154590
0.153083
0.165007
0.179141
0.157784
0.186410
0.164199
0.155498
0.153192
0.170455
0.155265
0.157747
0.151077
0.203440
0.198408
0.153437
0.167279
0.170541
0.170919
0.161962
0.160736
0.152407
0.150535
0.161956
0.173537
0.149220
0.167011
0.167989
0.153609
0.181508
0.154297
0.202336
0.235818
0.196065
0.148931
0.156224
0.158061
0.177615
0.182665
0.163881
0.167768
0.161463
0.148667
0.151006
0.157237
0.155313
0.164217
0.217273
0.171578
0.155952
0.148430
0.148558
0.152308
0.154722
0.168005
0.179663
0.167480
0.165337
0.159901
0.171467
0.150486
0.149490
0.178251
0.154822
0.164909
0.165636
0.143663
0.144486
0.157621
0.150820
0.181634
0.145891
0.158941
0.167667
0.196702
0.148208
0.166706
0.178119
0.164879
0.163254
0.149479
0.216648
0.176798
0.216837
0.196518
0.159502
0.171918
0.154965
0.166099
0.163814
0.148227
0.158791
0.214297
0.172714
0.161156
0.201662
0.167599
0.164732
0.172071
0.170294
0.180707
0.181463
0.155650
0.147862
0.161762
0.158195
0.152950
0.150566
0.186566
0.157004
0.174789
0.169393
0.148895
0.172075
0.162241
0.173939
0.149971
0.177883
0.146420
0.161970
0.181238
0.157626
0.149091
0.156105
0.188135
0.183898
0.204286
0.157222
0.174248
0.168785
0.148753
0.183656
0.161711
0.153099
0.219749
0.160757
0.160469
0.152479
0.206269
0.158522
0.148459
0.197677
0.168812
0.203565
0.154986
0.158735
0.165394
0.162218
0.153596
0.186732
0.212787
0.152832
0.188654
0.176570
0.150120
0.172177
0.164635
0.161437
0.160693
0.166554
0.169579
0.167091
0.169499
0.151621
0.158533
0.173503
0.167243
0.154858
0.158512
0.202228
0.162725
0.150265
0.160196
0.158037
0.163829
0.153910
0.173921
0.155675
0.208241
0.182985
0.160787
0.168616
0.179004
0.149570
0.149358
0.162719
0.219872
0.157997
0.162524
0.241372
0.173303
0.159885
0.152912
0.159855
0.172189
0.190159
0.173420
0.154414
0.175636
0.164986
0.153160
0.168535
0.159634
0.171708
0.169959
0.168151
0.146238
0.147194
0.150646
0.150862
0.160705
0.158206
0.179849
0.159600
0.157803
0.178260
0.165528
0.160465
0.148925
0.150849
0.170309
0.171286
0.157057
0.165075
0.165115
0.157747
0.149102
0.152331
0.185548
0.164504
0.143847
0.156999
0.146952
0.143118
0.143338
0.155032
0.144060
0.153868
0.222856
0.145772
0.152825
0.168370
0.161906
0.168405
0.155553
0.171693
0.155430
0.156581
0.156052
0.167854
0.152472
0.157497
0.155983
0.171312
0.177957
0.201067
0.160290
0.151553
0.180406
0.164315
0.152719
0.159367
0.170931
0.143440
0.168215
0.155870
0.159556
0.171069
0.187680
0.156377
0.154579
0.170883
0.157841
0.155528
0.170654
0.153118
0.157859
0.155531
0.166643
0.162180
0.151404
0.187088
0.166375
0.172802
0.193514
0.168118
0.151412
0.148232
0.160475
0.199659
0.222975
0.154390
0.158083
0.153295
0.161765
0.165124
0.181396
0.169609
0.143354
0.153351
0.159838
0.182584
0.158291
0.162437
0.148290
0.152343
0.188786
0.176127
0.177413
0.168036
0.170176
0.154083
0.168519
0.147513
0.160060
0.173868
0.154668
0.177094
0.168694
0.161897
0.145118
0.161005
0.147845
0.171849
0.162515
0.154673
0.166492
0.160637
0.156645
0.151421
0.153832
0.162887
0.198704
0.154164
0.178181
0.192163
0.145015
0.232904
0.171562
0.154319
0.164955
0.160331
0.160057
0.152762
0.164985
0.171365
0.173880
0.152747
0.169538
0.146568
0.155905
0.147521
0.187067
0.176270
0.158083
0.163441
0.159661
0.165710
0.149789
0.157480
0.164227
0.172298
0.154487
0.146304
0.151978
0.174819
0.158164
0.159299
0.148277
0.155557
0.179194
0.159623
0.156676
0.148949
0.148236
0.167048
0.156619
0.164030
0.153855
0.171118
0.167070
0.166157
0.164336
0.169131
0.158841
0.159367
0.150897
0.164935
0.160604
0.157374
0.159365
0.168014
0.164504
0.197579
0.164588
0.162279
0.216335
0.147526
0.171625
0.166117
0.168187
0.185080
0.157678
0.151825
0.179202
0.182776
0.160947
0.164593
0.185783
0.151548
0.164162
0.167631
0.168346
0.167001
0.151949
0.160715
0.147089
0.146081
0.160223
0.150949
0.149003
0.150981
0.176657
0.168803
0.148968
0.159201
0.150055
0.146749
0.150037
0.145910
0.151207
0.186147
0.216209
0.154599
0.151221
0.153993
0.148348
0.158134
0.162151
0.152609
0.168340
0.156861
0.147999
0.168047
0.157691
0.165420
0.144268
0.160507
0.160064
0.144942
0.154967
0.159966
0.162510
0.159968
0.163164
0.160055
0.180204
0.162269
0.165899
0.186787
0.152834
0.148706
0.153600
0.172947
0.160730
0.159681
0.160674
0.155529
0.170458
0.193050
0.162940
0.148527
0.155736
0.150030
0.152402
0.153181
0.163668
0.156594
0.176809
0.158481
0.156023
0.157832
0.152703
0.158081
0.161047
0.166239
0.158388
0.165767
0.158644
0.156059
0.156628
0.149739
0.158458
0.159743
0.159992
0.163172
0.151212
0.149106
0.159569
0.149932
0.159787
0.147597
0.157390
0.162297
0.160087
0.162017
0.170759
0.183810
0.171251
0.169211
0.160540
0.150451
0.158812
0.148808
0.168460
0.159722
0.162076
0.151529
0.167431
0.170318
0.180633
0.167042
0.151773
0.150445
0.172482
0.156795
0.154547
0.164229
0.155162
0.156890
0.159210
0.164081
0.166859
0.184241
0.178175
0.166691
0.152921
0.154954
0.151720
0.159554
0.161087
0.169495
0.159629
0.174870
0.164966
0.162042
0.172354
0.164208
0.169585
0.161957
0.168163
0.173851
0.154754
0.166525
0.152155
0.153068
0.152944
0.184318
0.172975
0.150301
0.147346
0.178701
0.165015
0.167732
0.189392
0.177778
0.144111
0.157872
0.156712
0.161869
0.159266
0.152467
0.172435
0.168352
0.165112
0.205424
0.181246
0.164365
0.142198
0.147954
0.155837
0.159504
0.149607
0.151017
0.153273
0.173436
0.143361
0.141223
0.148515
0.160505
0.194916
0.159081
0.167456
0.160196
0.156627
0.156288
0.154626
0.187854
0.185051
0.160202
0.149697
0.152571
0.147726
0.157738
0.170741
0.142793
0.179594
0.216497
