0.00
547.21
549.74
537.80
489.09
505.30
427.91
455.33
453.12
428.35
445.06
488.14
452.92
446.48
418.03
429.54
413.31
434.54
433.41
459.11
451.44
462.41
452.01
507.67
518.90
539.35
544.18
546.88
556.14
553.54
551.35
553.47
543.06
539.48
545.18
545.65
549.61
538.45
546.77
544.87
548.22
552.69
546.11
544.46
552.04
543.57
541.47
550.55
543.54
544.20
538.73
534.76
536.30
540.94
538.23
542.96
543.04
540.50
534.35
545.63
525.50
527.85
534.66
544.06
533.28
531.36
531.45
515.10
534.13
511.48
532.05
520.50
546.57
547.81
544.21
537.64
537.74
542.07
544.44
538.55
542.22
538.80
538.72
545.57
533.31
535.51
533.23
530.95
531.91
545.08
495.49
533.72
545.32
543.22
548.05
539.59
552.82
552.87
550.69
551.92
553.94
542.72
550.45
545.08
543.78
542.50
539.51
525.98
547.34
543.26
539.10
539.57
530.81
528.11
531.15
541.76
527.64
515.07
524.78
514.84
520.37
501.38
512.95
527.01
494.05
509.11
501.64
519.31
517.90
515.48
486.69
525.80
511.66
524.66
504.56
531.26
524.20
529.93
499.48
524.69
525.09
530.05
533.21
510.91
518.32
529.55
538.93
540.92
535.46
501.04
531.61
508.68
518.60
494.53
501.82
513.35
526.00
500.67
488.21
518.79
539.51
508.89
548.08
538.39
539.57
554.89
529.96
538.97
544.37
548.51
539.33
546.89
543.80
555.00
539.35
549.99
549.98
553.70
541.59
547.85
541.34
540.78
532.80
536.41
528.89
520.99
506.78
510.79
461.43
510.78
520.82
510.81
544.65
494.12
524.88
507.85
511.35
525.22
481.97
503.94
498.65
510.38
511.44
496.07
528.40
522.01
520.50
502.96
497.64
459.60
427.26
410.28
311.59
347.30
287.45
397.37
346.17
341.31
385.51
368.46
342.15
336.57
379.35
390.08
390.65
402.00
407.91
382.79
387.92
364.29
353.89
326.47
328.94
327.75
329.03
305.71
328.85
360.21
337.32
287.21
263.24
293.44
256.12
273.34
235.88
237.98
255.24
226.24
260.68
174.61
231.36
239.93
246.47
159.71
194.30
214.67
210.71
224.59
202.00
247.80
209.85
188.45
185.61
257.26
260.36
265.40
302.93
294.15
248.83
310.93
311.85
286.80
293.33
277.73
231.59
317.05
299.61
197.35
292.14
234.97
275.72
213.08
195.16
164.96
129.02
171.93
135.82
241.33
224.71
128.37
231.94
179.89
139.56
99.27
95.62
144.85
123.04
285.19
294.23
231.63
236.72
254.85
345.80
269.07
200.92
188.63
197.85
187.32
260.22
162.71
282.62
125.34
244.35
181.41
201.07
230.27
272.31
329.31
213.03
212.27
285.37
286.47
334.23
252.79
284.83
322.78
257.52
310.14
360.50
312.97
307.02
310.93
316.21
307.99
298.15
296.87
348.70
326.35
385.85
306.80
340.67
347.66
309.79
308.55
304.73
323.15
238.37
265.50
278.46
435.66
306.45
303.19
270.56
382.22
386.42
397.02
279.91
311.80
347.41
300.26
308.38
279.50
306.41
304.75
326.05
342.84
356.25
365.06
370.62
455.54
383.57
289.21
370.04
326.53
328.56
301.74
294.01
351.13
295.44
405.76
308.50
291.39
257.09
354.98
286.52
259.68
370.79
324.83
256.15
432.30
323.96
362.00
329.35
361.68
341.83
404.72
424.43
412.65
372.77
396.55
414.00
420.11
450.24
441.58
428.45
432.62
416.85
398.31
417.63
384.51
390.68
370.57
376.87
345.50
386.73
363.28
285.66
364.71
317.99
318.38
303.05
337.24
252.52
354.11
286.93
303.04
295.45
257.17
267.11
265.60
336.66
253.19
323.81
270.18
249.40
298.81
264.70
267.73
296.46
315.43
245.51
349.77
249.41
267.16
304.21
245.40
237.42
333.34
306.83
334.90
377.34
275.45
234.04
295.81
241.87
211.06
281.72
249.93
310.47
276.33
348.33
241.77
221.23
333.55
261.28
269.12
279.88
348.20
327.12
370.44
340.86
314.13
340.64
354.51
307.32
332.93
311.65
321.33
320.57
221.66
290.28
211.55
313.83
277.52
349.39
230.98
202.03
307.23
242.07
186.57
298.67
190.53
291.52
204.63
194.28
153.51
281.67
239.86
197.03
179.59
279.54
223.91
269.41
196.49
181.43
174.65
234.19
197.93
242.63
161.31
203.32
220.49
165.18
188.99
233.46
190.78
219.05
218.86
148.46
183.44
229.40
186.86
194.34
149.18
191.81
172.62
177.19
161.34
158.41
188.21
186.99
159.14
149.84
116.64
146.12
124.90
185.32
130.56
127.43
133.06
118.72
96.20
95.66
119.48
160.54
137.64
182.72
157.22
160.62
225.46
150.96
164.71
180.90
155.24
183.47
173.44
149.36
141.88
127.69
222.79
210.56
243.75
215.51
