0.00
567.61
552.95
556.62
560.31
555.73
556.36
523.98
558.25
555.35
560.67
551.82
547.99
553.06
552.93
558.68
554.98
557.41
559.23
562.71
561.82
565.20
565.20
565.02
560.01
565.85
560.80
556.11
555.60
556.11
560.55
558.61
564.20
528.77
559.35
549.48
556.42
555.64
563.07
565.54
555.18
554.61
549.85
555.96
550.30
537.21
555.63
557.63
559.47
541.68
562.63
560.96
557.47
566.50
562.15
537.67
555.41
555.56
563.39
559.13
553.05
550.35
554.78
553.63
543.36
549.30
558.46
563.38
564.82
563.35
558.77
558.81
553.82
551.56
545.82
551.10
543.63
548.64
540.13
554.40
549.13
554.98
540.76
518.73
517.01
527.10
550.29
536.36
546.23
550.16
543.43
525.99
522.50
532.69
512.95
545.69
524.96
533.12
529.96
534.14
538.14
535.66
546.60
539.65
551.60
542.89
549.43
548.73
557.58
558.92
562.61
563.06
559.45
554.30
553.68
556.68
552.64
554.05
548.52
552.12
559.96
561.91
557.58
561.39
561.46
557.36
562.07
560.14
561.22
555.11
550.29
560.17
559.64
561.66
564.49
560.93
558.78
558.50
560.10
554.12
555.62
551.91
557.25
555.72
556.81
550.33
553.91
546.80
554.62
546.49
549.65
555.21
557.20
551.86
557.65
551.50
547.75
535.63
546.20
537.84
536.15
543.30
555.63
560.93
554.01
554.60
549.12
548.90
552.13
560.45
559.75
554.96
534.26
558.14
550.00
556.50
553.15
541.31
553.47
550.26
556.88
553.39
550.95
559.05
557.91
561.33
563.91
557.02
544.03
558.11
557.81
552.81
543.04
549.05
533.85
534.66
552.41
534.24
542.99
537.95
526.28
530.64
541.74
549.32
539.42
541.47
508.75
520.81
504.65
490.16
542.07
538.90
546.99
550.42
527.69
552.26
551.02
549.37
543.43
553.02
538.33
547.89
551.23
549.68
536.28
557.69
554.31
557.01
562.07
561.01
559.66
560.95
553.58
562.72
551.67
550.30
544.25
538.07
536.68
528.35
523.07
520.18
529.90
541.17
542.99
537.58
550.27
544.32
560.93
556.65
557.60
562.63
555.43
553.73
554.95
539.99
526.58
531.67
511.86
532.20
512.80
551.41
548.02
559.02
560.46
557.07
545.96
562.79
560.23
561.76
552.36
555.01
545.67
537.49
554.03
540.43
549.85
551.42
558.70
471.98
558.66
513.22
556.85
505.00
555.83
549.06
561.36
522.23
553.56
555.54
494.25
531.61
521.55
541.33
530.47
526.99
545.53
544.54
534.40
550.22
547.87
552.03
550.82
527.11
534.98
540.39
536.29
543.90
550.62
541.86
526.55
523.52
519.74
523.56
541.20
538.66
523.96
545.59
552.17
549.68
543.91
548.74
549.71
549.22
547.76
547.86
546.64
546.21
549.69
517.99
539.05
523.88
545.98
548.76
542.59
544.00
544.49
547.07
548.31
544.04
544.45
545.14
516.06
547.44
555.53
539.59
544.86
538.15
547.27
545.76
543.32
513.83
544.85
548.77
545.68
543.31
538.24
551.02
541.71
541.26
515.67
552.25
538.78
524.70
552.36
518.83
515.54
557.56
558.24
538.06
471.53
545.54
511.36
559.03
495.91
551.88
533.41
516.92
549.68
534.03
499.91
557.40
497.67
556.65
509.87
546.43
512.36
537.03
515.25
515.13
532.08
502.70
472.06
464.14
518.57
481.80
427.78
465.95
442.44
489.55
486.45
509.49
467.12
473.28
492.30
485.39
476.35
452.99
498.71
472.36
466.45
507.18
462.42
501.74
509.71
490.71
373.86
336.23
396.59
329.27
234.93
310.55
380.91
345.28
416.01
420.07
434.78
416.24
331.29
403.46
525.83
391.83
327.79
410.36
457.14
302.05
438.67
474.86
397.48
444.86
430.10
477.43
407.77
418.46
388.37
396.32
330.77
386.41
417.68
414.49
328.86
285.44
391.71
375.92
416.00
398.66
392.57
428.82
426.85
417.24
431.58
429.25
408.79
401.85
303.42
385.97
368.15
281.12
