0.00
0.89
0.90
0.90
0.87
0.90
0.90
0.89
0.89
0.88
0.87
0.89
0.89
0.89
0.88
0.88
0.88
0.87
0.88
0.88
0.89
0.90
0.91
0.90
0.91
0.89
0.88
0.88
0.87
0.88
0.88
0.86
0.86
0.85
0.84
0.84
0.84
0.83
0.80
0.81
0.81
0.79
0.77
0.75
0.66
0.78
0.70
0.75
0.69
0.68
0.69
0.73
0.75
0.74
0.77
0.77
0.78
0.80
0.79
0.78
0.77
0.79
0.80
0.80
0.80
0.81
0.81
0.82
0.84
0.82
0.84
0.83
0.83
0.83
0.82
0.84
0.84
0.84
0.84
0.84
0.85
0.85
0.83
0.85
0.85
0.81
0.82
0.83
0.79
0.82
0.79
0.83
0.79
0.77
0.76
0.72
0.73
0.71
0.74
0.70
0.72
0.75
0.72
0.69
0.71
0.63
0.64
0.65
0.68
0.63
0.54
0.61
0.49
0.57
0.59
0.55
0.62
0.66
0.64
0.65
0.67
0.65
0.66
0.68
0.60
0.64
0.61
0.66
0.68
0.66
0.62
0.64
0.60
0.68
0.62
0.66
0.62
0.64
0.62
0.62
0.60
0.66
0.67
0.67
0.68
0.53
0.56
0.52
0.49
0.53
0.62
0.57
0.61
0.53
0.58
0.55
0.52
0.63
0.54
0.61
0.56
0.52
0.51
0.52
0.50
0.39
0.47
0.53
0.52
0.50
0.51
0.55
0.56
0.50
0.52
0.53
0.52
0.55
0.58
0.53
0.52
0.49
0.49
0.62
0.61
0.54
0.59
0.60
0.59
0.59
0.60
0.57
0.57
0.55
0.57
0.56
0.56
0.53
0.55
0.55
0.51
0.52
0.46
0.60
0.49
0.54
0.54
0.58
0.59
0.60
0.59
0.59
0.56
0.57
0.60
0.59
0.55
0.56
0.55
0.56
0.58
0.58
0.63
0.63
0.55
0.61
0.60
0.57
0.57
0.59
0.61
0.58
0.61
0.64
0.63
0.63
0.64
0.60
0.59
0.65
0.65
0.63
0.62
0.67
0.68
0.68
0.65
0.62
0.61
0.66
0.60
0.65
0.63
0.62
0.55
0.54
0.54
0.54
0.56
0.63
0.57
0.55
0.57
0.59
0.59
0.56
0.57
0.55
0.57
0.60
0.55
0.53
0.52
0.47
0.48
0.40
0.45
0.54
0.51
0.50
0.47
0.51
0.44
0.51
0.52
0.47
0.46
0.44
0.41
0.52
0.47
0.54
0.50
0.52
0.49
0.42
0.47
0.40
0.35
0.38
0.34
0.29
0.33
0.35
0.40
0.30
0.28
0.23
0.30
0.29
0.29
0.36
0.26
0.28
0.28
0.18
0.20
0.17
0.39
0.37
0.35
0.35
0.29
0.38
