0.055111
0.194182
0.166932
0.182822
0.194197
0.126145
0.159345
0.161512
0.152694
0.153617
0.164597
0.217541
0.151359
0.135830
0.157216
0.175196
0.188415
0.141418
0.158117
0.154774
0.137295
0.181097
0.155976
0.145518
0.170846
0.145828
0.154088
0.178977
0.176430
0.161472
0.147156
0.129674
0.192516
0.156068
0.143573
0.160201
0.170955
0.163657
0.159281
0.169776
0.169128
0.145986
0.199007
0.148195
0.162643
0.159669
0.189441
0.159318
0.171371
0.166325
0.174068
0.147550
0.162462
0.172157
0.194497
0.179899
0.195158
0.179894
0.171116
0.160625
0.166749
0.142622
0.146944
0.164507
0.172595
0.171686
0.154644
0.169451
0.155087
0.153949
0.143211
0.188743
0.138738
0.157461
0.162057
0.159519
0.184264
0.161591
0.166368
0.135780
0.152980
0.129563
0.161493
0.164955
0.208162
0.176408
0.179851
0.159975
0.154746
0.182245
0.173750
0.140326
0.168728
0.146688
0.149730
0.127991
0.163650
0.198076
0.176997
0.175182
0.201793
0.164449
0.149962
0.155425
0.165947
0.147487
0.164622
0.203625
0.162840
0.153593
0.154673
0.166733
0.145648
0.157104
0.148107
0.132975
0.153766
0.134502
0.178743
0.135006
0.152433
0.171703
0.158595
0.197538
0.196200
0.197440
0.153625
0.130686
0.176719
0.143342
0.135091
0.156615
0.140812
0.199976
0.184631
0.163144
0.163858
0.165108
0.150061
0.160394
0.138394
0.151091
0.159940
0.182323
0.157414
0.148856
0.139855
0.153928
0.164473
0.179782
0.155605
0.181073
0.188917
0.195582
0.183704
0.162316
0.162220
0.157978
0.165710
0.165343
0.187010
0.163783
0.191184
0.189057
0.178320
0.149007
0.203190
0.139007
0.164210
0.141721
0.180485
0.157403
0.161713
0.150903
0.161499
0.144934
0.165808
0.174765
0.180065
0.159794
0.156641
0.175366
0.176146
0.173886
0.130314
0.165345
0.148449
0.142748
0.145935
0.169957
0.185836
0.148732
0.182859
0.209486
0.210466
0.207297
0.223979
0.155584
0.171061
0.168529
0.159840
0.165337
0.167234
0.147728
0.153232
0.189380
0.145005
0.175510
0.151349
0.155934
0.167974
0.173172
0.152898
0.181764
0.177211
0.163164
0.147159
0.170705
0.169914
0.159294
0.154836
0.171556
0.196109
0.196909
0.175457
0.161703
0.176811
0.177969
0.163614
0.155226
0.152121
0.164683
0.179594
0.169921
0.165813
0.158795
0.167304
0.130528
0.148810
0.148521
0.146291
0.158592
0.141713
0.153125
0.155206
0.130439
0.147348
0.183940
0.153276
0.140619
0.147396
0.150092
0.141441
0.142332
0.129981
0.132432
0.130324
0.122476
0.130569
0.125373
0.125086
0.129256
0.139339
0.144554
0.149957
0.155699
0.134284
0.146440
0.163417
0.173596
0.158317
0.173853
0.171048
0.183420
0.165799
0.158462
0.208215
0.198837
0.193304
0.172397
0.205755
0.170466
0.178112
0.177551
0.173633
0.250709
0.191907
0.169566
0.195162
0.214955
0.168547
0.214884
0.184535
0.167705
0.227635
0.217007
0.222766
0.178310
0.189843
0.216007
0.224311
0.220947
0.221447
0.179981
0.193286
0.178547
0.200173
0.206204
0.223016
0.213284
0.195272
0.197925
0.192759
0.186159
0.182126
0.197805
0.182738
0.200881
0.192209
0.234922
0.176169
0.220386
0.242035
0.189277
0.190948
0.219746
0.234278
0.207193
0.193687
