0.053583
0.103499
0.075897
0.073761
0.083817
0.109545
0.100962
0.097531
0.104471
0.103489
0.103931
0.092474
0.081289
0.082676
0.107575
0.090566
0.086517
0.077963
0.077432
0.078773
0.086238
0.106663
0.083063
0.071685
0.073145
0.112214
0.103965
0.079764
0.096989
0.077632
0.067600
0.079870
0.109585
0.119519
0.115204
0.100476
0.088383
0.089273
0.106434
0.110521
0.099513
0.110309
0.075750
0.103690
0.089361
0.114915
0.100627
0.103745
0.100938
0.107167
0.100609
0.079760
0.099465
0.105197
0.104385
0.094058
0.081147
0.085906
0.116693
0.080690
0.093506
0.094480
0.108456
0.110878
0.087704
0.088666
0.103943
0.089225
0.093180
0.110739
0.100177
0.084364
0.108592
0.092854
0.122678
0.110821
0.095288
0.111490
0.096554
0.071117
0.068003
0.083154
0.083253
0.098316
0.105607
0.096477
0.101581
0.110202
0.114740
0.102776
0.081000
0.077411
0.134201
0.087187
0.099945
0.114894
0.087117
0.105737
0.099168
0.120378
0.100552
0.088035
0.106111
0.093627
0.081029
0.095381
0.083606
0.094942
0.103686
0.098393
0.084971
0.097638
0.086480
0.094900
0.103778
0.078710
0.099622
0.099689
0.088201
0.100366
0.067996
0.083281
0.098895
0.112799
0.106010
0.090838
0.097786
0.120122
0.112404
0.109881
0.104383
0.108242
0.088156
0.112388
0.082632
0.115119
0.087229
0.094956
0.073440
0.089133
0.090211
0.097966
0.077447
0.104909
0.104830
0.085389
0.106584
0.103067
0.100069
0.091745
0.093607
0.107197
0.113997
0.090787
0.101575
0.107369
0.099586
0.098460
0.107956
0.092564
0.090930
0.097479
0.073599
0.099413
0.103675
0.104542
0.089810
0.131859
0.116127
0.110947
0.095669
0.092613
0.104240
0.085811
0.100789
0.111476
0.099499
0.091791
0.095427
0.091071
0.107673
0.089870
0.082449
0.083289
0.099682
0.097324
0.110192
0.096880
0.104984
0.087136
0.081691
0.084069
0.095366
0.096053
0.094742
0.067908
0.095702
0.099588
0.103397
0.099627
0.110629
0.099798
0.104117
0.112538
0.116089
0.106947
0.102136
0.078753
0.075940
0.131548
0.092006
0.086002
0.100706
0.078576
0.083546
0.115721
0.107732
0.094692
0.109941
0.096320
0.097673
0.096167
0.099765
0.086877
0.087491
0.093617
0.087098
0.074209
0.106015
0.093026
0.081800
0.078315
0.083985
0.105071
0.078142
0.073638
0.136598
0.096842
0.114069
0.105081
0.093197
0.099320
0.090663
0.085036
0.097926
0.068830
0.093489
0.081355
0.113970
0.090685
0.107959
0.072705
0.101337
0.100086
0.098648
0.107014
0.102181
0.088575
0.088884
0.080857
0.095996
0.094459
0.111898
0.091653
0.102540
0.097548
0.113348
0.089679
0.087313
0.086934
0.084781
0.111008
0.109190
0.099376
0.086058
0.103504
0.090407
0.093468
0.093202
0.095001
0.083604
0.084627
0.105420
0.066403
0.072809
0.113592
0.116475
0.106972
0.083405
0.072957
0.123104
0.102775
0.106586
0.086831
0.113051
0.105420
0.097499
0.097638
0.109075
0.103358
0.098575
0.102383
0.101113
0.083910
0.092118
0.112553
0.120621
0.091119
0.107943
