0.00
339.72
460.32
447.30
447.80
423.08
441.37
450.25
458.87
459.16
471.13
407.61
484.84
497.72
482.82
432.65
482.95
418.77
387.75
438.31
432.03
453.16
396.65
431.25
449.42
451.74
381.90
385.22
370.68
383.26
335.01
379.75
414.67
414.46
260.44
255.82
313.77
468.50
244.51
270.68
366.30
392.38
353.01
244.80
383.55
462.37
244.29
228.51
303.21
311.44
257.05
289.45
283.44
422.68
291.26
289.53
255.72
262.69
217.38
290.85
322.43
490.04
353.11
305.01
375.75
335.14
286.18
233.72
289.21
403.65
213.79
293.36
226.80
276.56
282.42
280.90
225.93
344.34
240.49
254.18
187.01
210.60
215.39
345.74
223.59
185.89
302.69
184.93
171.09
122.26
110.86
156.58
140.27
165.95
182.03
168.35
107.33
208.39
169.31
163.71
174.96
271.89
197.09
140.80
180.79
198.03
132.53
135.83
218.33
249.51
165.06
192.88
162.49
161.26
124.06
114.41
94.40
111.68
138.56
107.51
138.88
82.33
115.07
145.44
222.16
212.82
209.15
180.50
172.10
115.37
141.47
135.17
164.72
168.85
133.06
60.55
136.86
121.13
58.90
115.24
186.57
326.21
170.87
119.65
223.62
131.46
165.71
