0.015041
0.070773
0.095312
0.081019
0.066279
0.074920
0.095695
0.097631
0.081455
0.094027
0.099838
0.081151
0.081831
0.098106
0.101153
0.095431
0.091153
0.092575
0.083270
0.099440
0.097987
0.092732
0.090860
0.100540
0.103611
0.089082
0.096293
0.108045
0.106418
0.089997
0.085373
0.097768
0.116394
0.095101
0.090170
0.104954
0.108656
0.100219
0.103549
0.096617
0.092902
0.096577
0.089175
0.102499
0.105457
0.114317
0.102468
0.106219
0.133848
0.108959
0.093961
0.097696
0.098598
0.107870
0.114178
0.091251
0.093310
0.110211
0.106085
0.120884
0.085714
0.089271
0.075022
0.074955
0.072504
0.077921
0.102326
0.091650
0.080996
0.084733
0.115481
0.117796
0.081316
0.089240
0.073955
0.114428
0.092293
0.119289
0.078219
0.101106
0.087476
0.098091
0.095005
0.100137
0.090519
0.102259
0.104391
0.082867
0.085577
0.093055
0.080900
0.097306
0.082130
0.080067
0.113193
0.086296
0.085215
0.120521
0.106548
0.088542
0.096032
0.086921
0.096722
0.115246
0.093754
0.107728
0.088655
0.091179
0.106483
0.102825
0.097695
0.109498
0.098120
0.093403
0.087912
0.094758
0.098478
0.095482
0.109193
0.097643
0.120928
0.085505
0.093545
0.093003
0.095450
0.093696
0.095931
0.102804
0.085236
0.093966
0.106172
0.097827
0.121081
0.113327
0.115194
0.092850
0.086499
0.093761
0.091041
0.087678
0.099421
0.112512
0.096043
0.079800
0.078344
0.099417
0.097446
0.093658
0.093161
0.107447
0.104667
0.073793
0.097270
0.106923
0.077832
0.093344
0.102378
0.085315
0.098633
0.101057
0.093432
0.100880
0.094109
0.109945
0.111024
0.105265
0.093943
