0.094445
0.092311
0.086249
0.088149
0.105186
0.088866
0.079036
0.078860
0.093560
0.078361
0.076469
0.095667
0.098962
0.086267
0.088136
0.095981
0.096329
0.071980
0.089732
0.097442
0.095294
0.089322
0.102408
0.103792
0.090911
0.093403
0.111309
0.107937
0.082898
0.079860
0.098289
0.096867
0.093362
0.098485
0.104442
0.090812
0.074467
0.076505
0.063485
0.104609
0.105515
0.080303
0.077341
0.118560
0.091734
0.073877
0.076639
0.111329
0.083934
0.109227
0.087205
0.081645
0.075722
0.099028
0.086278
0.098272
0.092218
0.101387
0.091719
0.098149
0.103098
0.090344
0.097179
0.097259
0.100685
0.096853
0.086762
0.113175
0.097117
0.088291
0.079197
0.090773
0.094190
0.099916
0.087639
0.106477
0.095324
0.081565
0.075830
0.081280
0.076522
0.108312
0.101260
0.083820
0.077957
0.095438
0.097550
0.090106
0.089152
0.088700
0.087657
0.085258
0.090633
0.088245
0.090418
0.086810
0.091039
0.094710
0.084999
0.086315
0.089545
0.076653
0.113972
0.090731
0.084200
0.091413
0.079208
0.099817
0.091927
0.085368
0.084925
0.093578
0.112722
0.089741
0.088630
0.105235
0.089118
0.089110
0.082160
0.089072
0.092780
0.086094
0.094996
0.089065
0.088444
0.074714
0.085891
0.100349
0.094852
0.102812
0.100271
0.094435
0.081220
0.108372
0.106036
0.103906
0.077398
0.074608
0.082900
0.075625
0.089714
0.073955
0.099638
0.080805
0.081113
0.082980
0.098393
0.086250
0.076366
0.083344
0.074276
0.112541
0.072988
0.079948
0.106808
0.087997
0.096407
0.086716
0.093147
0.105490
0.084571
0.090725
0.111249
0.103917
0.080724
0.091237
0.104740
0.091757
0.110200
0.098894
0.102348
0.091170
0.108906
0.095832
0.111216
0.091075
0.086178
0.077118
0.084370
0.083310
0.102147
0.113426
0.090510
0.099878
0.088605
0.086887
0.110270
0.096799
0.107601
0.106090
0.094068
0.092232
0.090267
0.089756
0.089631
0.095673
0.103617
0.094421
0.086651
0.084289
0.099027
0.076667
0.081913
0.096173
0.114034
0.090197
0.073764
0.101414
0.084408
0.083592
0.142456
0.127558
0.085242
0.091078
0.088250
0.095188
0.084495
0.101821
0.092859
0.102726
0.077715
0.116330
0.097764
0.096406
0.088216
0.075754
0.091833
0.086089
0.064455
0.079140
0.092169
0.090140
0.097503
0.091424
0.082271
0.123317
0.082814
0.077574
0.077290
0.072947
0.115662
0.076043
0.078363
0.124393
0.099813
0.101548
0.094833
0.120692
0.105565
0.091048
0.088281
0.076317
0.072858
0.093555
0.091944
0.082607
0.094481
0.092213
0.093346
0.087107
0.076724
0.087453
0.091161
0.095959
0.107374
0.097019
0.105425
0.093117
0.088582
0.098993
0.106068
0.094285
0.088830
0.069780
0.097242
0.081287
0.095462
0.090143
0.068722
0.092027
0.103854
0.100936
0.112959
0.091326
0.115957
0.088223
0.082120
0.098811
0.097967
0.104646
0.086676
0.097721
0.100446
0.111650
0.109035
0.100531
0.081809
0.076677
0.076638
0.080434
0.090567
0.101327
0.076388
0.100263
0.085845
0.103173
0.084608
0.090060
0.098799
0.087763
0.092456
0.088627
0.107749
0.094137
0.104065
0.093764
0.108624
0.091196
0.079590
0.104319
0.075697
0.093507
0.103171
0.082959
0.107992
0.088579
0.090743
0.094810
0.094754
0.094890
0.093081
0.093026
0.089958
0.081944
0.091626
0.088196
0.087492
0.106223
0.118646
0.109034
0.082206
0.080979
0.081576
0.094453
0.098166
0.085773
0.089408
0.095518
0.111670
0.098412
0.087250
0.091792
0.092314
0.083013
0.100926
0.081336
0.108294
0.085833
0.089117
0.098989
0.112265
0.101060
0.084850
0.101364
0.090142
0.103544
0.105392
0.105152
0.101175
0.083735
0.087368
0.101710
0.100207
0.093333
0.096156
0.094088
0.081798
0.101119
0.099592
0.081772
0.080760
0.098405
0.111591
0.106671
0.084610
0.102789
0.078375
0.068210
0.085133
0.110881
0.097248
0.092708
0.088482
0.090250
0.099882
0.089695
0.088698
0.098261
0.099994
0.102570
0.082097
0.100943
0.086466
0.074767
0.068568
0.090649
0.088708
0.108198
0.102733
0.088587
0.081371
0.088549
0.078598
0.077176
0.077880
0.079308
0.077658
0.082758
0.088712
0.073804
0.093735
0.105122
0.124267
0.103615
0.080740
0.096820
0.105628
