0.00
344.85
415.60
350.50
312.67
359.03
237.99
367.70
243.72
357.74
316.46
223.96
226.18
359.13
281.53
350.14
365.43
357.89
239.82
229.96
214.92
251.03
218.73
217.79
231.35
292.12
192.44
194.15
264.56
187.28
242.84
200.49
145.09
256.05
257.40
145.27
225.69
317.83
253.69
263.88
271.12
282.50
276.59
301.44
273.96
330.26
328.74
304.55
358.00
338.28
334.52
278.94
317.61
241.49
222.64
210.64
229.13
289.69
336.66
288.30
303.66
317.13
348.69
343.42
357.74
265.61
362.87
307.99
353.05
300.91
243.53
408.61
359.48
388.65
389.82
382.87
378.17
352.72
367.29
384.99
341.19
307.46
302.07
363.62
300.46
324.86
231.79
220.69
187.05
232.53
242.82
297.50
226.59
303.20
323.44
268.41
267.64
239.98
346.43
245.94
321.64
259.53
188.95
370.57
187.71
261.92
356.04
247.90
334.04
377.98
360.69
284.03
286.66
338.75
368.19
330.99
384.05
310.50
343.16
286.66
230.57
289.09
244.53
179.14
189.56
185.79
175.80
362.75
173.99
209.34
182.71
169.54
205.09
189.91
195.82
240.42
224.75
244.31
271.25
277.81
364.87
375.44
300.44
333.07
300.16
358.63
401.95
398.02
390.18
322.69
364.47
340.36
362.91
387.30
361.23
329.99
425.83
385.71
430.74
360.20
368.33
366.80
387.66
368.96
369.44
357.26
394.52
327.11
397.21
402.85
368.72
421.38
417.11
415.79
377.18
412.78
400.54
357.56
394.37
364.79
362.32
342.13
356.87
314.69
328.04
345.68
346.46
290.77
308.91
412.05
338.13
368.14
335.52
360.59
358.84
355.32
322.58
301.73
293.01
304.61
299.18
258.30
276.03
266.98
308.54
246.38
358.16
360.71
351.00
321.87
306.17
278.14
299.06
319.34
302.41
327.95
348.16
311.84
313.77
308.48
305.43
303.08
347.48
338.21
322.21
308.19
326.90
311.98
313.42
295.11
300.01
295.27
336.11
314.70
333.88
346.68
305.15
357.94
335.87
271.23
291.39
317.30
327.16
308.13
326.12
283.04
278.94
324.69
298.05
324.13
319.73
306.64
261.97
292.05
218.32
330.92
210.14
317.02
321.64
348.37
319.03
313.48
268.45
270.11
245.36
271.49
318.69
322.84
300.41
271.80
293.23
321.50
303.35
278.48
288.05
301.14
269.35
298.16
262.33
296.59
289.54
287.75
306.91
246.37
329.81
276.28
273.30
316.80
263.13
259.27
318.80
283.03
302.80
300.53
316.19
276.17
296.28
275.62
291.56
319.71
317.18
314.87
275.72
333.23
303.71
315.21
277.08
293.42
271.43
316.83
294.85
289.84
306.86
303.30
320.35
329.01
342.10
286.62
312.11
301.84
248.13
315.59
259.24
299.17
274.76
264.12
296.07
284.61
303.53
307.99
326.83
319.06
307.45
309.96
328.26
287.15
298.45
312.89
296.13
313.45
279.57
267.51
262.62
280.12
267.43
269.93
300.09
255.46
283.37
330.27
274.78
285.16
264.97
235.58
266.40
282.90
229.33
202.65
238.21
217.43
239.82
262.08
263.09
235.09
250.76
262.69
275.67
293.22
258.47
289.63
288.54
240.59
238.64
256.33
198.17
183.17
235.00
214.80
230.44
213.83
221.92
230.62
159.04
198.90
209.79
226.82
205.46
210.07
216.68
233.15
228.49
195.08
225.06
244.16
262.71
229.97
246.17
235.69
205.21
203.09
203.08
247.54
184.73
225.90
212.27
180.71
233.63
240.83
243.98
238.62
164.50
152.38
167.40
160.08
212.24
169.40
172.65
130.57
141.16
126.95
140.80
170.48
116.02
141.99
166.60
201.37
159.58
