0.00
477.53
335.18
180.15
225.97
198.34
162.40
249.38
205.25
160.63
243.15
292.34
273.30
242.54
203.70
325.25
291.91
174.48
210.70
223.95
300.68
121.98
186.36
246.27
183.09
223.77
291.16
223.64
253.53
343.30
379.91
419.96
419.76
320.22
350.01
346.74
301.92
424.21
405.28
343.37
375.29
369.70
356.44
415.06
466.92
453.38
390.46
457.01
422.09
254.48
324.86
271.09
325.25
262.77
305.68
252.51
296.42
389.72
335.89
315.80
307.73
320.98
423.99
423.28
449.84
441.46
375.08
382.57
231.39
252.05
183.07
169.53
153.25
244.03
165.66
170.64
277.76
161.54
203.88
238.03
199.46
212.80
237.31
296.03
253.83
251.88
323.97
374.33
418.83
470.43
424.32
377.03
345.21
383.20
416.35
369.03
292.51
262.11
250.88
373.51
377.75
366.16
349.27
250.03
321.03
327.73
340.57
238.20
311.87
383.03
263.81
302.32
325.13
360.46
378.49
346.19
416.96
403.45
445.25
468.55
448.24
