0.00
0.92
0.92
0.90
0.91
0.85
0.88
0.88
0.87
0.84
0.88
0.78
0.84
0.85
0.85
0.86
0.87
0.70
0.81
0.79
0.82
0.82
0.84
0.67
0.82
0.77
0.74
0.80
0.80
0.67
0.79
0.80
0.82
0.78
0.84
0.72
0.78
0.77
0.75
0.73
0.72
0.80
0.74
0.73
0.76
0.71
0.53
0.81
0.70
0.74
0.79
0.73
0.60
0.72
0.70
0.71
0.68
0.65
0.58
0.78
0.74
0.73
0.75
0.73
0.68
0.72
0.61
0.64
0.66
0.54
0.54
0.65
0.67
0.64
0.49
0.70
0.71
0.70
0.71
0.68
0.63
0.76
0.72
0.71
0.68
0.72
0.71
0.72
0.69
0.71
0.72
0.71
0.68
0.68
0.62
0.66
0.67
0.65
0.67
0.66
0.63
0.65
0.65
0.67
0.65
0.63
0.61
0.69
0.67
0.63
0.72
0.70
0.70
0.72
0.67
0.65
0.70
0.68
0.71
0.77
0.75
0.75
0.72
0.77
0.70
0.71
0.71
0.65
0.67
0.65
0.69
0.68
0.60
0.61
0.70
0.69
0.67
0.67
0.57
0.67
0.63
0.70
0.65
0.65
0.59
0.52
0.35
0.40
0.35
0.40
0.55
0.50
0.53
0.49
0.48
0.69
0.65
0.62
0.73
0.64
0.73
0.70
0.70
0.74
0.68
0.72
0.69
0.70
0.63
0.69
0.67
0.71
0.68
0.73
0.70
0.66
0.68
0.73
0.72
0.74
0.56
0.64
0.69
0.60
0.44
0.69
0.46
0.42
0.44
0.36
0.60
0.55
0.54
0.45
0.49
0.54
0.57
0.56
0.62
0.59
0.52
0.55
0.60
0.54
0.63
0.50
0.35
0.46
0.44
0.49
0.51
0.49
0.46
0.58
0.63
0.52
0.50
0.57
0.47
0.40
0.31
0.37
0.41
0.34
0.45
0.45
0.52
0.54
0.57
0.60
0.57
0.51
0.50
0.45
0.56
0.52
0.55
0.54
0.52
0.60
0.57
0.63
0.55
0.51
0.55
0.58
0.60
0.65
0.52
0.59
0.55
0.55
0.64
0.47
0.49
0.50
0.48
0.21
0.45
0.34
0.35
0.26
0.42
0.37
0.35
0.06
0.14
0.11
0.17
0.19
0.39
0.39
0.36
0.31
0.45
0.47
0.39
0.35
0.42
0.27
0.29
0.34
0.52
0.53
0.48
0.46
0.50
0.53
0.63
0.50
0.54
0.47
0.48
0.43
0.47
0.44
0.46
0.41
0.38
0.32
0.29
0.27
0.37
0.26
0.32
0.31
0.48
0.38
0.30
0.52
0.42
0.34
0.35
0.55
0.46
0.46
0.32
0.50
0.43
0.31
0.41
0.31
0.52
0.34
0.22
0.39
0.46
0.53
0.49
0.53
0.65
0.49
0.47
0.54
0.47
0.60
0.65
0.50
0.50
0.51
0.52
0.46
0.67
0.52
0.52
0.46
0.54
0.49
0.68
0.65
0.54
0.51
0.53
0.45
0.58
0.36
0.50
0.49
0.54
0.50
0.51
0.54
0.56
0.52
