0.00
0.56
0.69
0.84
0.66
0.77
0.55
0.76
0.80
0.81
0.79
0.80
0.78
0.81
0.83
0.82
0.82
0.84
0.79
0.82
0.72
0.77
0.66
0.69
0.56
0.65
0.66
0.77
0.62
0.57
0.63
0.55
0.56
0.66
0.52
0.55
0.50
0.57
0.46
0.63
0.56
0.56
0.43
0.46
0.41
0.36
0.27
0.30
0.35
0.46
0.24
0.28
0.35
0.17
0.34
0.29
0.29
0.29
0.23
0.25
0.19
0.16
0.31
0.37
0.44
0.41
0.49
0.44
0.38
0.59
0.32
0.39
0.52
0.51
0.62
0.63
0.64
0.68
0.61
0.71
0.68
0.70
0.68
0.63
0.66
0.69
0.71
0.65
0.57
0.54
0.61
0.61
0.67
0.68
0.74
0.51
0.42
0.51
0.52
0.55
0.44
0.52
0.40
0.46
0.55
0.56
0.50
0.52
0.51
0.37
0.15
0.28
0.28
0.23
0.23
0.31
0.29
0.31
0.31
0.27
0.50
0.40
0.44
0.57
0.49
0.54
0.53
0.43
0.55
0.57
0.57
0.55
0.60
0.47
0.44
0.57
0.52
0.51
0.51
0.51
0.58
0.67
0.53
0.60
0.65
0.59
0.53
0.59
0.68
0.57
0.63
0.64
0.61
0.52
0.69
0.53
0.52
0.58
0.48
0.46
0.50
0.41
0.45
0.46
0.61
0.39
0.57
0.27
0.25
0.43
0.34
0.41
0.34
0.27
0.33
0.55
0.56
0.42
0.42
0.35
0.54
0.44
0.40
0.51
0.59
0.42
0.43
0.27
0.34
0.40
0.50
0.48
0.41
0.45
0.48
0.48
0.53
0.51
0.26
0.46
0.55
0.68
0.63
0.74
0.73
0.49
0.69
0.64
0.65
0.74
0.73
0.63
0.72
0.77
0.69
0.76
0.76
0.59
0.68
0.58
0.65
0.57
0.53
0.55
0.60
0.52
0.58
0.52
0.50
0.54
0.52
0.47
0.53
0.45
0.62
0.38
0.13
0.42
0.42
0.34
0.36
0.32
0.32
0.33
0.43
0.50
0.39
0.42
0.61
0.59
0.58
0.54
0.62
0.44
0.62
0.51
0.66
0.66
0.63
0.56
0.64
0.62
0.74
0.57
0.55
0.50
0.68
0.62
0.73
0.46
0.52
0.28
0.43
0.42
0.29
0.39
0.26
