0.00
276.23
415.28
537.78
377.47
482.39
259.53
462.86
494.52
497.78
493.34
496.70
487.51
513.07
521.72
517.53
520.86
536.98
500.26
527.69
429.01
474.46
376.86
414.32
261.09
370.19
390.76
469.43
344.55
294.34
349.97
274.02
273.81
379.86
229.65
278.20
242.17
293.10
220.24
339.46
285.98
277.41
238.44
253.47
265.07
226.47
180.59
208.32
175.98
193.38
107.84
130.98
150.18
150.66
174.10
140.65
139.69
131.80
93.22
90.96
115.62
98.34
228.51
187.58
204.85
164.80
221.80
203.06
189.87
290.17
155.41
183.64
271.60
251.26
413.67
376.08
387.38
452.71
338.18
467.94
408.19
467.83
403.77
351.18
383.49
422.91
425.10
375.90
296.05
258.31
342.88
336.42
386.66
398.95
450.16
223.22
173.40
217.59
218.49
261.17
205.24
259.76
210.59
237.75
249.71
325.27
225.50
264.76
290.12
210.80
82.05
237.37
178.07
115.49
131.38
167.97
156.51
164.52
210.74
168.09
329.87
195.26
232.81
323.88
301.53
272.76
225.26
170.71
213.37
267.75
248.78
236.46
325.34
186.79
171.77
297.04
220.83
225.81
240.30
225.09
292.43
416.94
256.18
311.54
379.40
341.19
264.99
315.76
430.82
302.46
346.54
364.12
303.25
227.15
362.15
244.18
233.30
301.21
226.31
215.78
329.90
202.39
182.32
154.23
354.42
216.77
374.38
196.20
133.99
329.49
259.71
250.61
209.66
143.83
192.69
300.32
293.35
182.81
179.43
175.99
275.93
166.34
144.11
181.70
287.86
150.35
178.66
143.62
132.36
211.59
232.96
224.64
173.91
220.35
196.25
288.36
274.65
247.35
197.59
324.57
337.33
414.15
387.88
462.27
448.28
234.91
440.86
366.55
406.13
473.46
455.25
401.87
480.75
483.54
437.66
467.29
488.04
376.67
422.29
320.00
361.44
301.62
282.58
270.00
278.95
237.21
300.04
244.21
224.52
287.51
242.96
241.13
275.17
219.72
310.95
223.27
128.26
211.20
280.53
192.72
160.08
136.36
163.10
173.56
167.46
203.07
178.31
267.90
388.91
313.72
287.39
297.15
377.45
231.29
353.76
232.99
353.77
400.92
346.46
382.51
370.59
349.93
469.80
305.96
310.32
296.47
442.64
406.49
444.99
220.55
273.67
209.99
260.74
191.52
220.10
202.28
208.89
