0.00
0.56
0.66
0.57
0.51
0.53
0.53
0.69
0.64
0.73
0.69
0.76
0.81
0.57
0.67
0.72
0.78
0.72
0.73
0.75
0.79
0.81
0.73
0.84
0.77
0.65
0.75
0.80
0.80
0.74
0.75
0.72
0.72
0.69
0.65
0.62
0.57
0.61
0.72
0.71
0.70
0.72
0.62
0.61
0.56
0.64
0.60
0.65
0.54
0.59
0.43
0.63
0.57
0.67
0.63
0.60
0.66
0.69
0.68
0.72
0.69
0.67
0.67
0.70
0.67
0.70
0.70
0.70
0.65
0.70
0.65
0.70
0.67
0.64
0.68
0.65
0.67
0.66
0.65
0.68
0.65
0.64
0.69
0.56
0.65
0.62
0.66
0.57
0.60
0.55
0.56
0.55
0.51
0.55
0.52
0.56
0.53
0.57
0.51
0.61
0.58
0.56
0.61
0.59
0.62
0.62
0.49
0.63
0.58
0.59
0.56
0.60
0.64
0.58
0.62
0.62
0.51
0.66
0.59
0.60
0.61
0.55
0.63
0.58
0.52
0.53
0.56
0.59
0.48
0.52
0.51
0.51
0.64
0.58
0.61
0.60
0.58
0.59
0.58
0.63
0.60
0.58
0.61
0.56
0.61
0.61
0.60
0.56
0.59
0.61
0.63
0.54
0.57
0.65
0.57
0.57
0.65
0.65
0.63
0.58
0.58
0.59
0.53
0.55
0.60
0.58
0.63
0.56
0.54
0.65
0.56
0.65
0.55
0.61
0.63
0.64
0.58
0.64
0.65
0.64
0.61
0.62
0.56
0.48
0.48
0.56
0.48
0.56
0.28
0.50
0.32
0.50
0.15
0.41
0.40
0.24
0.20
0.37
0.22
0.25
0.34
0.51
0.40
0.18
0.33
0.33
0.32
0.36
0.37
0.33
0.43
0.26
0.37
0.18
0.18
0.23
0.23
