0.012550
0.154783
0.161421
0.164714
0.162714
0.162909
0.154069
0.147793
0.154080
0.152919
0.159652
0.146656
0.151814
0.145156
0.148630
0.153877
0.151553
0.164613
0.171712
0.190701
0.206266
0.153491
0.142150
0.145981
0.146173
0.155726
0.168694
0.143701
0.171938
0.155594
0.143947
0.143485
0.157202
0.154082
0.160181
0.160754
0.199607
0.208931
0.164529
0.161325
0.171956
0.170638
0.161848
0.169000
0.170479
0.162894
0.175828
0.178395
0.162503
0.169853
0.161753
0.159346
0.169929
0.155957
0.180434
0.196856
0.165625
0.174425
0.162408
0.168648
0.184338
0.157494
0.160992
0.161151
0.183036
0.180207
0.191919
0.164796
0.176874
0.167741
0.187745
0.215177
0.182839
0.189360
0.182678
0.183865
0.214733
0.189893
0.195668
0.194678
0.180816
0.177409
0.171838
0.195064
0.180768
0.179793
0.166180
0.203235
0.183311
0.194159
0.174372
0.184916
0.215172
0.255500
0.204546
0.208566
0.236660
0.221907
0.231389
0.220782
0.296619
0.179730
0.181861
0.180999
0.216087
0.182595
0.187060
0.194116
0.223637
0.214638
0.184632
0.192195
0.177485
0.189419
0.186744
0.186240
0.183113
0.184961
0.180927
0.163877
0.179323
0.171467
0.172306
0.167324
0.191776
0.170752
0.164545
0.160457
0.163408
0.174152
0.163583
0.152936
0.166473
0.153616
0.141813
0.149354
0.147063
0.150047
0.144160
0.198896
0.162060
0.165107
0.146475
0.163481
0.156704
0.155383
0.155660
0.156124
0.153226
0.159102
0.146725
0.140811
0.159217
0.149103
0.179745
0.152209
0.165216
0.167781
0.220918
0.156617
0.159347
0.160591
0.150742
0.162605
0.152949
0.149592
0.170462
