0.00
431.04
393.29
436.74
419.59
386.96
381.29
367.73
275.98
266.16
274.27
176.30
226.82
119.08
290.14
191.10
372.03
306.89
369.21
463.82
372.64
443.98
504.88
448.83
427.62
453.70
484.24
455.57
435.55
434.33
423.21
415.33
418.37
453.62
435.36
392.34
330.69
366.10
351.78
355.65
250.43
354.28
342.29
293.46
397.75
255.77
367.51
372.22
352.93
263.09
268.31
207.34
178.97
218.45
276.38
174.01
245.33
297.95
239.12
275.97
330.88
227.71
355.77
260.57
230.46
285.61
345.40
323.26
324.53
308.86
272.68
357.97
357.52
361.98
370.37
418.75
321.70
286.25
231.77
294.25
261.93
212.54
296.01
278.51
235.84
239.66
316.33
277.01
274.62
325.62
387.30
372.87
280.94
262.69
311.24
287.97
286.64
292.91
266.23
238.53
308.45
317.73
364.98
285.22
292.47
329.51
278.12
228.77
238.10
258.49
204.82
152.67
251.15
260.27
309.26
308.67
352.83
336.04
328.35
322.48
349.63
343.97
366.10
361.70
358.93
304.31
314.84
279.80
323.29
417.75
382.53
308.47
330.81
414.93
324.22
303.66
253.17
276.28
282.96
272.54
292.30
329.19
297.80
341.58
356.04
285.71
252.14
257.52
305.10
312.87
309.19
303.49
343.04
354.15
290.84
253.90
238.11
269.29
332.08
318.24
280.53
312.75
368.77
351.36
299.10
329.14
309.19
305.19
190.23
263.97
193.66
207.17
186.08
189.34
212.59
214.00
160.45
153.15
215.05
128.29
145.54
134.55
128.15
211.32
93.33
119.23
152.06
120.26
163.88
126.28
156.94
115.69
99.99
159.54
132.86
190.28
152.46
98.23
123.52
87.23
106.64
112.95
110.01
153.18
111.86
149.37
179.00
120.13
197.26
183.96
199.70
153.70
141.19
125.71
132.80
166.22
174.45
213.63
167.41
195.68
186.97
271.95
259.32
308.71
282.86
253.54
284.55
270.35
219.26
205.00
227.34
271.21
255.94
208.54
222.12
241.07
168.67
114.83
133.18
170.15
156.50
166.96
111.06
110.01
121.37
108.98
167.90
118.50
178.79
119.21
117.12
115.65
102.15
103.73
121.76
120.56
136.47
113.57
114.72
112.73
130.56
120.65
104.04
95.57
115.38
107.23
94.73
102.38
97.79
73.40
86.43
106.62
405.45
469.53
432.71
469.33
430.07
404.47
404.26
376.97
413.04
391.69
403.85
397.70
393.50
371.43
425.16
424.65
416.46
374.82
357.97
405.44
365.95
399.03
381.85
359.67
409.89
380.95
383.29
423.25
344.86
413.34
347.96
401.89
366.09
433.00
332.35
378.04
385.82
