0.00
0.72
0.63
0.59
0.59
0.69
0.62
0.63
0.60
0.56
0.53
0.57
0.33
0.50
0.43
0.33
0.29
0.22
0.31
0.31
0.42
0.32
0.23
0.57
0.51
0.52
0.56
0.61
0.57
0.44
0.39
0.44
0.29
0.38
0.44
0.61
0.65
0.66
0.71
0.67
0.68
0.68
0.68
0.68
0.70
0.72
0.73
0.75
0.71
0.65
0.66
0.69
0.67
0.60
0.60
0.61
0.54
0.52
0.46
0.43
0.40
0.43
0.35
0.47
0.50
0.51
0.47
0.46
0.49
0.48
0.41
0.47
0.59
0.62
0.57
0.57
0.46
0.59
0.51
0.56
0.54
0.41
0.49
0.42
0.50
0.54
0.47
0.53
0.49
0.51
0.41
0.50
0.54
0.59
0.58
0.46
0.52
0.49
0.56
0.63
0.57
0.53
0.53
0.39
0.49
0.51
0.59
0.52
0.66
0.57
0.57
0.54
0.45
0.58
0.51
0.51
0.43
0.46
0.35
0.31
0.38
0.32
0.41
0.52
0.41
0.43
0.50
0.36
0.46
0.39
0.46
0.39
0.39
0.29
0.27
0.44
0.17
0.25
0.33
0.28
0.21
0.17
0.22
0.17
0.19
0.44
0.36
0.36
0.36
0.37
0.17
0.24
0.17
0.15
0.37
0.46
0.41
0.37
0.32
0.55
0.54
0.52
0.61
0.58
0.48
0.65
0.61
