0.00
240.02
234.60
267.10
240.98
181.52
161.20
146.90
188.46
180.75
195.80
179.64
180.78
177.30
242.64
187.76
199.89
203.75
158.22
145.52
168.21
150.00
184.05
150.56
169.79
195.41
146.47
95.06
188.42
189.26
128.37
140.71
140.73
232.80
80.57
87.13
83.30
80.14
117.28
83.99
129.78
96.46
136.60
127.55
137.40
129.76
148.36
151.49
125.97
139.93
81.27
55.55
54.04
84.29
172.36
166.01
195.41
213.95
139.30
155.02
145.65
240.48
146.24
154.88
102.96
175.29
142.85
113.78
163.67
217.94
143.20
138.25
155.26
224.87
160.81
160.45
156.90
135.61
162.26
129.58
95.46
107.79
129.00
157.18
100.87
95.26
125.37
82.41
56.95
67.75
116.37
135.26
110.12
178.17
110.98
91.83
112.65
126.42
97.88
111.13
110.45
121.33
85.53
89.75
69.37
99.27
55.73
64.58
127.61
119.98
248.58
153.17
212.23
240.49
237.22
255.21
219.41
199.25
233.97
202.33
160.05
217.27
189.81
161.43
202.24
197.73
163.51
145.82
203.07
227.56
162.20
190.82
189.61
189.93
158.06
165.95
160.45
147.59
204.07
171.55
202.65
176.04
156.13
218.25
208.35
215.00
124.43
163.20
133.18
