0.014544
0.149629
0.144616
0.154727
0.155833
0.146546
0.193733
0.156914
0.151962
0.158756
0.148708
0.162313
0.146315
0.175568
0.155724
0.145690
0.161430
0.148503
0.182807
0.152286
0.143336
0.158619
0.148459
0.165738
0.157246
0.157146
0.161643
0.150814
0.168956
0.150233
0.139586
0.143498
0.143774
0.152068
0.151325
0.146225
0.172879
0.184359
0.159084
0.146522
0.197832
0.154638
0.147582
0.158624
0.157692
0.146410
0.158654
0.177887
0.158294
0.163163
0.166669
0.143596
0.166713
0.142038
0.158709
0.168167
0.144467
0.146504
0.142267
0.141599
0.144089
0.162298
0.141357
0.141667
0.166662
0.157444
0.165659
0.150413
0.164327
0.173060
0.145087
0.144506
0.143953
0.154990
0.156708
0.182356
0.143252
0.150409
0.151723
0.151556
0.140538
0.154213
0.149390
0.146895
0.141094
0.153934
0.149053
0.163895
0.136490
0.157762
0.154492
0.153799
0.152203
0.147690
0.138893
0.155905
0.139789
0.157806
0.141841
0.146141
0.169482
0.140425
0.143416
0.142580
0.143338
0.142187
0.151936
0.151104
0.157991
0.140445
0.163308
0.143096
0.138486
0.151269
0.137964
0.139925
0.139500
0.149308
0.157892
0.153058
0.150680
0.150604
0.147033
0.144571
0.152902
0.159812
0.140579
0.154264
0.146813
0.150351
0.175376
0.193555
0.166627
0.171643
0.163345
0.146337
0.161805
0.161353
0.149521
0.148655
0.148641
0.147662
0.143622
0.196607
0.191987
0.141697
0.162893
