0.00
0.61
0.64
0.50
0.63
0.58
0.71
0.71
0.77
0.78
0.78
0.64
0.64
0.68
0.65
0.65
0.62
0.65
0.55
0.64
0.60
0.58
0.60
0.55
0.59
0.65
0.60
0.65
0.64
0.67
0.68
0.69
0.68
0.66
0.67
0.63
0.57
0.56
0.56
0.56
0.51
0.48
0.47
0.55
0.54
0.59
0.63
0.61
0.62
0.63
0.67
0.65
0.63
0.68
0.65
0.66
0.64
0.66
0.62
0.64
0.70
0.62
0.62
0.61
0.57
0.56
0.55
0.59
0.65
0.65
0.69
0.71
0.72
0.70
0.71
0.72
0.67
0.72
0.72
0.70
0.63
0.64
0.70
0.77
0.80
0.78
0.77
0.78
0.74
0.76
0.75
0.72
0.72
0.73
0.72
0.72
0.71
0.67
0.69
0.56
0.53
0.55
0.60
0.49
0.54
0.50
0.51
0.55
0.50
0.47
0.58
0.51
0.49
0.44
0.51
0.58
0.47
0.54
0.54
0.53
0.53
0.56
0.62
0.59
0.62
0.63
0.54
0.61
0.55
0.58
0.50
0.53
0.54
0.51
0.48
0.49
0.53
0.54
0.58
0.55
0.63
0.53
0.50
0.49
0.50
0.58
0.57
0.58
0.58
0.67
0.67
0.68
0.64
0.65
0.70
0.66
0.72
0.60
0.67
0.64
