0.023590
0.150932
0.151699
0.151004
0.157609
0.160800
0.151824
0.188376
0.199987
0.154755
0.159089
0.152543
0.160652
0.155211
0.182705
0.174320
0.150803
0.151153
0.153840
0.151592
0.147451
0.144933
0.147804
0.148658
0.166244
0.175826
0.158579
0.162630
0.158969
0.154551
0.159750
0.162269
0.156970
0.148669
0.154590
0.146848
0.152043
0.172632
0.149246
0.172797
0.153543
0.155982
0.155844
0.154354
0.146914
0.151325
0.163556
0.148852
0.159704
0.150156
0.158441
0.151427
0.160996
0.159674
0.152462
0.151524
0.159530
0.168595
0.158577
0.155308
0.151345
0.152199
0.150132
0.151852
0.153827
0.157611
0.164253
0.163753
0.153807
0.151227
0.154027
0.158525
0.151781
0.174007
0.197348
0.198505
0.186925
0.148485
0.147027
0.164176
0.195802
0.154787
0.152348
0.145471
0.159769
0.146219
0.169562
0.147693
0.142681
0.155434
0.153408
0.155750
0.186736
0.167399
0.145714
0.151439
0.148839
0.146480
0.148396
0.150580
0.156963
0.169290
0.153508
0.161680
0.155060
0.186854
0.158449
0.145307
0.163401
0.170449
0.155308
0.172609
0.146459
0.146021
0.149503
0.151067
0.143353
0.144491
0.147158
0.143283
0.142475
0.143111
0.175479
0.242428
0.166701
0.161469
0.148012
0.167608
0.142432
0.206922
0.176098
0.172547
0.195575
0.154265
0.150437
0.144705
0.147617
0.150934
0.162267
0.149484
0.143632
0.145210
0.152871
0.148993
0.150824
0.195078
0.182979
0.152210
0.148926
0.147733
0.160050
0.152338
0.161351
0.164612
0.148328
0.164620
0.195738
0.164307
0.150768
0.145682
0.150869
0.166105
0.149533
0.148284
0.150213
0.193913
0.157971
0.143488
0.148587
0.213110
0.222497
0.166840
0.160351
0.157933
0.159757
0.156271
0.154277
0.159002
0.167826
0.147945
0.148112
0.147525
0.148181
0.158079
0.143124
0.142427
0.156689
0.146884
0.147907
0.147281
0.151726
0.144905
0.150539
0.154769
0.149206
0.144920
0.154881
0.164770
0.175304
0.147460
0.148206
0.151813
0.145888
0.152424
0.143584
0.146132
0.146647
0.157099
0.155092
0.145916
0.147789
0.144830
0.148676
0.155286
0.184452
0.158572
0.147744
0.151477
0.151446
0.153212
0.182152
0.193320
0.150391
0.148864
0.159468
0.151935
0.170093
0.171920
0.168041
0.162998
0.190761
0.161594
0.144893
0.144532
0.154224
0.144679
0.145465
0.187851
0.156435
0.155802
0.144666
0.145659
0.147094
0.148372
0.199950
0.152111
0.155154
0.141216
0.153745
0.143038
0.146380
0.145738
0.152404
0.163376
0.168321
0.140231
0.145328
0.142449
0.142014
0.160399
0.146910
0.146696
0.145702
0.145659
0.150638
0.184507
0.163026
0.178535
0.139161
0.170719
0.147094
0.145848
0.146731
0.153131
0.165573
0.153358
0.135218
0.140644
0.189454
0.143062
0.154946
0.147887
0.144543
0.154372
0.142879
0.150126
0.151136
0.144763
0.170180
0.178966
0.157709
0.168546
0.153665
0.150529
0.151649
0.148103
0.166768
0.149118
0.160600
0.169622
0.165713
0.168539
0.172982
0.155438
0.168007
0.172694
0.164558
0.146000
0.162342
0.163962
0.160899
0.152720
0.194070
0.167226
0.154926
0.169975
0.187500
0.149789
0.149887
0.154921
0.149114
0.163030
0.142088
0.153374
0.145628
0.157772
0.155021
0.166052
0.189218
0.182746
0.154392
0.152846
0.170006
0.160543
0.156516
0.156487
0.145328
0.150939
0.143392
0.147411
0.148632
0.143933
0.143951
0.146378
0.148566
0.147925
0.159294
0.153097
0.152222
0.144794
0.149162
0.167375
0.155887
0.180876
0.152802
0.153471
0.157874
0.143591
0.154091
0.153134
0.141984
0.146778
0.150668
0.141614
