0.00
0.89
0.88
0.82
0.86
0.78
0.82
0.81
0.79
0.79
0.78
0.66
0.72
0.74
0.75
0.63
0.73
0.52
0.67
0.67
0.64
0.69
0.67
0.47
0.68
0.67
0.71
0.66
0.74
0.47
0.66
0.67
0.70
0.72
0.67
0.56
0.72
0.71
0.69
0.68
0.52
0.68
0.69
0.67
0.67
0.64
0.50
0.65
0.61
0.61
0.60
0.60
0.48
0.61
0.61
0.60
0.55
0.56
0.55
0.60
0.55
0.64
0.57
0.58
0.56
0.60
0.55
0.55
0.45
0.45
0.44
0.52
0.60
0.54
0.52
0.51
0.54
0.54
0.52
0.58
0.49
0.55
0.62
0.62
0.60
0.59
0.60
0.64
0.58
0.62
0.57
0.56
0.58
0.48
0.43
0.42
0.49
0.52
0.42
0.55
0.49
0.49
0.53
0.52
0.52
0.53
0.55
0.53
0.51
0.53
0.57
0.58
0.61
0.63
0.59
0.55
0.59
0.57
0.46
0.60
0.58
0.61
0.62
0.63
0.55
0.53
0.54
0.53
0.53
0.61
0.64
0.64
0.60
0.59
0.61
0.61
0.59
0.68
0.60
0.68
0.66
0.67
0.61
0.68
0.60
0.55
0.45
0.50
0.51
0.43
0.54
0.41
0.36
0.57
0.32
0.55
0.56
0.64
0.64
0.65
0.59
0.62
0.49
0.45
0.44
0.48
0.44
0.44
0.43
0.54
0.52
0.57
0.53
0.52
0.49
0.46
0.50
0.56
0.58
0.57
0.44
0.39
0.38
0.40
0.26
0.29
0.35
0.37
0.42
0.44
0.47
0.55
0.47
0.44
0.44
0.47
0.45
0.43
0.56
0.38
0.50
0.40
0.39
0.42
0.48
0.38
0.30
0.33
0.34
0.49
0.50
0.42
0.42
0.39
0.41
0.30
0.35
0.31
0.39
0.38
0.32
0.27
0.34
0.32
0.40
0.37
0.48
0.42
0.42
0.42
0.44
0.53
0.39
0.43
0.41
0.44
0.36
0.47
0.39
0.50
0.55
0.53
0.51
0.55
0.49
0.54
0.46
0.47
0.43
0.46
0.50
0.43
0.55
0.47
0.49
0.43
0.43
0.49
0.58
0.43
0.45
0.48
0.54
0.40
0.44
0.44
0.43
0.42
0.44
0.47
0.54
0.42
0.45
0.51
0.46
0.39
0.43
0.41
0.43
0.43
0.47
0.51
0.56
0.48
0.47
0.50
0.50
0.57
0.60
0.44
0.51
0.51
0.55
0.43
0.55
0.43
0.46
0.40
0.49
0.34
0.38
0.43
0.35
0.38
0.27
0.40
0.55
0.50
0.51
0.48
0.40
0.34
0.47
0.50
0.43
0.35
0.38
0.37
0.46
0.42
0.41
0.47
0.51
0.42
0.45
0.47
0.43
0.52
0.54
0.46
0.59
0.57
0.62
0.54
0.51
0.53
0.60
0.66
0.55
0.58
0.44
0.47
0.62
0.45
0.55
0.53
0.58
0.56
0.67
0.58
0.54
0.55
0.49
0.50
0.71
0.53
0.57
0.63
0.62
0.59
0.49
0.56
0.49
0.54
