0.00
471.05
369.20
557.04
485.37
475.49
339.00
410.45
541.38
558.65
484.24
548.54
512.48
551.42
551.21
553.89
551.68
551.10
525.93
535.09
496.50
542.08
475.50
441.41
426.98
481.01
389.69
525.52
321.29
341.05
488.93
391.97
288.75
489.27
326.38
354.03
360.96
372.80
337.59
337.46
350.46
257.55
123.02
171.46
223.67
284.23
179.70
199.84
112.28
80.00
98.00
142.58
115.80
100.25
107.78
122.48
103.51
190.86
108.54
93.03
122.37
119.57
158.21
340.02
213.98
243.38
327.07
243.05
249.80
331.38
236.65
269.53
251.91
290.18
394.77
481.26
438.63
439.02
342.73
444.47
446.21
438.35
431.29
351.68
402.54
431.58
409.75
408.57
369.12
354.68
257.89
348.73
307.36
515.94
386.57
278.94
211.20
223.48
164.36
222.41
123.55
142.87
201.48
336.78
310.84
330.48
373.89
365.91
313.13
368.07
239.83
302.84
251.29
191.48
162.47
164.85
117.79
167.31
136.87
155.91
200.38
196.02
212.05
199.62
184.65
180.16
155.39
157.48
266.67
319.83
213.31
262.98
436.87
180.54
268.36
495.41
151.39
343.46
305.37
427.22
276.55
498.19
251.51
219.75
201.88
382.95
270.29
369.12
486.81
320.61
271.13
427.06
402.76
413.28
470.88
432.91
335.05
247.05
218.50
231.38
345.37
293.22
214.50
245.07
234.15
287.68
279.57
261.34
286.04
282.23
367.02
303.03
320.41
291.04
303.20
174.26
164.99
184.72
247.72
198.38
110.61
148.42
152.21
164.76
223.22
183.20
222.39
289.10
247.37
306.21
426.23
258.93
228.47
376.10
190.24
243.39
434.63
280.87
323.25
297.47
428.40
474.05
478.33
449.48
457.31
391.87
470.65
484.20
501.52
468.65
466.37
464.27
492.65
494.46
491.53
508.85
502.80
421.11
473.37
400.76
489.69
473.02
441.38
219.98
174.45
173.28
197.97
183.69
147.10
413.77
218.70
233.02
423.26
256.47
242.71
253.48
157.25
138.65
155.06
147.38
130.32
197.36
146.83
86.96
199.79
146.89
153.04
212.24
259.45
239.41
245.69
187.89
329.66
409.69
403.30
407.87
456.96
430.55
467.76
305.83
504.35
454.03
513.16
413.05
347.70
315.97
411.04
347.90
495.33
357.44
297.62
285.61
242.46
272.51
399.34
261.94
194.92
