0.019928
0.146098
0.145536
0.154365
0.183393
0.151881
0.141689
0.143032
0.150629
0.145475
0.160450
0.139039
0.147327
0.163092
0.212236
0.176401
0.146169
0.144894
0.148937
0.138451
0.170920
0.152798
0.152333
0.145787
0.142607
0.193890
0.146171
0.149176
0.164088
0.166915
0.155710
0.140385
0.150413
0.139569
0.143503
0.147298
0.155775
0.160187
0.142856
0.157611
0.153924
0.142786
0.153848
0.190638
0.141788
0.140142
0.172892
0.150144
0.163340
0.142600
0.140376
0.147225
0.136883
0.143886
0.142512
0.142494
0.141919
0.140373
0.144188
0.141941
0.141663
0.143770
0.142729
0.143667
0.146259
0.141991
0.139648
0.136596
0.138546
0.151103
0.158419
0.153680
0.138958
0.148228
