0.00
0.64
0.69
0.61
0.59
0.68
0.79
0.79
0.79
0.79
0.77
0.78
0.84
0.67
0.64
0.69
0.69
0.78
0.73
0.66
0.69
0.73
0.73
0.81
0.84
0.70
0.69
0.77
0.82
0.82
0.81
0.83
0.78
0.81
0.81
0.65
0.54
0.63
0.71
0.67
0.74
0.71
0.73
0.69
0.68
0.57
0.62
0.71
0.66
0.49
0.49
0.49
0.54
0.69
0.62
0.65
0.56
0.67
0.69
0.75
0.70
0.70
0.71
0.73
0.71
0.63
0.70
0.65
0.66
0.71
0.60
0.69
0.69
0.67
0.67
0.64
0.73
0.64
0.66
0.68
0.67
0.57
0.69
0.61
0.50
0.62
0.60
0.63
0.56
0.71
0.54
0.60
0.56
0.71
0.49
0.60
0.58
0.53
0.62
0.65
0.70
0.61
0.61
0.65
0.66
0.67
0.55
0.56
0.66
0.67
0.64
0.61
0.53
0.64
0.56
0.57
0.65
0.66
0.51
0.56
0.59
0.59
0.61
0.63
0.52
0.59
0.43
0.59
0.57
0.54
0.47
0.56
0.66
0.61
0.66
0.46
0.65
0.61
0.64
0.59
0.56
0.58
0.55
0.54
0.58
0.59
0.53
0.65
0.61
0.69
0.57
0.59
0.57
0.50
0.63
0.55
0.62
0.52
0.57
0.62
0.48
0.49
0.57
0.52
0.52
0.64
0.62
0.54
0.46
0.54
0.54
0.56
0.60
0.53
0.58
0.54
0.62
0.50
0.61
0.54
0.58
0.57
0.46
0.58
0.48
0.42
0.45
0.40
0.50
0.40
0.37
0.43
0.37
0.35
0.33
0.33
0.30
0.30
0.33
0.37
0.35
0.46
0.43
0.35
0.44
0.40
0.43
0.43
0.48
0.50
0.42
0.44
0.33
0.29
0.37
0.31
0.30
