0.00
519.13
494.13
485.66
468.82
456.14
452.79
501.67
394.84
366.05
438.36
511.86
458.37
533.78
396.54
499.23
511.19
435.61
528.20
398.89
507.17
450.34
498.26
464.40
435.98
485.88
512.97
515.60
458.86
459.08
520.88
480.39
479.28
490.04
511.92
470.60
511.88
508.43
450.24
478.16
452.18
321.22
258.69
438.21
446.44
427.97
416.90
249.86
376.27
291.42
412.40
272.37
228.96
497.21
348.17
473.51
436.48
474.58
400.83
425.23
426.19
510.86
362.29
406.31
423.68
406.12
335.65
299.54
332.15
330.54
330.31
485.35
460.38
434.74
471.87
495.13
476.30
385.53
332.59
345.39
333.34
307.83
382.31
419.04
