687	274	41	24
687	273	40	24
688	273	44	24
691	274	42	24
695	274	40	25
697	276	42	24
699	276	41	25
702	277	40	24
703	277	42	25
703	278	43	24
704	278	45	24
707	278	44	25
710	279	44	26
712	279	44	25
716	280	42	25
717	280	42	25
718	281	46	26
720	282	45	26
723	282	44	26
724	284	44	26
727	284	44	25
729	286	44	25
732	287	43	25
732	287	43	26
734	286	43	26
734	287	44	27
736	288	44	27
736	289	46	27
737	290	46	27
740	289	44	27
741	291	44	27
742	292	44	27
740	293	47	27
741	293	45	28
743	293	44	27
743	295	45	28
744	294	44	28
745	296	44	28
745	296	43	28
746	296	43	29
747	297	42	29
748	299	41	28
748	301	41	28
747	301	40	27
747	301	40	27
746	301	40	28
745	302	40	28
745	303	39	28
744	303	38	28
742	303	35	29
742	304	33	29
740	305	33	29
737	305	34	29
735	305	34	30
729	306	35	29
726	307	34	29
721	307	38	29
718	308	34	28
706	308	43	30
705	309	39	29
703	311	37	29
701	310	34	29
695	312	35	30
687	312	39	29
684	312	36	30
680	313	36	30
675	314	37	30
670	314	37	30
663	315	36	30
656	316	40	30
653	317	35	29
650	318	36	29
641	319	36	30
638	320	35	30
632	320	37	31
629	322	35	31
623	322	37	30
617	322	38	31
612	323	39	32
607	325	40	31
606	326	36	31
605	327	35	31
600	328	38	32
596	328	39	31
594	328	37	33
590	329	38	32
588	330	36	32
583	332	39	32
581	332	39	32
577	334	39	32
575	334	38	31
572	334	40	32
569	335	42	34
567	335	42	33
565	337	42	34
565	337	40	34
559	337	47	34
559	338	45	34
560	339	45	35
560	340	45	34
559	342	46	34
558	342	47	34
559	343	48	34
560	344	49	35
559	344	50	36
561	345	53	36
561	346	57	36
565	348	55	36
567	349	56	36
571	349	56	37
574	350	56	37
577	351	61	37
583	352	59	37
587	353	62	38
592	353	66	39
599	355	65	39
606	356	65	39
607	358	75	39
616	358	70	41
625	360	70	41
631	363	71	40
638	364	69	41
643	364	72	39
651	365	70	40
662	368	69	41
666	368	70	42
672	369	71	44
679	371	70	43
689	373	71	43
695	373	72	44
703	376	70	44
709	377	72	44
716	379	71	44
724	382	71	45
731	383	71	45
736	385	71	45
743	385	70	47
748	388	71	46
754	391	73	46
762	393	70	47
767	394	71	48
771	394	72	48
779	397	71	49
784	399	71	48
788	401	71	49
792	401	71	50
797	403	70	50
802	406	71	50
807	407	70	51
812	409	70	51
815	410	69	51
815	412	71	50
820	415	69	51
821	415	69	52
823	418	67	52
821	418	69	52
822	422	67	52
821	422	66	52
819	423	66	54
816	424	69	54
815	426	68	55
813	428	65	53
811	431	65	54
810	430	66	54
807	431	65	55
806	433	64	56
802	436	63	56
799	438	63	56
798	439	61	55
794	440	62	57
787	442	62	57
785	445	61	56
780	447	61	56
776	447	61	57
770	448	61	58
763	450	60	58
756	450	60	60
750	452	61	59
743	451	62	62
736	451	61	63
723	456	64	62
716	459	70	62
707	463	67	60
697	463	69	62
684	465	73	62
676	467	67	61
667	469	69	60
656	470	71	62
647	472	72	62
640	477	65	61
631	478	66	61
621	480	68	62
615	482	67	63
605	486	70	61
597	487	67	63
591	490	67	63
586	494	66	61
578	495	67	64
572	499	67	64
565	502	67	63
559	504	68	65
553	506	70	66
547	508	71	65
531	510	79	65
528	510	78	67
530	507	72	68
524	503	74	69
517	497	77	69
512	487	78	69
508	480	80	70
507	472	80	70
504	463	83	73
483	449	102	74
487	441	97	73
494	434	89	74
473	424	108	75
476	417	109	78
485	405	102	79
490	398	95	77
491	392	98	78
482	383	107	81
482	379	109	83
488	371	106	81
492	366	106	85
496	361	107	87
495	356	108	88
493	354	119	90
489	354	129	91
492	354	130	94
499	357	129	95
501	361	132	95
509	365	134	99
514	370	136	100
510	372	152	103
523	378	142	105
520	378	157	110
530	386	162	111
569	397	130	103
586	400	130	109
588	404	147	109
589	409	159	119
600	414	161	120
607	420	170	121
619	423	175	125
631	428	175	131
632	438	209	131
705	452	150	125
713	456	154	129
740	463	143	137
694	462	207	146
778	487	151	143
728	482	219	167
726	485	243	161
748	497	242	162
771	507	241	171
781	508	250	180
805	521	244	183
813	528	254	187
828	535	256	183
832	543	277	176
839	545	285	174
851	550	290	169
867	556	295	163
883	563	304	156
900	577	328	142
910	585	342	133
927	592	343	127
938	605	341	114
959	612	320	107
969	616	310	103
1201	659	77	54
1222	671	55	44
1234	673	45	44
1189	651	79	31
1221	658	55	32
1190	648	77	27
1181	648	98	24
1209	648	70	24
1225	649	53	22
1227	648	43	16
1228	647	48	14
1247	647	31	11
1227	640	41	10
1243	639	35	12
1269	600	10	12
1262	615	15	16
1259	625	14	16
1240	622	32	13
1242	621	34	14
1253	621	25	14
1256	615	21	20
1216	607	47	20
1239	617	40	44
1215	608	62	76
1192	594	84	122
1175	590	104	127
1146	578	133	141
1112	564	158	150
1096	560	139	149
1067	542	144	163
924	516	274	174
901	499	245	172
874	496	241	164
856	485	230	160
831	484	226	156
811	475	223	147
785	469	208	141
765	459	196	139
744	453	187	140
724	446	181	133
769	446	105	116
744	442	99	110
727	435	94	107
706	428	94	105
683	421	99	104
663	413	94	102
646	406	93	101
640	404	89	96
584	393	130	103
566	387	134	99
553	380	130	97
555	377	117	94
563	375	100	89
539	370	114	89
520	362	121	87
528	359	102	87
504	354	120	85
508	350	113	84
511	348	101	82
487	340	117	82
491	338	111	81
488	335	107	79
488	332	105	78
485	330	103	77
480	327	102	74
476	323	105	75
477	320	102	73
467	319	112	73
470	314	103	71
468	312	105	72
466	309	106	72
465	306	108	71
459	303	114	72
460	301	111	70
457	300	114	72
457	297	114	72
461	295	111	71
463	294	111	71
464	292	113	69
466	290	111	70
471	290	108	70
468	287	114	70
485	287	101	70
479	285	113	68
483	283	111	71
489	284	108	68
494	283	108	68
496	281	111	69
503	280	109	70
524	282	97	67
525	281	102	68
524	280	111	68
545	280	99	70
548	280	104	69
554	280	106	70
564	279	104	69
575	281	103	69
575	280	113	70
593	283	106	68
601	282	105	71
612	284	104	71
623	285	109	71
635	288	108	71
646	288	106	71
658	290	106	71
667	291	110	74
683	294	110	72
696	296	107	72
705	299	108	73
715	299	110	75
733	302	109	73
