0.00
0.84
0.61
0.72
0.72
0.61
0.73
0.70
0.66
0.77
0.73
0.74
0.64
0.67
0.72
0.82
0.55
0.83
0.77
0.77
0.72
0.66
0.79
0.85
0.76
0.88
0.77
0.80
0.81
0.82
0.78
0.79
0.69
0.72
0.76
0.76
0.77
0.79
0.79
0.79
0.81
0.78
0.77
0.81
0.77
0.74
0.74
0.76
0.70
0.65
0.72
0.67
0.62
0.67
0.59
0.56
0.52
0.63
0.56
0.58
0.56
0.58
0.60
0.70
0.59
0.55
0.65
0.59
0.71
0.61
0.68
0.59
0.62
0.55
0.59
0.54
0.64
0.65
0.54
0.53
0.56
0.71
0.54
0.54
0.57
0.66
0.55
0.53
0.70
0.53
0.62
0.68
0.57
0.61
0.63
0.68
0.58
0.68
0.72
0.73
0.74
0.78
0.75
0.69
0.75
0.62
0.66
0.74
0.74
0.66
0.71
0.57
0.59
0.58
0.63
0.57
0.54
0.58
0.61
0.69
0.55
0.53
0.60
0.56
0.72
0.73
0.63
0.60
0.74
0.58
0.57
0.53
0.55
0.68
0.58
0.72
0.54
0.68
0.57
0.67
0.66
0.70
0.56
0.76
0.76
0.76
0.75
0.65
0.70
0.69
0.77
0.81
0.67
0.76
0.76
0.76
0.74
0.74
0.73
0.74
0.76
0.69
0.72
0.72
0.71
0.74
0.62
0.70
0.72
0.67
0.66
0.69
0.61
0.66
0.53
0.55
0.49
0.48
0.53
0.50
0.58
0.54
0.53
0.52
0.54
0.62
0.60
0.61
0.55
0.60
0.62
0.57
0.56
0.57
0.58
0.51
0.57
0.54
0.54
0.51
0.56
0.56
0.55
0.53
0.55
0.61
0.56
0.49
0.49
0.49
0.50
0.50
0.55
0.40
0.58
0.55
0.53
0.48
0.51
0.58
0.52
0.61
0.48
0.64
0.65
0.60
0.60
0.60
0.68
0.64
0.64
0.55
0.59
0.62
0.58
0.61
0.50
0.47
0.54
0.49
0.48
0.57
0.56
0.53
0.51
0.49
0.61
0.48
0.42
0.50
0.44
0.44
0.63
0.54
0.42
0.57
0.50
0.54
0.55
0.56
0.69
0.74
0.71
0.68
0.48
0.63
0.59
0.49
0.45
0.43
0.38
0.46
0.39
0.25
0.33
0.32
0.26
0.28
0.37
0.23
0.24
0.37
0.28
0.34
0.08
0.16
0.31
0.19
0.24
0.22
0.32
0.16
0.22
0.35
0.30
0.51
0.47
0.48
0.43
0.44
0.43
0.52
0.46
0.42
0.57
0.58
0.62
0.55
0.55
0.53
0.57
0.46
0.41
0.46
0.45
0.44
0.48
0.49
0.54
0.56
0.56
0.56
0.51
0.59
0.53
0.58
0.55
0.64
0.55
0.52
0.67
0.61
0.66
0.66
0.64
0.68
0.69
0.70
0.69
0.73
0.73
0.76
0.75
0.70
0.77
0.74
0.62
0.68
0.73
0.71
0.64
0.74
0.52
0.71
0.64
0.61
0.62
0.59
0.56
0.58
0.69
0.69
0.64
0.67
0.66
0.63
0.55
0.61
0.63
0.66
0.58
0.63
0.54
0.53
0.51
0.53
0.67
0.52
0.58
0.55
0.73
