0.026377
0.141041
0.166862
0.141412
0.139868
0.164816
0.154936
0.216818
0.162998
0.140331
0.149569
0.144746
0.143819
0.173744
0.150631
0.149437
0.143147
0.145230
0.146415
0.144792
0.149889
0.143213
0.149090
0.151404
0.143229
0.154616
0.139630
0.152660
0.144553
0.150026
0.166412
0.158679
0.200514
0.168309
0.172146
0.147957
0.148877
0.153660
0.147930
0.162124
0.158076
0.150362
0.172643
0.155449
0.146586
0.166884
0.159755
0.151065
0.147716
0.148233
0.151262
0.143998
0.143548
0.154148
0.150476
0.147644
0.150383
0.150001
0.141539
0.145360
0.157009
0.172735
0.171250
0.157145
0.140832
0.166561
0.137724
0.163478
0.142617
0.145527
0.145288
0.144945
0.145270
0.143536
0.181622
0.163757
0.145761
0.187929
0.152874
0.157149
0.155006
0.145907
0.156345
0.154293
0.168330
0.165261
0.157101
0.156429
0.188843
0.138958
0.165931
0.153398
0.158015
0.161973
0.153800
0.170235
0.165830
0.164951
0.149424
0.161682
0.163837
0.158616
0.146129
0.135800
0.155217
0.142085
0.147966
0.148282
0.168505
0.155348
0.162759
0.153690
0.140830
0.152509
0.147063
0.147655
0.157040
0.156734
0.152234
0.141697
0.143711
0.157638
0.172348
0.155922
0.159041
0.169412
0.160538
0.174383
0.172705
0.158020
0.158680
0.196211
0.167248
0.147854
0.168716
0.162746
0.135462
0.142868
0.144866
0.152464
0.138828
0.160228
0.178287
0.145602
0.145141
0.169527
0.149153
0.173277
0.142285
0.142420
0.147723
0.198637
0.204259
0.155447
0.147546
0.149747
0.150292
0.148024
0.155907
0.142294
0.147632
0.150109
0.170425
0.149950
0.152875
0.142369
0.152317
0.147681
0.161698
0.145081
0.145465
0.163059
0.158226
0.148900
0.158744
0.149256
0.154312
0.150955
0.151395
0.175024
0.178795
0.186486
0.180104
0.144473
0.170322
0.149892
0.160103
0.191214
0.153539
0.159684
0.144646
0.142964
0.152927
0.149978
0.155910
0.143965
0.148456
0.165291
0.154719
0.147341
0.154997
0.145441
0.167069
0.149170
0.146263
0.150325
0.154894
0.147596
0.174769
0.152250
0.156190
0.143952
0.148275
0.165250
0.142810
0.150900
0.145649
0.145632
0.152033
0.145410
0.184922
0.153807
0.168339
0.148995
0.153987
0.153072
0.149694
0.143946
0.151803
0.146120
0.153282
0.151910
0.146579
0.147143
0.153787
0.147232
0.208937
0.158618
0.148673
0.145048
0.162052
0.155445
0.169677
0.160151
0.167428
0.154986
0.167174
0.153650
0.159793
0.148479
0.149204
0.160608
0.167918
0.185372
0.153678
0.157852
0.163616
0.154946
0.154277
0.153090
0.153239
0.154264
0.153492
0.156159
0.198848
0.159544
0.178405
0.213200
0.199448
0.155855
0.185582
0.157143
0.185053
0.151499
0.190231
0.157468
0.159682
0.182634
0.158789
0.158140
0.189868
0.184972
0.144230
0.146958
0.147471
0.152935
0.145103
0.145093
0.155009
0.146822
0.139102
0.157098
0.139727
0.184330
0.154715
0.156365
0.159927
0.143987
0.155405
0.155600
0.176475
0.188103
0.169969
0.171033
0.156637
0.153578
0.154370
0.152038
0.159546
0.171925
0.154804
0.145355
0.157288
0.158123
0.184650
0.155002
0.152825
0.172424
0.159509
0.151890
0.153640
0.176154
0.150090
0.151220
0.146832
0.149956
0.144210
0.147562
0.169940
0.148979
0.150605
0.147495
0.164758
0.157791
0.157639
0.150841
0.148688
0.160534
0.147038
0.144882
0.156525
0.156039
0.160454
0.147094
0.171331
0.141983
0.147381
0.198859
0.169756
0.178680
0.200868
0.189666
0.174730
0.187702
0.141596
0.146771
0.145784
0.147711
0.151393
0.146289
0.153929
0.155841
0.161294
0.174365
0.140677
0.155159
0.148517
0.154573
0.149208
0.148327
0.154751
0.158748
0.152834
0.172806
0.140336
0.163095
0.190155
0.157825
0.149983
0.148158
0.147656
