0.00
0.91
0.91
0.91
0.91
0.90
0.89
0.90
0.89
0.88
0.88
0.88
0.87
0.85
0.86
0.86
0.86
0.84
0.86
0.85
0.85
0.85
0.85
0.86
0.86
0.86
0.85
0.84
0.85
0.84
0.83
0.84
0.85
0.85
0.86
0.83
0.85
0.84
0.84
0.83
0.84
0.83
0.84
0.83
0.84
0.84
0.83
0.84
0.84
0.82
0.82
0.82
0.85
0.84
0.81
0.83
0.82
0.82
0.81
0.80
0.82
0.82
0.82
0.84
0.83
0.83
0.85
0.84
0.83
0.80
0.82
0.82
0.83
0.82
0.82
0.83
0.83
0.81
0.81
0.82
0.81
0.82
0.81
0.82
0.85
0.85
0.83
0.83
0.84
0.82
0.83
0.84
0.85
0.83
0.85
0.83
0.84
0.84
0.83
0.83
0.84
0.84
0.82
0.72
0.82
0.80
0.78
0.79
0.78
0.81
0.79
0.72
0.81
0.75
0.74
0.75
0.70
0.65
0.76
0.76
0.70
0.70
0.62
0.68
0.76
0.55
0.59
0.52
0.63
0.64
0.67
0.55
0.69
0.69
0.69
0.69
0.65
0.58
0.71
0.69
0.72
0.53
0.54
0.58
0.49
0.50
0.69
0.75
0.57
0.54
0.66
0.52
0.72
0.76
0.79
0.70
0.76
0.55
0.65
0.67
0.57
0.64
0.67
0.57
0.64
0.60
0.60
0.75
0.57
0.74
0.65
0.69
0.52
0.48
0.49
0.48
0.50
0.45
0.55
0.67
0.68
0.65
0.73
0.73
0.73
0.75
0.72
0.78
0.77
0.80
0.80
0.79
0.82
0.82
0.81
0.77
0.81
0.84
0.82
0.82
0.82
0.79
0.79
0.79
0.80
0.80
0.83
0.80
0.83
0.81
0.82
0.82
0.81
0.84
0.77
0.84
0.79
0.81
0.83
0.82
0.84
0.85
0.79
0.85
0.86
0.85
0.86
0.83
0.85
0.85
0.84
0.75
0.85
0.83
0.86
0.87
0.86
0.84
0.87
0.86
0.86
0.85
0.88
0.88
0.88
0.86
0.88
0.87
0.85
0.86
0.88
0.84
0.87
0.84
0.86
0.86
0.82
0.85
0.84
0.85
0.86
0.84
0.83
0.85
0.85
0.87
0.84
0.85
0.86
0.85
0.85
0.87
0.85
0.85
0.84
0.85
0.83
0.84
0.85
0.84
0.84
0.85
0.83
0.85
0.82
0.83
0.82
0.81
0.81
0.82
0.83
0.83
0.84
0.84
0.83
0.83
0.83
0.84
0.84
0.84
0.83
0.82
0.83
0.84
0.84
0.83
0.85
0.84
0.84
0.83
0.83
0.83
0.84
0.82
0.83
0.84
0.84
0.84
0.84
