0.049944
0.155870
0.156455
0.140351
0.137743
0.148288
0.129999
0.145089
0.152855
0.136353
0.136039
0.143358
0.141305
0.156736
0.143621
0.141078
0.150086
0.146738
0.158998
0.141528
0.171688
0.158748
0.133710
0.145720
0.143906
0.137412
0.134499
0.150655
0.177273
0.162286
0.145784
0.147558
0.147243
0.143115
0.132515
0.176682
0.215504
0.146326
0.149181
0.139119
0.145511
0.139632
0.139432
0.139875
0.142309
0.151871
0.153169
0.192416
0.174925
0.193165
0.154183
0.130134
0.151172
0.140501
0.146541
0.145792
0.144566
0.170105
0.133672
0.137015
0.145532
0.136552
0.161067
0.155611
0.150021
0.136153
0.140958
0.198123
0.189380
0.141262
0.165789
0.138257
0.139831
0.147120
0.152977
0.141085
0.147857
0.147583
0.151705
0.153936
0.149866
0.161601
0.149389
0.140908
0.143849
0.143059
0.142946
0.142946
0.148984
0.155147
0.137051
0.155900
0.142602
0.144666
0.150097
0.141488
0.141388
0.140187
0.160692
0.151965
0.147385
0.138463
0.141386
0.153724
0.175730
0.183437
0.154767
0.146058
0.140087
0.156070
0.157006
0.146363
0.184063
0.156095
0.133309
0.138253
0.154895
0.143909
0.165450
0.145998
0.150904
0.179186
0.157213
0.137360
0.155382
0.178685
0.143878
0.152735
0.133405
0.142287
0.145319
0.162360
0.153440
0.133507
0.150892
0.153376
0.152383
0.142709
0.149086
0.145368
0.140732
0.152409
0.135369
0.143284
0.150355
0.144131
0.145846
0.137295
0.135496
0.139622
0.151541
0.134469
0.143399
0.141390
0.146453
0.147226
0.147147
0.139811
0.161180
0.148052
0.147150
0.162444
0.143059
0.144083
0.139199
0.155678
0.149729
0.151482
0.153978
0.151875
0.143084
0.150120
0.153282
0.148789
0.152552
0.139995
0.164902
0.142951
0.149191
0.153270
0.140551
0.142536
0.141540
0.156744
0.153141
0.137579
0.142524
0.167421
0.145855
0.143625
0.170915
0.149513
0.164338
0.145747
0.145165
0.150503
0.138393
0.163565
0.134736
0.147121
0.142205
0.204702
0.204812
0.181860
0.165046
0.167248
0.139907
0.146371
0.150365
0.130887
0.150526
0.150902
