0.019212
0.144525
0.138226
0.141602
0.138554
0.144393
0.140427
0.138632
0.172199
0.199340
0.134739
0.148618
0.140588
0.138375
0.139507
0.165416
0.153970
0.135975
0.147748
0.147345
0.154344
0.149035
0.142561
0.154259
0.172262
0.151755
0.150131
0.221643
0.157864
0.202221
0.159752
0.151904
0.141078
0.141204
0.148549
0.139753
0.147563
0.137931
0.141362
0.144849
0.140401
0.142413
0.146351
0.144647
0.146753
0.141823
0.148446
0.143270
0.142651
0.136096
0.140923
0.158723
0.135226
0.155401
0.153692
0.131990
0.155256
0.178963
0.143636
0.141525
0.133225
0.147309
0.141117
0.130856
0.149710
0.155015
0.149846
0.137649
0.155010
0.151788
0.157397
0.141966
0.142697
0.138336
0.138362
0.132971
0.134554
0.134277
0.134495
0.134239
0.138140
0.152261
0.141924
0.142113
0.146907
0.164130
0.140033
0.136759
0.150843
0.152003
0.171853
0.185182
0.192621
0.144110
0.140664
0.139664
0.163435
0.159406
0.150101
0.151987
0.142885
0.148428
0.140263
0.141930
0.142741
0.150866
0.132885
0.152881
0.140870
0.146458
0.141256
0.155579
0.146416
0.146666
0.142427
0.160059
0.134559
0.154450
0.147093
0.147439
0.151765
0.146036
0.140049
0.135323
0.174478
0.148082
0.155182
0.146907
0.163867
0.136232
0.160326
0.143110
0.137678
0.142811
0.136312
0.136824
0.149077
0.137754
0.143848
0.136862
0.135422
0.166295
0.143173
0.139474
0.144786
0.134192
0.142371
0.131923
0.138050
0.152426
0.131785
0.144230
0.143292
0.131668
0.133959
0.139374
0.190957
0.140221
0.146753
0.157629
0.152470
0.135914
0.135181
0.148028
0.149785
0.138616
0.137166
0.148309
0.139631
0.138920
0.136432
0.138319
0.143934
0.153658
0.146224
0.156512
0.161466
0.142557
0.158320
0.158352
0.134652
0.145151
0.145428
0.146162
0.134477
0.163502
0.148939
0.163703
0.169229
0.135187
0.135508
0.148695
0.161009
0.163280
0.142846
0.133110
0.133470
0.145518
0.140214
0.148440
0.148649
0.147562
0.139566
0.151756
0.145427
0.145245
0.187911
0.142247
0.138151
0.169346
0.162689
0.145019
0.158326
0.152747
0.151824
0.140396
0.133971
0.145404
0.138923
0.168110
0.144647
0.149880
0.165589
0.169914
0.147599
0.144724
0.142519
0.144850
0.134296
0.195174
0.152346
0.131644
0.142016
0.146487
0.143404
0.138256
0.148977
0.140312
0.139569
0.160868
0.156504
0.134327
0.147748
0.148690
0.144307
0.139975
0.151111
0.129449
0.143991
0.154545
0.139118
0.133882
0.138974
0.151704
0.135730
0.160712
0.145957
0.150622
0.144657
0.138713
0.157799
0.145473
0.144556
0.152366
0.147883
0.157016
0.138986
0.139647
0.140131
0.141102
0.144739
0.138405
0.142258
0.139993
0.138161
0.144676
0.140827
0.140845
0.145033
0.223057
0.143784
0.132774
0.150678
0.141564
0.133191
0.162342
0.133706
0.177257
0.147108
0.149212
0.134022
0.168550
0.144612
0.142218
0.134140
0.143883
0.134555
0.146409
0.135720
0.149704
0.183855
0.173706
0.140585
0.136437
0.148173
0.136856
0.145853
0.136071
0.138524
0.136768
0.147493
0.138802
0.149338
0.155097
0.167379
0.143878
0.139996
0.141568
0.137126
0.140661
0.137196
0.138437
0.143340
0.136361
0.137424
0.153421
0.144511
0.177633
0.217251
0.144197
0.131164
0.142935
0.147869
0.140786
0.160734
0.220397
0.197747
0.150867
0.134116
0.135420
0.143442
0.140482
0.136183
0.134704
0.147937
0.140099
0.150769
0.141970
0.162000
0.138432
0.181981
0.158116
0.135946
0.144318
0.134894
0.128122
0.135838
0.142674
0.172654
0.173829
0.141869
0.140879
0.142595
0.147989
0.154192
0.146412
0.151338
0.138357
0.143831
0.139901
0.144035
0.134560
0.146625
0.148568
0.151959
0.128632
0.151154
0.140937
0.160576
0.140569
0.143061
0.140106
0.151440
0.161860
0.134027
0.131991
0.146752
0.133281
0.158789
0.138536
0.155298
0.131966
0.136543
0.146132
0.141860
0.165912
0.156879
0.131973
0.180452
0.181374
0.146555
0.147087
0.152580
0.148644
0.175359
0.156178
0.137434
0.144941
0.131022
0.141678
0.138337
0.138949
0.148242
0.184510
0.154729
0.143833
0.159580
0.141814
0.137765
0.147302
0.146168
0.142502
0.172022
0.149361
0.145456
0.140100
0.139397
0.151561
0.137399
0.153214
0.141241
0.132857
0.144149
0.147071
0.131340
0.138056
0.142335
0.155814
0.145148
0.142002
0.149679
0.138159
0.139184
0.140723
0.163676
0.133063
0.146569
0.147032
0.148944
0.168282
0.132473
0.147615
0.135683
0.152792
0.134152
0.143443
0.145473
0.147833
0.141099
0.136913
0.143272
0.156924
0.141666
0.145320
0.134641
0.147286
0.139897
0.151619
0.151326
0.147112
0.145770
0.134575
0.135740
0.144520
0.139715
0.134733
0.137752
0.145600
0.146356
0.167699
0.150052
0.165984
0.142183
0.139035
0.145659
0.151773
0.135027
0.134201
0.143545
0.133411
0.144505
0.144683
0.146120
0.159348
0.146486
0.148481
0.142423
0.140074
0.150424
0.131021
0.145310
0.138383
0.149844
0.158600
0.130455
0.147241
0.139156
0.139285
0.137526
0.139678
0.140091
0.138772
0.146663
0.151171
0.141948
0.158751
0.133296
0.138588
0.155462
0.145212
0.150689
0.140126
0.162272
0.147005
0.144092
0.163900
0.151454
0.137821
0.141862
0.132889
0.145611
0.141259
0.137098
0.169860
0.136194
0.146021
0.176273
0.143287
0.136961
0.137070
0.140509
0.135463
0.146006
0.136747
0.147667
0.138447
0.148401
0.151103
0.137864
0.154075
0.137086
0.149748
0.155122
0.139228
0.146494
0.149412
0.148866
0.135773
0.138999
0.138179
0.153757
0.141030
0.162681
0.152383
0.140761
0.142463
0.169492
0.144973
0.143110
0.135879
0.144976
0.148553
0.164406
0.158117
0.138785
0.131744
0.141481
0.143974
0.145569
0.142570
0.145274
0.145823
0.144580
0.157151
0.132816
0.143457
0.137949
0.160694
0.173898
0.137991
0.150382
0.139713
0.127941
0.138550
0.146504
0.140610
0.159933
0.145507
0.158579
0.141196
0.137762
0.135257
0.149048
0.144741
0.191443
0.167013
0.144295
0.157699
0.138400
0.161613
0.135367
0.184043
0.140900
0.160883
0.132455
0.141431
0.159568
0.151850
0.137510
0.140164
0.152004
0.165244
0.142181
0.138234
0.162243
0.136796
