0.00
141.29
141.02
136.15
189.05
225.85
390.79
254.99
310.63
281.72
360.99
313.41
341.53
271.23
380.66
216.89
303.09
211.85
285.35
212.55
351.15
251.82
169.42
327.78
286.88
216.84
412.29
168.34
272.04
270.90
306.37
298.40
280.40
348.63
228.51
253.68
345.74
438.42
370.73
255.94
220.84
210.47
271.95
328.30
361.13
276.73
365.52
205.49
220.50
256.84
369.32
190.38
224.39
328.46
338.15
191.56
196.41
153.26
222.99
292.95
202.63
418.29
359.82
236.53
182.61
144.27
241.51
375.63
224.75
283.33
264.31
323.68
212.43
241.01
221.29
166.60
185.20
158.87
197.86
173.05
370.62
158.82
213.80
359.49
105.54
201.20
230.13
242.16
257.77
118.02
177.52
301.42
275.82
117.64
166.40
137.08
185.21
247.43
254.25
128.94
135.36
228.61
148.38
120.09
95.95
74.32
71.86
56.17
82.44
128.13
150.42
58.72
49.63
64.67
91.00
31.59
36.20
47.30
73.81
88.95
