0.00
290.08
327.95
172.44
275.70
293.94
285.31
193.14
273.52
224.32
209.87
276.95
254.86
266.06
224.80
318.13
395.14
311.91
411.54
371.39
361.61
321.93
270.33
324.77
291.82
223.51
205.00
175.38
131.77
127.61
317.73
190.80
293.73
278.10
355.66
275.81
264.28
294.29
303.25
185.72
228.94
178.84
394.65
345.04
213.09
200.84
285.01
198.81
222.48
296.13
243.45
375.91
447.92
397.27
433.21
389.47
359.18
467.75
364.78
222.59
253.57
161.33
239.61
264.10
230.80
254.17
389.85
385.30
302.74
257.19
505.09
332.20
18.66
82.43
208.44
245.10
173.21
202.75
202.24
197.60
248.21
216.29
276.33
278.50
230.16
218.22
222.09
207.61
228.56
292.03
275.03
260.86
263.11
271.87
260.90
237.47
254.29
241.31
225.53
227.61
266.72
229.96
222.49
254.11
245.25
229.80
242.10
266.83
246.60
228.11
244.33
264.77
237.57
231.39
222.15
262.23
231.17
270.46
227.44
235.91
274.16
183.57
207.33
256.06
227.79
249.78
251.41
298.39
263.08
266.01
261.11
255.37
261.28
229.81
273.05
246.11
247.12
265.86
214.01
253.66
268.46
289.12
260.34
236.04
216.16
182.23
212.21
200.29
182.75
210.20
286.49
182.02
260.22
223.88
227.05
217.33
280.78
202.54
213.67
148.83
162.21
152.09
152.82
137.24
141.15
137.07
136.63
139.26
132.24
134.99
160.61
119.06
128.20
138.67
125.07
115.93
151.44
166.72
183.36
165.85
168.18
168.71
152.99
183.75
167.62
201.82
168.56
183.48
194.48
180.27
177.71
148.39
187.15
135.80
197.68
160.97
182.33
174.64
170.38
170.42
183.66
164.41
194.36
175.69
209.25
155.73
164.99
169.27
174.08
150.37
156.11
196.86
180.57
170.24
159.88
150.20
147.47
192.74
128.03
167.86
164.36
183.25
146.86
131.54
142.90
130.08
169.10
164.14
170.91
193.26
153.58
151.41
151.66
136.61
114.45
149.93
136.95
