0.00
0.35
0.48
0.33
0.40
0.48
0.63
0.50
0.61
0.53
0.55
0.58
0.58
0.53
0.68
0.45
0.58
0.45
0.56
0.48
0.67
0.52
0.45
0.58
0.57
0.48
0.72
0.44
0.55
0.55
0.58
0.61
0.58
0.61
0.51
0.54
0.62
0.71
0.67
0.56
0.53
0.54
0.58
0.62
0.69
0.54
0.65
0.52
0.59
0.58
0.67
0.49
0.55
0.63
0.62
0.50
0.56
0.50
0.55
0.57
0.52
0.70
0.67
0.50
0.48
0.45
0.57
0.62
0.51
0.57
0.60
0.61
0.52
0.57
0.56
0.47
0.47
0.39
0.51
0.45
0.65
0.44
0.52
0.65
0.39
0.48
0.48
0.54
0.55
0.39
0.46
0.60
0.59
0.42
0.45
0.45
0.50
0.54
0.59
0.42
0.43
0.57
0.45
0.41
0.34
0.31
0.31
0.28
0.33
0.40
0.50
0.31
0.28
0.34
0.40
0.23
0.25
0.30
0.35
0.40
