0.035245
0.171435
0.155536
0.148612
0.156570
0.157993
0.159555
0.148195
0.158523
0.166523
0.167270
0.165093
0.151007
0.146213
0.145049
0.146183
0.143389
0.144111
0.141911
0.142322
0.176503
0.149385
0.147890
0.150407
0.173184
0.145988
0.149085
0.145570
0.154292
0.171679
0.146822
0.160977
0.151387
0.163189
0.158732
0.181245
0.154451
0.151824
0.148905
0.152757
0.156045
0.151632
0.163905
0.171035
0.151749
0.145364
0.147115
0.157293
0.145977
0.153877
0.157309
0.169324
0.202895
0.220453
0.151210
0.157667
0.153334
0.154209
0.155535
0.143991
0.142635
0.148010
0.159493
0.158895
0.163582
0.163024
0.159966
0.194278
0.184572
0.145603
0.143732
0.176383
0.207550
0.156066
0.166602
0.149520
0.150537
0.154584
0.182734
0.143312
0.138750
0.147880
0.172048
0.160819
0.143704
0.168720
0.167137
0.145627
0.149977
0.152628
0.146265
0.142155
0.154043
0.172370
0.146931
0.140151
0.162483
0.149933
0.152611
0.144285
0.155250
0.144520
0.145557
0.157020
0.235423
0.169946
0.170351
0.147757
0.142996
0.144744
0.147556
0.143581
0.148966
0.148780
0.139348
0.193031
0.143286
0.152443
0.149723
0.158065
0.155082
0.154205
0.151644
0.151965
0.166168
0.160500
0.139863
0.146023
0.145710
0.171076
0.143012
0.147983
0.161079
0.149344
0.146801
0.151289
0.198242
0.140774
0.153241
0.143770
0.148756
0.148154
0.145985
0.165480
0.147666
0.184031
0.145224
0.142547
0.148206
0.149287
0.153373
0.164571
0.154948
0.164846
0.151474
0.142730
0.150771
0.152364
0.155236
0.152074
0.147496
0.147446
0.178377
0.146053
0.139866
0.143459
0.159491
0.151122
0.144494
0.147464
0.182439
0.141314
0.148882
0.153214
0.141888
0.144961
0.146924
0.158935
0.150875
0.148872
0.154623
0.154186
0.156407
0.166118
0.157243
0.150811
0.144551
0.158005
0.146312
0.145052
0.146811
0.155035
0.147675
0.151101
0.142827
0.155257
0.143327
0.149097
0.148730
0.141289
0.143639
0.140726
0.141124
0.155749
0.155923
0.166984
0.170340
0.183905
0.145020
0.149206
0.175586
0.219537
0.139441
0.147914
0.145294
0.145264
0.146305
0.151455
0.152327
0.159197
0.155708
0.182428
0.157125
0.149001
0.154969
0.172623
0.178524
0.154941
0.147610
0.156027
0.206398
0.161729
0.152480
0.152887
0.180300
0.164743
0.158373
