0.042333
2.784913
0.103983
0.103194
0.108798
0.108648
0.107610
0.100047
0.099108
0.102859
0.106598
0.108794
0.100369
0.100946
0.101854
0.106669
0.141692
0.114285
0.112677
0.110061
0.112376
0.118721
0.120820
0.122421
0.168954
0.120722
0.127137
0.125032
0.125273
0.121420
0.134123
0.141884
0.143740
0.152082
0.115063
0.121392
0.119286
0.128550
0.170886
0.122834
0.119774
0.115280
0.118368
0.136704
0.120018
0.165784
0.218878
0.169037
0.180401
0.135560
0.139853
0.141668
0.156065
0.149192
0.133154
0.152952
0.145411
0.145991
0.139704
0.155223
0.148539
0.137583
0.147957
0.163990
0.138417
0.151942
0.142163
0.131728
0.132244
0.144385
0.136830
0.135810
0.146902
0.135845
0.134601
0.135581
0.137664
0.144051
0.143186
0.171146
0.139014
0.148535
0.170588
0.164078
0.136796
0.138589
0.148371
0.132737
0.147634
0.146243
0.150662
0.139635
0.146361
0.136491
0.144454
0.150501
0.150050
0.137374
0.137060
0.144470
0.148740
0.140616
0.164645
0.150934
0.136527
0.143224
0.138438
0.135853
0.139550
0.141685
0.143274
0.139595
0.142440
0.140722
0.139232
0.138649
0.141162
0.142357
0.141413
0.140167
0.140032
0.166122
0.158902
0.142133
0.141495
0.142382
0.141660
0.136392
0.142862
0.201812
0.182321
0.155016
0.129551
0.141620
0.135605
0.137205
0.148654
0.167406
0.155266
0.146821
0.156241
0.144957
0.143616
0.145559
0.158302
0.159544
0.190572
0.152180
0.155356
