0.00
359.54
457.76
381.97
287.64
322.70
324.65
329.18
377.39
338.11
227.48
338.62
358.58
300.98
218.71
257.76
248.53
278.47
269.12
220.03
251.48
208.03
220.59
157.93
305.51
338.21
330.88
359.20
278.93
261.98
266.63
140.14
219.29
180.52
178.71
343.48
264.02
366.03
299.64
189.23
247.08
103.28
175.87
100.63
258.60
183.11
269.46
285.20
223.05
176.47
119.58
177.87
179.70
116.27
122.76
218.18
147.02
206.50
133.17
114.14
72.38
143.00
140.92
101.16
125.30
145.58
161.52
130.40
68.27
66.95
102.37
97.81
110.16
107.49
153.88
119.72
96.38
268.22
208.68
279.28
325.17
361.28
190.41
304.60
338.40
252.52
254.46
234.88
254.32
248.51
248.30
290.89
257.88
222.03
218.28
269.74
227.33
312.56
224.60
230.65
212.66
179.04
136.27
229.09
175.96
249.79
226.96
243.31
301.86
212.73
209.45
318.05
165.86
234.86
222.03
188.09
315.80
152.61
160.68
211.42
156.50
179.75
187.28
230.90
310.19
299.32
