0.00
461.62
342.25
404.68
362.58
420.85
392.36
499.12
307.66
370.91
425.64
311.31
377.73
388.56
356.32
393.65
325.82
379.92
297.41
363.07
301.90
305.78
348.89
426.61
338.28
330.69
376.92
359.91
303.31
369.58
117.49
297.27
373.65
294.38
345.61
405.85
439.14
459.17
484.56
483.41
396.62
472.58
452.06
427.88
427.01
433.68
445.34
422.52
452.14
402.49
420.93
359.18
324.92
325.74
345.54
395.32
350.11
357.52
434.70
308.41
354.66
412.84
379.61
356.60
303.30
314.32
229.09
331.80
340.52
295.81
377.65
346.17
275.87
276.91
316.59
285.44
131.42
165.48
229.59
96.74
143.40
297.92
219.81
277.32
242.88
177.73
257.25
156.54
92.05
81.89
98.70
125.15
111.30
173.31
114.16
135.97
99.89
88.32
111.93
63.09
83.70
119.36
145.38
116.55
96.30
103.52
85.41
134.63
89.53
108.21
115.42
114.20
103.34
98.67
75.17
108.36
76.55
75.66
111.76
84.18
73.24
44.75
47.67
90.90
213.25
192.01
140.22
95.57
56.69
263.66
225.62
133.31
290.41
243.49
221.92
220.84
298.46
256.52
265.29
327.00
343.85
372.34
322.98
330.59
329.44
337.92
285.54
275.08
255.88
