0.00
0.73
0.65
0.68
0.67
0.71
0.70
0.78
0.63
0.66
0.70
0.58
0.68
0.67
0.61
0.55
0.51
0.58
0.52
0.38
0.40
0.48
0.45
0.73
0.59
0.53
0.53
0.37
0.30
0.46
0.09
0.61
0.68
0.58
0.67
0.68
0.75
0.77
0.78
0.77
0.70
0.76
0.75
0.73
0.74
0.73
0.75
0.74
0.75
0.72
0.72
0.65
0.63
0.64
0.66
0.70
0.66
0.67
0.74
0.61
0.65
0.72
0.69
0.66
0.63
0.65
0.56
0.66
0.66
0.59
0.67
0.63
0.53
0.59
0.61
0.55
0.30
0.39
0.30
0.17
0.26
0.54
0.40
0.49
0.49
0.43
0.54
0.45
0.38
0.36
0.41
0.44
0.42
0.51
0.45
0.48
0.41
0.38
0.38
0.36
0.34
0.40
0.47
0.39
0.37
0.42
0.39
0.43
0.35
0.35
0.37
0.38
0.34
0.31
0.30
0.35
0.26
0.20
0.26
0.22
0.23
0.11
0.10
0.22
0.45
0.37
0.45
0.42
0.31
0.51
0.53
0.42
0.58
0.52
0.47
0.47
0.62
0.49
0.53
0.56
0.60
0.65
0.53
0.63
0.64
0.66
0.57
0.50
0.57
