0.013899
2.848852
0.098281
0.099681
0.099125
0.098181
0.100658
0.102569
0.100314
0.101779
0.100756
0.097612
0.097721
0.099938
0.100220
0.103886
0.109006
0.101766
0.108063
0.102947
0.160417
0.122642
0.145905
0.129758
0.111996
0.124113
0.126696
0.119167
0.117021
0.122579
0.131793
0.115874
0.133986
0.125206
0.114723
0.115259
0.120420
0.116162
0.123815
0.119824
0.166849
0.119201
0.111532
0.113902
0.117686
0.190319
0.175000
0.155215
0.140974
0.140760
0.134588
0.136508
0.145738
0.146053
0.156821
0.145903
0.130244
0.133799
0.138367
0.133266
0.128622
0.138326
0.134273
0.138373
0.160342
0.170099
0.146594
0.131793
0.150661
0.152736
0.133955
0.132589
0.142036
0.132661
0.156436
0.134956
0.134982
0.136672
0.136749
0.140446
0.137107
0.133899
0.179369
0.136963
0.146724
0.134331
0.142852
0.149261
0.140099
0.138706
0.156598
0.144285
0.138588
0.148108
0.138761
0.148793
0.163088
0.134599
0.144171
0.140106
0.134834
0.155539
0.146204
0.129886
0.133614
0.132413
0.131623
0.132003
0.132933
0.134316
0.132143
0.135270
0.137423
0.136123
0.136425
0.135403
0.135385
0.134238
0.135015
0.133832
0.153197
0.140712
0.140264
0.150001
0.134242
0.137576
0.136092
0.147420
0.139950
