0.030482
0.147847
0.139093
0.145949
0.158019
0.156199
0.169241
0.152332
0.151479
0.161618
0.137755
0.150039
0.139700
0.173994
0.173450
0.145008
0.166326
0.145555
0.149573
0.140915
0.149798
0.156831
0.155754
0.147083
0.147315
0.153863
0.156074
0.147718
0.156316
0.184813
0.144574
0.147559
0.142337
0.152250
0.148280
0.172346
0.242514
0.153877
0.141424
0.165174
0.169406
0.140889
0.158365
0.177871
0.162398
0.144011
0.143074
0.152465
0.138305
0.140446
0.141382
0.143667
0.139191
0.142741
0.145370
0.138238
0.139642
0.143493
0.139512
0.140464
0.149989
0.152345
0.142380
0.143568
0.138474
0.144651
0.141355
0.145582
0.145588
0.141248
0.141216
0.143120
0.177736
0.146612
0.137558
0.146133
0.144491
0.153180
0.153028
0.134979
0.148682
0.176491
0.140311
0.153965
0.131998
0.147498
0.244646
0.153101
0.151471
0.145731
0.154315
0.164901
0.145591
0.156458
0.187390
0.192602
0.139438
0.140940
0.142551
0.142619
0.149245
0.139742
0.141838
0.146143
0.136746
0.136311
0.144312
0.138549
0.143155
0.151128
0.138197
0.143885
0.144878
0.150238
0.146000
0.146783
0.154309
0.156089
0.152736
0.153407
0.136012
0.147896
0.181070
0.159692
0.144547
0.136976
0.164140
0.147151
0.144747
0.154922
0.151672
0.141696
0.143831
0.156309
0.144464
0.148998
0.153647
0.183751
0.153234
0.159908
0.209526
0.166513
0.151691
0.139331
0.158237
0.179053
0.158416
0.145226
0.137241
0.172417
0.136505
0.151549
0.134232
0.152533
0.156370
0.138652
0.144121
0.180550
0.147312
0.149146
0.140855
0.147979
0.137012
0.185418
0.206772
0.133045
0.141853
0.150786
0.135054
0.145717
0.141108
0.150098
0.145151
0.156687
0.139649
0.145031
0.148492
0.136647
0.156470
0.197942
0.137154
0.151691
0.158478
0.160480
0.148664
0.144767
0.174484
0.146836
0.150470
0.157585
0.151033
0.143491
0.167393
0.153355
0.140903
0.151436
0.143180
0.140661
0.146563
0.148739
0.170655
0.153962
0.172976
0.147101
0.166298
0.148119
0.149966
0.153908
0.175073
0.158676
0.140412
0.157059
0.152213
0.147527
0.148124
0.154340
0.150790
0.151705
0.152518
0.148097
0.150249
0.161242
0.145936
0.159082
0.150115
0.153989
0.144545
0.146986
0.147121
0.144387
0.231245
0.206052
0.152821
0.147391
0.143939
0.142297
0.145654
0.135948
0.176955
0.136545
0.145610
0.147286
0.145038
0.142236
0.145024
0.143694
0.140486
0.147114
0.147308
0.135206
0.143027
0.151343
0.151004
0.135024
0.138840
0.144236
0.150337
0.142105
0.151286
0.150272
0.158907
0.148804
0.142687
0.181629
0.142860
0.144584
0.150681
0.154853
0.135225
0.142125
0.152106
0.201082
0.156195
0.140692
0.145529
0.156200
0.147456
0.136366
0.139389
0.139862
0.149018
0.143674
0.140022
0.142779
0.144863
0.139529
0.140314
0.135818
0.140377
0.141879
0.155079
0.156955
0.162668
0.149247
0.145431
0.147180
0.148743
0.138007
0.136372
0.170161
0.164104
0.144771
0.140008
0.141524
0.146762
0.143940
0.137269
0.157277
0.152535
0.139473
0.142443
0.148234
0.156340
0.157820
0.160359
0.167693
0.142915
0.143818
0.153118
0.157996
0.142938
0.141843
0.137458
0.143396
0.144027
0.140479
0.146984
0.144185
0.153838
0.137367
0.156761
0.138179
0.142493
0.145079
0.148863
0.135047
0.144743
0.135482
0.145814
0.168726
0.146545
0.156834
0.151940
0.178116
0.163065
0.147245
0.139099
0.145766
0.150157
0.147825
0.136324
0.139602
0.142675
0.139125
0.151243
0.142906
0.141589
0.175512
0.144982
0.143411
0.146047
0.144594
0.143591
0.143238
0.141648
0.142457
0.140751
0.188855
0.145865
0.144767
0.139467
0.141112
0.150328
0.136182
0.146931
0.142926
0.138691
0.142689
0.143981
0.167236
0.138856
0.145429
0.139970
0.167365
0.151963
0.192713
0.154732
0.148165
0.174782
0.146061
0.163127
0.163995
0.142032
0.151856
0.146271
0.140863
0.141000
0.170112
0.162394
0.149385
0.143834
0.146641
0.143883
0.155812
0.145679
0.153635
0.143244
0.139873
0.148037
0.150457
0.158330
0.146011
0.139287
0.143711
0.144586
0.172257
0.169691
0.155181
0.167309
0.158123
0.168490
0.142727
0.141789
0.147946
0.139502
0.148734
0.145960
0.159784
0.146389
0.160134
0.161256
0.157191
0.148290
0.143446
0.140186
0.139734
0.146362
0.145986
0.143350
0.151685
0.177572
0.165088
0.140590
0.143743
0.161748
0.142172
0.159654
0.139093
0.140934
0.151406
0.141746
0.142969
0.164343
0.158136
0.153681
0.146411
0.145753
0.150465
0.144815
0.153585
0.149238
0.146929
0.188861
0.148339
0.149934
0.149630
0.149325
0.154092
0.150779
0.161409
0.156695
0.154622
0.183765
0.160467
0.166819
0.221913
0.194163
0.189377
0.146455
0.151958
0.194110
0.178061
0.160401
0.145609
0.151335
0.151248
0.144465
0.149535
0.154674
0.146202
0.148158
0.149343
0.154475
0.149131
0.150131
0.149085
0.191540
0.168989
0.154315
0.156355
0.152621
0.149143
0.147066
0.163051
0.144165
0.143956
0.143299
0.145524
0.149504
0.148963
0.146281
0.144958
0.148500
0.144359
0.146508
0.145266
0.146705
0.186174
0.172357
0.150160
0.145041
0.147954
0.151857
0.145596
0.154165
0.150301
0.156743
0.148182
0.148576
0.159350
0.160594
0.141954
0.141854
0.150880
0.148851
0.245178
0.141675
0.152223
0.152740
0.177246
0.157100
0.139946
0.141730
0.168342
0.151941
0.218332
0.209980
0.147050
0.158340
0.162161
0.143947
0.190257
0.148566
0.155084
0.152398
0.144758
0.144884
0.172266
0.147079
0.155419
0.166172
0.161190
0.142923
0.142130
0.137936
0.138044
0.160612
0.148446
0.144847
0.141732
0.139044
0.136708
0.138348
0.138340
0.155691
0.142563
0.150588
0.150790
0.161566
0.137509
0.136038
0.204530
0.161885
0.144456
0.156406
0.179215
0.155613
0.150087
0.142126
0.142477
0.148812
0.139643
0.155584
0.155068
0.138656
0.185959
0.139066
0.143218
0.154037
0.144064
0.140313
0.152944
0.137620
0.141254
0.146847
0.157037
0.173654
0.155305
0.137852
0.152191
0.160358
0.140016
0.147575
0.140899
0.141510
0.149743
0.143960
0.155412
0.143691
