0.00
0.62
0.75
0.74
0.65
0.50
0.49
0.57
0.62
0.59
0.62
0.54
0.54
0.62
0.71
0.68
0.62
0.56
0.56
0.56
0.62
0.56
0.59
0.71
0.67
0.71
0.75
0.78
0.78
0.72
0.71
0.62
0.62
0.63
0.48
0.47
0.53
0.56
0.60
0.60
0.64
0.64
0.67
0.66
0.66
0.65
0.64
0.61
0.72
0.67
0.58
0.59
0.72
0.63
0.73
0.69
0.72
0.74
0.76
0.75
0.76
0.70
0.73
0.69
0.67
0.60
0.50
0.57
0.57
0.69
0.65
0.66
0.62
0.62
0.67
0.63
0.57
0.65
0.67
0.68
0.53
0.73
0.72
0.69
0.66
0.72
0.73
0.71
0.65
0.71
0.70
0.71
0.69
0.69
0.73
0.67
0.64
0.74
0.67
0.70
0.75
0.74
0.76
0.79
0.75
0.75
0.77
0.75
0.76
0.73
0.72
0.71
0.68
0.64
0.64
0.70
0.74
0.75
0.68
0.66
0.69
0.68
0.70
0.64
0.67
0.74
0.80
0.68
0.62
0.58
0.58
0.53
0.57
0.59
0.54
0.50
0.52
0.68
0.67
0.70
0.60
0.70
0.64
0.76
0.70
0.76
0.75
0.78
0.77
0.70
0.72
0.67
0.68
0.64
0.70
0.67
0.70
0.62
0.69
0.74
0.69
0.70
0.71
0.71
0.64
0.68
0.64
0.55
0.67
0.55
0.65
0.68
0.69
0.68
0.70
0.61
0.67
0.68
0.60
0.65
0.66
0.57
0.60
0.53
0.54
0.66
0.64
0.72
0.72
0.72
0.71
0.70
0.71
0.72
0.71
0.70
0.71
0.69
0.69
0.62
0.72
0.66
0.70
0.63
0.63
0.55
0.59
0.65
0.53
0.58
0.62
0.59
0.76
0.71
0.70
0.65
0.60
0.71
0.70
0.74
0.72
0.71
0.64
0.73
0.73
0.75
0.76
0.78
0.78
0.77
0.72
0.70
0.73
0.77
0.74
0.72
0.77
0.69
0.67
0.69
0.60
0.66
0.54
0.61
0.73
0.72
0.73
0.61
0.58
0.49
0.65
0.61
0.49
0.73
0.67
0.63
0.72
0.51
0.52
0.54
