0.032110
0.193677
0.193323
0.143584
0.159877
0.172040
0.161418
0.151934
0.155595
0.153203
0.142488
0.150620
0.155788
0.155859
0.151782
0.148705
0.151923
0.167519
0.157634
0.155747
0.143046
0.143672
0.151614
0.162352
0.160869
0.169365
0.167363
0.182831
0.152247
0.152085
0.145565
0.166782
0.167025
0.152854
0.144850
0.144754
0.151988
0.140321
0.154757
0.182785
0.184797
0.147866
0.148771
0.155580
0.185440
0.157222
0.162202
0.187671
0.191827
0.164798
0.164235
0.181698
0.146238
0.145226
0.158472
0.146143
0.156550
0.161072
0.160052
0.147084
0.143031
0.155416
0.142192
0.152358
0.145056
0.144591
0.148849
0.145605
0.143129
0.144477
0.148966
0.147526
0.144011
0.147321
0.163194
0.182582
0.168089
0.142617
0.174334
0.143608
0.146924
0.145370
0.160507
0.142919
0.141402
0.167340
0.139234
0.196487
0.207205
0.177168
0.160514
0.167875
0.146175
0.148648
0.151029
0.178944
0.139275
0.157961
0.183911
0.190484
0.166161
0.154873
0.174505
0.172244
0.155982
0.154379
0.146531
0.155680
0.152559
0.146858
0.143436
0.169560
0.144238
0.158976
0.192962
0.167352
0.137997
0.152994
0.144803
0.156927
0.145642
0.151694
0.151143
0.169307
0.164081
0.147262
0.140198
0.148877
0.159550
0.156451
0.164366
0.174446
0.177243
0.154579
0.141669
0.143300
0.190432
0.240532
0.167200
0.154925
0.145056
0.144065
0.147025
0.152092
0.162651
0.210433
0.197298
0.146322
0.153893
0.149611
0.165712
0.155528
0.154562
0.152280
0.139793
0.143675
0.181901
0.142284
0.149393
0.155230
0.147424
0.152640
0.189744
0.173365
0.145901
0.176007
0.188021
0.163298
0.143111
0.148291
0.148399
0.159625
0.163943
0.161084
0.164497
0.151714
0.155259
0.156343
0.142524
0.146471
0.144305
0.143709
0.144925
0.154409
0.145317
0.146455
0.158300
0.144517
0.143128
0.158045
0.138462
0.139904
0.178881
0.143037
0.155051
0.134798
0.145125
0.142002
0.149186
0.154145
0.143951
0.141874
0.151719
0.142779
0.163305
0.151833
0.136932
0.167739
0.151454
0.139488
0.192460
0.182038
0.232737
0.162218
0.158273
0.224425
0.145572
0.149242
0.159050
0.143952
0.142679
0.142378
0.154635
0.145664
0.151432
0.142692
0.144804
0.146977
0.146645
0.154555
0.160411
0.149108
0.188929
0.173063
0.150037
0.175073
0.180638
0.158511
0.148328
0.178870
0.148644
0.145823
0.159391
0.173237
0.162257
0.147898
0.147626
0.148703
0.168845
0.176286
0.156123
0.156055
0.173002
0.153054
0.168164
0.150941
0.153266
0.162212
0.167674
0.175643
