0.00
517.35
498.99
497.84
459.02
399.47
291.28
412.50
448.71
355.74
511.01
449.29
515.67
486.00
485.05
427.25
417.06
503.89
525.32
531.75
541.29
518.39
540.41
520.22
509.57
501.64
501.89
507.32
516.52
543.24
520.89
530.10
525.68
466.22
464.94
496.42
497.67
493.76
507.27
471.40
531.55
513.58
527.11
543.34
532.13
495.35
495.76
471.22
488.94
478.46
489.67
487.73
502.23
514.85
517.56
494.38
501.06
531.22
523.10
507.89
494.90
487.95
487.32
472.76
483.03
477.96
477.10
453.18
484.06
495.59
465.56
364.88
493.77
473.15
496.08
430.16
499.92
459.69
343.65
436.26
294.29
473.42
405.19
460.27
462.63
401.79
449.46
421.46
441.15
433.45
400.66
417.24
511.25
490.64
505.67
514.02
511.59
505.71
483.34
531.07
527.69
500.18
454.71
517.05
473.72
453.77
437.79
365.93
349.30
409.11
405.40
409.84
388.95
351.97
387.93
301.16
398.24
288.52
400.47
372.46
398.12
356.52
349.52
434.52
357.43
403.90
387.46
411.32
364.97
394.91
456.34
364.03
479.62
495.57
398.97
521.56
476.39
518.94
496.57
519.03
498.64
522.48
540.72
472.44
533.00
503.14
494.22
500.21
503.56
450.20
464.75
358.35
448.81
292.72
382.81
422.52
292.74
451.98
286.04
335.89
422.91
368.84
387.97
482.90
485.12
470.54
516.31
538.84
509.08
404.04
458.43
278.91
438.47
461.82
382.11
312.35
319.18
302.60
292.55
389.35
420.10
453.81
471.93
468.76
447.07
426.99
386.19
358.57
388.51
357.10
266.93
334.38
347.36
388.46
370.74
322.18
273.03
294.65
295.22
409.02
264.87
448.80
307.62
320.48
313.15
324.48
297.95
341.58
366.22
269.99
340.72
264.28
260.93
329.04
267.75
351.31
311.29
301.51
383.45
306.35
388.51
279.10
306.16
291.78
304.98
281.25
321.28
441.08
398.50
423.06
447.67
289.36
426.76
357.65
384.52
354.90
383.63
412.40
321.72
362.40
317.55
287.53
407.33
418.78
454.29
314.73
440.34
382.74
317.26
304.89
292.58
284.03
390.52
432.69
512.41
489.86
476.94
462.28
487.21
495.17
479.95
492.91
487.85
520.81
527.43
499.61
458.54
472.57
366.79
505.06
422.68
419.68
359.97
481.35
422.39
417.71
524.76
464.03
510.75
501.66
537.72
513.07
543.61
534.91
526.97
534.88
533.34
532.93
514.70
528.67
535.60
527.66
534.55
540.24
526.51
522.38
539.99
523.19
542.04
528.88
538.98
551.56
544.44
528.67
533.13
527.83
532.55
528.01
537.86
522.44
537.54
504.04
510.24
508.27
514.11
512.74
521.02
529.01
535.81
518.07
496.95
528.30
514.48
509.16
506.61
473.54
505.77
522.67
505.74
498.20
495.08
487.93
360.37
457.43
525.35
521.64
463.49
509.54
499.47
519.60
457.73
507.87
495.02
381.83
494.63
347.79
486.41
458.07
424.13
434.86
403.26
429.69
430.23
275.86
342.30
408.41
419.21
365.81
379.75
388.90
370.67
399.37
406.48
368.07
347.26
369.00
421.29
432.24
461.64
479.42
523.74
530.40
542.56
529.59
499.78
524.92
528.77
528.30
534.27
523.45
510.37
519.73
498.71
512.96
518.36
545.65
560.67
562.01
560.34
553.30
549.60
536.29
539.27
528.06
546.06
543.99
548.73
548.22
537.09
551.52
554.90
552.01
547.49
546.40
548.08
533.15
554.20
549.47
548.42
548.35
539.02
551.38
530.04
528.89
526.26
535.06
544.79
542.66
550.05
541.81
534.72
523.56
486.52
524.76
441.83
489.63
458.11
500.83
484.85
513.90
498.07
420.48
422.34
489.83
517.70
518.54
517.20
523.05
508.24
480.01
509.45
521.98
502.02
482.51
488.02
480.19
457.66
412.00
488.31
488.32
527.74
521.19
526.69
505.61
497.82
459.88
511.82
520.99
523.25
461.62
386.36
368.40
381.49
399.79
399.19
417.57
415.28
404.12
367.09
445.28
442.61
440.45
400.52
450.78
361.09
358.21
295.98
304.72
309.30
330.49
465.70
411.77
310.30
371.35
416.71
338.78
352.38
300.76
325.23
358.77
337.20
390.01
300.83
381.11
276.44
420.94
278.80
308.77
300.69
370.25
345.64
503.60
386.56
285.84
371.09
483.40
272.18
314.07
325.60
340.33
316.08
225.51
269.99
292.31
288.49
270.51
332.00
349.24
355.78
427.02
401.15
469.46
414.67
444.16
422.82
455.49
336.52
392.07
304.69
287.61
413.19
391.51
496.87
511.14
476.71
462.28
446.25
483.70
482.51
481.44
461.57
500.45
464.18
478.17
469.09
455.56
477.16
480.12
525.71
543.87
534.94
548.18
503.17
529.12
524.41
490.42
517.22
513.55
524.21
530.72
507.53
520.29
520.77
527.12
535.70
498.09
539.32
521.41
540.17
522.07
495.02
492.24
470.30
502.02
526.18
536.14
531.21
526.87
531.04
504.17
530.79
498.42
523.95
496.02
487.52
514.04
470.38
514.11
442.93
454.74
481.58
458.59
510.57
517.18
503.41
508.11
517.63
484.73
440.97
487.41
467.32
502.48
517.28
457.03
422.72
496.14
326.71
374.68
255.54
379.92
243.09
273.48
332.82
322.96
460.23
348.56
263.27
264.64
275.39
