0.011228
0.153105
0.154102
0.158500
0.142051
0.136575
0.152224
0.142233
0.155493
0.138088
0.134964
0.151854
0.137962
0.144257
0.140403
0.138900
0.143175
0.146814
0.138385
0.140955
0.158383
0.137685
0.161668
0.149406
0.140088
0.137648
0.142752
0.150847
0.147752
0.146923
0.145568
0.170709
0.147177
0.150943
0.136557
0.197735
0.145561
0.159891
0.150774
0.149501
0.142967
0.152350
0.162151
0.138711
0.141516
0.143160
0.150687
0.154417
0.155149
0.143859
0.156945
0.146426
0.148529
0.156008
0.152304
0.149115
0.164989
0.144871
0.144680
0.136660
0.147441
0.148390
0.154191
0.152999
0.185984
0.237256
0.156829
0.157805
0.178565
0.165968
0.165723
0.165200
0.156777
0.142263
0.152700
0.158280
0.147981
0.154158
