0.034938
0.139262
0.135879
0.163408
0.161321
0.146965
0.142722
0.168180
0.138554
0.143775
0.160349
0.159146
0.157319
0.172406
0.141682
0.140463
0.158498
0.180755
0.150292
0.166770
0.153704
0.151581
0.136167
0.146625
0.179124
0.144451
0.156624
0.146134
0.166609
0.156315
0.157394
0.162761
0.162906
0.144595
0.148304
0.149155
0.161708
0.149293
0.154539
0.159742
0.139417
0.154639
0.146925
0.141859
0.144300
0.167661
0.179208
0.141178
0.141790
0.147874
0.161077
0.141616
0.143546
0.169930
0.143554
0.149122
0.148476
0.153987
0.151118
0.173668
0.187547
0.136334
0.148937
0.141059
0.136522
0.151834
0.143674
0.148145
