0.00
449.07
182.03
167.72
347.33
227.22
131.20
127.14
102.64
106.07
117.79
154.00
148.14
221.14
183.11
191.88
142.51
134.98
192.57
237.30
123.82
174.28
134.09
90.60
109.57
194.83
148.56
230.38
186.34
159.25
176.20
248.80
147.53
185.35
139.48
143.09
118.06
98.00
55.84
37.40
44.02
81.78
199.21
196.29
166.06
76.76
221.95
270.44
295.43
291.91
262.52
234.28
223.29
250.64
218.85
204.89
178.62
163.19
174.68
206.79
220.98
222.18
204.40
144.78
212.62
287.36
244.82
263.96
234.57
264.54
188.28
291.18
235.93
254.19
240.27
271.57
206.55
248.25
187.47
291.07
286.76
264.51
215.80
303.95
284.94
186.97
208.38
238.48
231.50
225.08
139.17
204.98
207.95
164.99
163.75
136.08
153.37
132.14
116.71
97.46
180.09
274.12
250.34
225.37
257.69
255.57
301.06
