0.00
484.02
275.08
457.59
382.55
388.66
323.73
302.96
305.24
269.41
356.27
246.82
226.49
256.18
227.97
381.96
361.60
315.97
276.99
160.16
270.07
147.02
220.93
316.84
305.89
423.48
420.83
241.59
342.47
297.21
405.44
337.02
183.15
245.63
223.21
331.55
215.31
192.61
211.12
184.15
277.53
255.53
162.48
287.24
247.28
218.14
218.76
216.35
164.71
156.46
166.48
173.29
100.01
118.77
112.77
182.20
89.72
90.02
112.14
89.33
63.20
80.96
187.85
165.31
140.42
81.22
77.71
113.39
144.49
170.02
202.42
143.48
176.08
160.55
106.83
90.61
90.58
148.20
115.66
72.88
70.18
72.79
86.83
65.33
66.11
76.75
126.49
115.20
186.20
134.67
80.76
141.49
64.12
362.40
249.32
274.07
367.58
337.48
272.32
360.92
364.22
347.89
373.19
378.51
414.64
403.20
351.86
215.50
224.54
