0.020631
0.137408
0.149570
0.227992
0.230844
0.150063
0.135873
0.134901
0.143877
0.148350
0.137970
0.137935
0.155439
0.145048
0.162644
0.141942
0.171448
0.146597
0.159851
0.146231
0.159648
0.178523
0.177246
0.164141
0.135624
0.140848
0.147383
0.147759
0.136383
0.161237
0.141611
0.155824
0.159247
0.154969
0.141379
0.148934
0.162130
0.166159
0.175081
0.147378
0.148820
0.144152
0.151051
0.156559
0.186042
0.200799
0.145200
0.145632
0.142487
0.153514
0.153658
0.168504
0.141430
0.147384
0.158462
0.150464
0.149726
0.151037
0.156536
0.160698
0.158285
0.150249
0.154639
0.148238
0.145039
0.157284
0.164036
0.152268
0.169863
0.164648
0.146707
0.152256
0.149245
0.150763
0.164010
0.145339
0.144547
0.164438
0.147198
0.165824
0.162526
