0.00
0.79
0.58
0.74
0.69
0.72
0.65
0.64
0.62
0.61
0.68
0.59
0.56
0.60
0.55
0.72
0.70
0.65
0.62
0.45
0.59
0.45
0.53
0.64
0.62
0.74
0.73
0.59
0.68
0.64
0.73
0.68
0.54
0.59
0.57
0.68
0.57
0.54
0.57
0.47
0.59
0.58
0.46
0.63
0.60
0.52
0.50
0.53
0.49
0.46
0.46
0.47
0.33
0.37
0.41
0.47
0.27
0.37
0.39
0.34
0.27
0.32
0.44
0.41
0.34
0.23
0.25
0.35
0.36
0.42
0.46
0.34
0.36
0.38
0.29
0.20
0.21
0.37
0.31
0.25
0.23
0.23
0.24
0.22
0.25
0.27
0.27
0.22
0.32
0.26
0.17
0.25
0.15
0.61
0.47
0.54
0.62
0.56
0.47
0.58
0.59
0.55
0.57
0.64
0.71
0.63
0.59
0.37
0.40
