0.011824
0.144646
0.153334
0.156136
0.156725
0.145646
0.148774
0.163896
0.177979
0.154436
0.217012
0.205581
0.153360
0.162683
0.163239
0.210177
0.169225
0.155144
0.144184
0.156194
0.200026
0.201416
0.155715
0.154251
0.148529
0.174846
0.168697
0.158185
0.151747
0.155838
0.147352
0.147771
0.175352
0.160217
0.167322
0.152012
0.163899
0.146215
0.144295
0.143930
0.144788
0.156447
0.145651
0.161434
0.152334
0.144327
0.142943
0.145937
0.154289
0.159613
0.192579
0.149165
0.139077
0.143602
0.159978
0.154552
0.170072
0.146647
0.145860
0.150121
0.147830
0.155424
0.171595
0.153264
0.164572
0.159313
0.143666
0.150836
0.144400
0.152226
0.152115
0.155377
0.146608
0.148021
0.172705
0.143863
0.144506
0.144124
0.155944
0.138381
0.158640
0.175502
0.205251
0.147912
0.145000
0.145080
0.145782
0.145497
0.150111
0.149426
0.183593
0.154677
0.141737
0.141244
0.139555
0.143209
0.144905
0.157708
0.144519
0.147589
0.143215
0.141488
0.146348
0.139423
0.147614
0.144315
0.149056
0.141696
0.152475
0.163771
0.143493
0.139898
0.135559
0.140398
0.141520
0.140914
0.141727
0.173217
0.165696
0.140033
0.146929
0.152334
0.151737
0.165224
0.139639
0.145932
0.139868
0.139582
0.148275
0.150383
0.143659
0.139182
0.140453
0.150334
0.145801
0.144781
0.140955
0.144104
0.143531
0.152428
0.141779
0.143997
0.139554
0.204187
0.138829
0.136636
0.150860
0.159512
0.141812
0.139604
0.154798
0.138636
0.141188
0.160275
0.136186
0.135936
0.135248
0.144910
0.155592
0.136586
0.135112
0.133118
0.132327
0.147417
0.252478
0.143456
0.137326
0.137963
0.135989
0.133592
0.150724
0.138808
0.137852
0.149475
0.136027
0.135000
0.176817
0.149869
0.145393
0.140776
0.153147
0.142118
0.140483
0.141953
0.142816
0.140247
0.141282
0.142186
0.140565
0.140518
0.138066
0.139101
0.150308
0.140367
0.163347
0.138164
0.146918
0.140590
0.152765
0.158594
0.147253
0.140212
0.152412
0.173962
0.156990
0.138992
0.137995
0.148770
0.146744
0.137412
0.138046
0.141399
0.149617
0.156035
0.183127
0.206153
0.141296
0.138476
0.139684
0.139061
