0.023780
0.132442
0.140908
0.168834
0.148498
0.156371
0.156209
0.133536
0.145436
0.153705
0.145019
0.182521
0.200416
0.151792
0.139844
0.153291
0.131438
0.134033
0.147818
0.142390
0.147478
0.139666
0.146885
0.132366
0.156488
0.198635
0.145753
0.148858
0.155360
0.151539
0.146862
0.144138
0.150010
0.132568
0.147593
0.166403
0.155753
0.161117
0.131875
0.158527
0.141651
0.148369
0.136969
0.148594
0.143581
0.141428
0.135096
0.163059
0.201231
0.148949
0.136308
0.144102
0.162955
0.166806
0.157601
0.148924
0.144883
0.130853
0.151502
0.138870
0.136331
0.150042
0.138971
0.146846
0.143525
0.152463
0.154261
0.145216
0.141725
0.142896
0.138645
0.139847
0.140842
0.172369
0.142975
0.149950
0.165680
0.151062
0.140578
0.143398
0.143842
0.141095
0.139156
0.142405
0.144734
0.142065
0.144327
0.140715
0.161240
0.172556
0.149377
0.180235
0.180409
0.140218
0.151425
0.165566
0.158745
0.137561
0.153313
0.142439
0.149241
0.137749
0.139129
0.150377
0.142463
0.151338
0.150542
0.144832
0.163829
0.160077
0.137074
0.150409
0.135460
0.135602
0.137923
0.137553
0.153688
0.151136
0.149470
0.142283
0.135506
0.133096
0.146551
0.153617
0.149174
0.143209
0.148028
0.140850
0.172098
0.140613
0.155443
0.140736
0.138334
0.144898
0.139097
0.142853
0.138528
0.135655
0.150198
0.143782
0.146494
0.140193
0.138578
0.162245
0.138680
0.158623
0.161955
0.167654
0.136169
0.148409
0.147144
0.151618
0.140463
0.144373
0.148595
0.136631
0.147954
0.157403
0.136011
0.147268
0.147563
0.160554
0.134446
0.144029
0.146170
0.159245
0.150450
0.136169
0.144662
0.139142
0.139411
0.151164
0.195190
0.145905
0.178393
0.147807
0.149083
0.148407
0.136638
0.150672
0.148286
0.148553
0.140108
0.136414
0.149076
0.168199
0.147341
0.147082
0.144737
0.140460
0.156796
0.155251
0.140503
0.148297
0.167600
0.169542
0.133970
0.150670
0.141204
0.146188
0.135823
0.140153
0.151758
0.135856
0.135151
0.166293
0.159022
0.136382
0.147787
0.141126
0.158976
