0.00
378.29
401.06
312.39
252.30
90.98
111.09
234.39
402.87
376.60
344.82
283.87
332.23
369.30
387.77
232.47
181.35
398.66
347.23
246.12
401.46
331.75
240.37
415.75
339.00
314.97
312.96
414.57
352.84
313.11
407.25
320.07
278.54
385.03
383.60
294.99
319.17
423.45
407.62
412.27
470.51
404.80
414.23
435.66
458.96
346.91
473.22
399.89
444.03
265.17
473.14
435.69
417.13
306.25
419.39
380.69
251.31
263.56
218.37
350.50
362.88
279.47
349.58
300.70
230.33
212.23
272.59
160.97
298.35
190.52
319.11
165.47
187.94
210.10
144.70
235.52
240.36
378.95
128.66
247.90
167.79
127.03
276.35
126.05
103.80
194.97
165.96
199.94
243.51
230.49
125.56
210.35
246.58
196.88
187.14
178.74
194.07
168.73
294.90
185.18
177.31
125.56
159.64
269.13
331.00
289.98
226.58
346.05
350.87
251.36
313.92
349.45
364.41
316.28
251.21
430.98
429.66
409.70
389.50
439.45
403.59
374.29
299.83
282.87
240.21
271.98
229.34
258.77
363.72
312.85
249.28
250.35
139.82
170.87
297.19
338.75
210.04
165.68
242.84
184.66
181.28
226.02
320.19
121.59
232.14
111.00
209.49
104.63
180.89
121.36
71.18
63.68
111.70
130.44
90.01
42.70
67.79
73.34
106.86
56.15
66.97
51.87
58.92
50.26
108.83
61.13
85.41
121.52
55.01
99.42
68.20
94.88
65.24
48.77
53.15
50.66
57.48
75.23
64.50
81.12
235.60
133.25
214.12
152.96
128.26
105.41
135.06
154.76
93.18
74.95
251.24
360.98
429.30
250.89
167.35
178.96
181.98
223.64
193.07
148.79
235.46
202.74
243.28
177.99
282.73
266.97
241.16
226.64
253.71
246.90
234.56
222.45
317.96
226.43
257.49
159.65
187.34
159.54
78.70
118.51
115.95
57.93
116.21
161.64
133.51
80.95
172.31
148.22
189.44
72.17
91.65
72.98
54.45
46.92
87.75
81.23
68.83
87.42
73.08
217.54
67.22
71.01
62.80
145.13
265.25
240.77
46.39
53.53
80.92
