0.00
0.65
0.68
0.60
0.57
0.34
0.39
0.54
0.61
0.58
0.60
0.55
0.64
0.62
0.69
0.55
0.48
0.71
0.62
0.54
0.68
0.63
0.55
0.69
0.65
0.61
0.61
0.67
0.64
0.62
0.68
0.63
0.57
0.67
0.67
0.55
0.60
0.68
0.67
0.68
0.73
0.68
0.69
0.72
0.73
0.62
0.73
0.69
0.73
0.52
0.74
0.71
0.71
0.60
0.69
0.67
0.57
0.57
0.51
0.64
0.64
0.58
0.63
0.59
0.54
0.52
0.56
0.45
0.64
0.50
0.64
0.46
0.49
0.52
0.45
0.55
0.57
0.66
0.39
0.52
0.46
0.41
0.54
0.40
0.36
0.48
0.45
0.47
0.50
0.48
0.32
0.46
0.53
0.48
0.43
0.40
0.44
0.45
0.61
0.45
0.45
0.43
0.37
0.49
0.57
0.55
0.50
0.55
0.56
0.47
0.55
0.59
0.61
0.55
0.49
0.69
0.67
0.63
0.61
0.69
0.61
0.60
0.54
0.52
0.51
0.58
0.54
0.51
0.63
0.56
0.49
0.39
0.37
0.45
0.55
0.58
0.35
0.26
0.39
0.32
0.26
0.30
0.46
0.25
0.32
0.19
0.31
0.37
0.53
0.36
0.23
0.16
0.40
0.33
0.33
0.18
0.23
0.25
0.35
0.21
0.30
0.17
0.23
0.23
0.36
0.18
0.28
0.33
0.21
0.34
0.24
0.32
0.26
0.19
0.17
0.20
0.20
0.19
0.20
0.32
0.51
0.33
0.45
0.38
0.39
0.37
0.37
0.40
0.27
0.29
0.56
0.64
0.68
0.56
0.45
0.49
0.45
0.53
0.48
0.41
0.52
0.50
0.49
0.43
0.54
0.39
0.48
0.36
0.49
0.46
0.45
0.38
0.52
0.43
0.40
0.41
0.42
0.38
0.24
0.24
0.23
0.03
0.41
0.46
0.46
0.33
0.46
0.40
0.49
0.30
0.34
0.16
0.22
0.09
0.30
0.13
0.24
0.20
0.21
0.54
0.30
0.09
0.11
0.38
0.50
0.45
0.23
0.07
0.33
