0.00
0.66
0.70
0.73
0.70
0.55
0.66
0.71
0.73
0.54
0.49
0.50
0.43
0.44
0.50
0.63
0.44
0.62
0.66
0.52
0.49
0.55
0.63
0.49
0.53
0.63
0.51
0.64
0.59
0.63
0.60
0.58
0.60
0.62
0.55
0.60
0.53
0.46
0.49
0.45
0.48
0.45
0.62
0.54
0.71
0.53
0.56
0.42
0.53
0.53
0.65
0.60
0.56
0.54
0.60
0.42
0.66
0.63
0.59
0.54
0.65
0.74
0.59
0.55
0.57
0.55
0.55
0.61
0.60
0.69
0.55
0.57
0.68
0.47
0.48
0.55
0.65
0.49
0.63
0.73
0.73
0.72
0.73
0.73
0.72
0.73
0.69
0.65
0.68
0.58
0.51
0.77
0.57
0.66
0.64
0.55
0.73
0.75
0.70
0.73
0.69
0.68
0.66
0.63
0.55
0.69
0.69
0.58
0.60
0.59
0.66
0.71
0.68
0.72
0.63
0.54
0.68
0.53
0.68
0.76
0.74
0.74
0.58
0.68
0.68
0.72
0.59
0.64
0.47
0.64
0.64
0.51
0.58
0.56
0.58
0.69
0.72
0.72
0.76
0.70
0.62
0.70
0.62
0.62
0.61
0.58
0.50
0.61
0.65
0.50
0.64
0.82
0.76
0.76
0.81
0.78
0.72
0.70
0.63
0.50
0.49
0.50
0.62
0.71
0.67
0.72
0.72
0.69
0.53
0.47
0.49
0.60
0.46
0.60
0.69
0.58
0.67
0.69
0.63
0.56
0.55
0.62
0.68
0.69
0.70
0.73
0.54
0.68
0.60
0.79
0.70
0.80
0.58
0.73
0.75
0.64
0.55
0.67
0.53
0.57
0.50
0.48
0.70
0.75
0.67
0.67
0.65
0.63
0.57
0.58
0.64
