0.00
246.51
183.09
294.03
262.50
350.23
228.44
364.58
291.30
364.07
394.81
239.59
281.64
234.04
205.65
264.04
246.27
399.18
338.70
208.91
339.78
479.46
291.85
257.24
281.66
219.75
367.12
295.89
273.79
248.43
461.21
432.25
290.64
410.00
310.43
167.63
166.18
121.06
159.27
201.45
223.27
150.84
199.80
193.94
233.62
264.66
172.08
222.40
143.97
205.64
145.73
198.63
163.53
154.26
281.11
293.87
256.33
191.59
224.22
227.87
170.33
243.88
208.69
239.61
195.44
190.39
180.22
165.33
154.26
91.60
108.45
154.27
279.33
250.31
271.77
265.91
332.36
230.24
219.54
245.90
162.38
133.22
132.90
97.76
185.23
295.02
261.88
352.58
247.81
449.16
384.02
383.38
345.90
268.91
369.43
331.95
276.14
209.30
273.55
202.02
290.97
169.86
181.42
259.62
321.60
226.19
390.27
320.50
247.99
212.13
162.24
171.95
197.23
229.84
199.45
107.57
96.89
59.25
250.91
273.97
312.54
222.19
271.97
208.06
324.04
343.61
342.24
391.52
192.23
321.56
281.07
289.27
263.84
187.92
254.15
233.36
310.73
303.05
189.31
358.99
196.75
282.38
240.38
447.45
283.07
320.34
296.55
311.15
360.67
245.59
156.74
329.88
209.46
276.79
286.57
307.40
224.75
178.70
190.39
170.43
186.94
271.11
191.86
268.12
163.82
193.80
187.20
253.77
270.63
179.98
288.08
310.40
278.83
342.22
305.52
287.05
322.36
246.72
287.08
348.48
314.47
227.74
307.58
320.04
201.44
267.70
309.10
226.70
323.13
403.93
429.17
319.15
408.32
379.19
349.20
403.32
393.36
389.65
369.00
302.45
361.00
162.93
238.97
173.13
137.30
261.32
311.35
333.25
265.30
194.84
282.30
308.70
446.27
224.98
287.97
238.68
282.82
317.13
273.84
400.52
268.26
187.35
335.91
299.48
194.90
249.96
320.17
179.98
199.20
107.89
100.98
80.65
171.69
101.97
186.24
163.56
213.95
173.75
162.35
134.70
198.63
168.67
249.35
164.23
103.96
193.82
116.79
107.61
101.19
65.95
127.10
122.84
157.28
50.76
82.85
145.08
200.57
245.59
181.71
240.71
131.15
243.47
264.33
286.91
250.82
216.90
178.53
169.20
219.74
219.71
168.89
303.29
225.29
177.84
258.72
222.24
141.85
264.03
202.86
220.79
180.37
268.04
271.93
180.76
275.64
263.04
297.46
