0.011788
0.133506
0.146125
0.151485
0.150949
0.154849
0.183574
0.157124
0.139671
0.146466
0.156935
0.159010
0.127691
0.165511
0.143592
0.134454
0.146248
0.138222
0.134968
0.159421
0.129188
0.141507
0.149958
0.142172
0.145724
0.155644
0.142897
0.166867
0.140941
0.153893
0.146078
0.147399
0.139888
0.145555
0.200463
0.241746
0.201458
0.143256
0.139342
0.150791
0.156961
0.153334
0.151256
0.173828
0.192540
0.146521
0.154022
0.152740
0.168865
0.145100
0.138377
0.159160
0.138879
0.153368
0.139936
0.145207
0.156998
0.164031
0.136156
0.141559
0.162033
0.146396
0.153979
0.166433
0.147278
0.148791
0.147671
0.135936
0.142771
0.148653
0.136599
0.160552
0.132382
0.153881
0.139753
0.146252
0.157114
0.175799
0.145550
0.173074
0.151144
0.147454
0.147858
0.147424
0.173787
0.139452
0.150311
0.136604
0.154709
0.148008
0.157563
0.174952
0.165011
0.142300
0.152586
0.146506
0.163918
0.165798
0.155596
0.166538
0.147740
0.145215
0.162398
0.149533
0.141137
0.182184
0.147558
0.147653
0.161213
0.177498
0.135768
0.135480
0.149164
0.155433
0.155294
0.146245
0.144350
0.159972
0.161510
0.156823
0.167602
0.144409
0.153471
0.151301
0.154078
0.166832
0.144628
0.160567
0.156545
0.137347
0.162219
0.142048
0.143074
0.160631
0.136507
0.145086
0.155569
0.157121
0.151150
0.131004
0.152725
0.147045
0.150717
0.157797
0.207084
0.138533
0.136763
0.160692
0.155075
0.143812
0.141209
0.150000
0.144814
0.146990
0.159119
0.149475
0.134989
0.145141
0.153368
0.149756
0.145300
0.144579
0.160625
0.161686
0.146508
0.152796
0.136659
0.147163
0.158743
0.139431
0.162479
0.153095
0.143794
0.168652
0.135435
0.143764
0.140225
0.153780
0.142266
0.141410
0.156135
0.142066
0.151332
0.135985
0.150995
0.148732
0.143476
0.153615
0.160457
0.144210
0.144483
0.133879
0.150397
0.144021
0.166626
0.134138
0.150259
0.167209
0.183375
0.130755
0.136724
0.140642
0.139555
0.151517
0.147863
0.137401
0.142630
0.149280
0.151819
0.153257
0.147143
