0.00
477.59
409.68
451.32
473.02
354.03
338.45
415.71
376.65
204.62
205.80
251.22
338.19
303.55
457.92
230.32
438.35
363.69
473.90
499.63
482.84
410.63
333.82
239.31
435.11
397.34
284.60
257.05
420.98
311.38
404.94
459.91
493.62
442.22
480.14
379.61
357.83
365.08
463.42
368.66
277.06
195.55
344.74
420.47
485.59
489.17
488.22
288.69
528.80
466.95
477.60
481.89
348.26
398.42
351.84
270.16
250.32
251.24
346.41
251.22
289.96
412.33
349.26
252.02
226.88
292.11
200.77
379.05
417.53
231.10
267.21
383.16
288.94
240.78
194.11
287.92
341.66
421.28
324.08
342.64
358.05
268.64
422.36
376.50
272.70
225.19
361.64
241.96
250.00
258.73
348.58
284.02
336.11
324.89
181.90
241.49
263.56
234.51
249.10
233.34
234.87
264.79
345.96
441.41
270.19
268.43
450.91
471.11
496.31
326.53
465.13
313.58
296.12
217.28
140.28
296.56
275.75
173.68
207.70
159.16
147.82
257.25
218.52
231.05
331.83
363.45
358.80
327.52
353.45
248.52
272.63
437.05
286.72
466.98
210.20
461.06
295.18
367.47
174.03
221.51
332.68
261.97
298.28
247.67
248.74
242.06
321.95
280.71
308.53
395.27
224.92
319.40
284.91
292.26
249.65
147.51
195.86
225.67
305.66
283.29
263.06
280.45
252.41
174.79
240.61
344.28
207.57
239.98
317.24
408.28
424.77
267.63
295.63
447.76
471.54
510.33
475.78
470.05
471.12
480.04
524.15
341.58
496.19
392.91
521.79
470.10
335.47
268.81
281.95
387.30
394.64
304.29
301.90
217.45
351.27
279.98
405.84
321.03
181.29
153.15
264.16
291.68
275.88
267.38
305.01
239.36
234.27
231.29
