0.00
391.37
410.54
456.46
408.83
229.64
363.18
426.38
462.01
277.54
261.07
270.72
226.53
191.74
243.51
450.13
189.13
459.60
446.57
303.08
202.07
319.51
432.06
250.00
294.83
426.83
255.85
370.44
380.30
484.46
453.10
389.58
376.33
403.42
348.98
405.50
287.42
246.85
275.26
168.40
180.09
194.83
314.41
244.32
396.28
231.60
235.72
147.60
226.98
257.42
379.13
336.71
332.91
329.28
387.91
196.45
390.00
366.20
317.70
263.68
357.98
453.41
290.85
243.68
271.04
248.28
271.83
335.20
325.16
419.81
276.95
286.66
382.26
179.35
196.76
281.24
398.05
233.19
364.98
471.74
471.00
455.17
466.43
462.59
464.86
468.73
411.75
362.92
396.19
292.85
224.54
486.45
277.78
375.48
364.94
236.36
415.04
478.14
400.70
434.07
383.29
370.23
355.71
317.21
226.69
399.35
398.07
295.93
293.05
307.33
380.67
426.16
385.45
431.51
337.36
261.75
406.14
224.40
414.00
492.13
464.87
470.81
321.94
430.57
426.97
480.13
295.43
313.95
192.24
335.80
346.08
250.54
297.11
205.17
227.66
415.52
471.82
456.93
508.27
452.60
292.06
377.73
281.16
268.90
284.48
277.26
190.19
301.52
384.61
226.43
355.28
531.41
491.00
475.28
530.83
510.69
463.50
442.37
363.98
211.67
264.98
240.70
366.21
517.24
460.24
504.47
504.40
472.63
255.44
207.83
213.85
347.08
193.45
379.65
443.23
297.58
393.95
421.19
351.55
273.07
286.36
358.23
432.93
460.46
453.60
509.38
321.48
444.74
352.32
540.12
415.69
527.06
297.03
473.03
495.03
394.61
299.96
431.54
278.71
313.02
249.14
221.58
470.69
499.25
415.83
431.02
415.34
378.96
323.91
318.60
393.50
