0.015369
3.927922
0.100710
0.111955
0.132690
0.127793
0.165004
0.151771
0.114045
0.175415
0.113032
0.134537
0.122425
0.126053
0.126608
0.123770
0.117353
0.117717
0.155002
0.131991
0.127896
0.126414
0.125466
0.112042
0.129711
0.137575
0.117780
0.117633
0.116041
0.122175
0.125245
0.152246
0.143043
0.153439
0.141717
0.150854
0.140910
0.138738
0.139896
0.170567
0.158859
0.146928
0.150214
0.177528
0.156986
0.142895
0.148259
0.142496
0.138791
0.158813
0.179846
0.161966
0.151947
0.144787
0.138845
0.139426
0.139808
0.139066
0.191341
0.160171
0.155847
0.137203
0.143730
0.140384
0.145811
0.142290
0.144295
0.156575
0.138476
0.159830
0.139578
0.136595
0.153583
0.138872
0.145271
0.147026
0.140802
0.134705
0.141336
0.155606
0.146792
0.141596
0.138286
0.140983
0.140164
0.156102
0.144361
0.135623
0.142858
0.137472
0.136309
0.142847
0.134947
0.140146
0.139381
0.140180
0.142235
0.143203
0.142733
0.147834
0.143884
0.136546
0.139157
0.141493
0.141815
0.144083
0.139625
0.146774
0.148008
0.143528
0.156646
0.145005
0.140134
0.176677
0.138018
0.205568
0.154601
0.175039
0.160924
0.151025
0.143332
0.144657
0.141471
0.145907
0.137513
0.139447
0.150853
0.154947
0.147397
0.148281
0.144868
0.145227
0.153539
0.161141
0.147886
0.146323
0.141921
0.137070
0.142569
0.141215
0.143318
0.136213
0.181679
0.142030
0.165197
0.149646
0.154114
0.136977
0.152043
0.162892
0.148968
0.144065
0.160100
0.171136
0.144746
0.145854
0.147215
0.156628
0.146743
0.157497
0.146011
0.165593
0.166154
0.154122
0.160919
0.168051
0.191051
0.204664
0.163783
0.153832
0.143391
0.144894
0.157542
0.156352
0.204722
0.156749
0.196051
0.150839
0.141842
0.151903
0.156984
0.149388
0.152167
0.147598
0.155475
0.150640
0.169846
0.159518
0.145028
0.152119
0.164916
0.134656
0.158483
0.154923
0.145796
0.135215
0.150975
0.168225
0.138544
0.152555
0.151824
0.146753
0.151376
0.208266
0.200608
0.162776
0.131656
0.161022
0.142335
0.143493
0.161877
0.168319
0.138230
0.139290
0.147038
0.150824
0.134407
0.140153
0.137870
0.149163
0.163625
0.150882
0.143397
0.152916
0.164593
0.156035
0.210460
0.143052
0.157379
0.154825
0.146984
0.149003
0.148117
0.161242
0.157062
0.147894
0.154745
0.144043
0.139251
0.157919
0.150250
0.143693
0.151225
0.172190
0.147529
0.167311
0.179301
0.154323
0.163194
0.159436
0.148624
0.169914
0.150559
0.156444
0.155429
0.150159
0.150046
0.145625
0.150819
0.149680
0.154555
0.139023
0.146725
0.150987
0.142824
0.183936
0.165333
0.153492
0.149778
0.147260
0.149007
0.203518
0.235734
0.222305
0.194553
0.151478
0.180474
0.159278
0.164128
0.153849
0.150819
0.160335
0.164444
0.181312
0.206377
0.149876
0.162838
0.149279
0.147201
0.140515
0.147547
0.136813
0.172120
0.139371
0.148171
0.145228
0.133744
0.138637
0.149830
0.143367
0.159849
0.132079
0.138457
0.200326
0.146494
0.165004
0.186221
0.165985
0.143238
0.147089
0.147500
0.145390
0.151574
0.152477
0.148688
0.140896
0.136616
0.148106
0.142953
0.149116
0.191133
0.165642
0.152619
0.154619
0.166044
0.137964
0.160156
0.148338
0.159685
0.140955
0.146647
0.147024
0.147192
0.150039
0.150634
0.143438
0.143941
0.140202
0.148178
0.135773
0.176522
0.178575
0.150085
0.140379
0.134345
0.165907
0.164242
0.143976
0.159715
0.138005
0.138914
0.159804
0.150104
0.156562
0.136366
0.146866
0.158055
0.160664
0.165211
0.153771
0.155825
0.150043
0.137547
0.138493
0.165526
0.178054
0.137988
0.147824
0.168291
0.156178
0.149739
0.146707
0.139707
0.135547
0.144448
0.143945
0.141649
0.135452
0.140080
0.135961
0.145620
0.137940
0.143703
0.161898
0.143507
0.159451
0.143787
0.163294
0.150078
0.146334
0.138139
0.153910
0.151518
0.148372
0.147173
0.138993
0.161852
0.147591
0.141426
0.141855
0.133481
0.161315
0.132534
0.130238
0.131151
0.162187
0.155004
0.169544
0.149229
0.229931
0.194196
0.145521
0.137860
0.144702
0.137220
0.142438
0.138375
0.151177
0.154586
0.232738
0.176149
0.144284
0.137128
0.159216
0.173101
0.173925
0.143924
0.146540
0.144292
0.149677
0.137974
0.150928
0.134957
0.157655
0.145277
0.140231
0.149920
0.150428
0.149375
0.155921
0.145351
0.147827
0.148852
0.144871
0.150129
0.144235
0.131713
0.141208
0.153978
0.151399
0.138832
0.144321
0.148859
0.145759
0.161109
0.133384
0.149333
0.149080
0.144708
0.140073
0.155295
0.134577
0.169306
0.141834
0.144593
0.139093
0.153890
0.144511
0.140663
0.140196
0.168412
0.148176
0.144683
0.149592
0.154117
0.144765
0.151651
0.147490
0.154672
0.160616
0.146247
0.148590
0.136497
0.143042
0.134903
0.133808
0.134081
0.132781
0.149586
0.165524
0.149548
0.161874
0.151830
0.175722
0.172020
0.144171
0.141883
0.139407
0.176016
0.162755
0.141335
0.135617
0.176326
0.179528
0.154139
0.145540
0.137519
0.150589
0.172017
0.153496
0.138424
0.142374
0.133682
0.141222
0.139809
0.175035
0.134231
0.138622
0.192366
0.136687
0.142280
0.151780
0.139655
0.170435
0.153386
0.149181
0.134845
0.170332
0.162431
0.168337
0.137741
0.184095
0.130067
0.134399
0.130692
0.145204
0.158048
0.141166
0.152039
0.170773
0.145530
0.137269
0.135771
0.149394
0.154745
0.165063
0.147588
0.154147
0.152080
0.148957
0.143253
0.141895
0.149516
0.151819
0.182621
0.159207
0.136595
0.145967
0.132818
0.167992
0.161146
0.170004
0.156163
0.136360
0.154268
0.140794
0.145692
0.157693
0.157035
0.154871
0.193912
0.219249
0.159441
0.153627
0.142154
0.146544
0.139606
0.163499
0.154005
0.156748
0.145785
0.157504
0.148189
0.149989
0.152387
0.242133
0.146605
0.147593
0.143618
0.146031
0.136354
0.148451
0.133590
0.152870
0.172483
0.137049
0.140387
0.144126
0.145794
0.140410
0.151186
0.141797
0.165484
0.152599
0.150339
0.141206
0.160311
0.156691
0.167274
0.148732
0.157083
0.151657
0.153026
0.220362
0.143788
0.152329
0.146798
0.141899
0.143541
0.151527
0.142520
0.152516
0.150808
0.179183
0.158273
0.153877
0.132795
0.135029
0.146091
0.151699
0.133237
0.141987
0.136327
0.148844
0.145302
0.210797
0.156276
0.156487
0.143862
0.158734
0.150502
0.149734
0.132545
0.143987
0.144192
0.145751
0.139234
0.149754
0.141841
0.142690
0.160449
0.134407
0.144529
0.160044
0.143037
0.157732
0.175980
0.169683
0.137305
0.157861
0.147856
0.157838
0.151158
0.138900
0.131919
0.133776
0.145802
0.135321
0.158503
0.153754
0.165632
0.150043
0.138244
0.137586
0.140984
0.156327
0.136210
0.137878
0.143020
0.144421
0.162411
0.135159
0.139030
0.146471
0.211200
0.139491
0.146779
0.148470
0.150772
0.188799
0.167351
0.162048
0.140275
0.164228
0.192754
0.156287
0.148832
0.143924
0.149274
