0.00
0.75
0.67
0.72
0.74
0.62
0.62
0.67
0.63
0.48
0.47
0.55
0.60
0.59
0.72
0.49
0.67
0.60
0.70
0.72
0.69
0.64
0.57
0.50
0.69
0.65
0.58
0.55
0.72
0.59
0.70
0.75
0.79
0.73
0.76
0.66
0.64
0.65
0.75
0.66
0.57
0.50
0.63
0.69
0.75
0.76
0.77
0.56
0.81
0.75
0.76
0.77
0.63
0.69
0.67
0.58
0.56
0.56
0.65
0.55
0.57
0.69
0.64
0.53
0.52
0.55
0.49
0.62
0.65
0.52
0.54
0.62
0.55
0.54
0.43
0.55
0.61
0.71
0.60
0.61
0.65
0.55
0.70
0.69
0.59
0.50
0.63
0.54
0.53
0.57
0.65
0.60
0.59
0.63
0.48
0.55
0.58
0.53
0.55
0.54
0.55
0.55
0.62
0.73
0.55
0.54
0.69
0.69
0.70
0.58
0.68
0.58
0.55
0.49
0.40
0.58
0.55
0.46
0.47
0.43
0.40
0.52
0.46
0.46
0.54
0.57
0.62
0.59
0.61
0.50
0.52
0.62
0.50
0.65
0.47
0.69
0.55
0.64
0.46
0.51
0.61
0.56
0.59
0.53
0.56
0.53
0.55
0.53
0.58
0.62
0.48
0.56
0.51
0.53
0.56
0.42
0.48
0.54
0.61
0.57
0.59
0.56
0.54
0.44
0.55
0.61
0.49
0.54
0.62
0.66
0.71
0.55
0.58
0.71
0.73
0.76
0.74
0.75
0.74
0.74
0.81
0.61
0.76
0.64
0.78
0.72
0.59
0.56
0.58
0.65
0.67
0.58
0.57
0.52
0.66
0.53
0.68
0.62
0.48
0.42
0.57
0.59
0.56
0.50
0.48
0.37
0.32
0.20
