0.039762
0.161019
0.147612
0.154043
0.179241
0.208136
0.151636
0.151086
0.165970
0.146462
0.149140
0.147585
0.155129
0.149335
0.169980
0.151428
0.165149
0.160270
0.145931
0.158243
0.152548
0.150318
0.169335
0.180050
0.155773
0.140934
0.150703
0.147180
0.154020
0.156846
0.162120
0.148958
0.141729
0.146329
0.145310
0.144516
0.156602
0.143961
0.140369
0.151061
0.144718
0.144861
0.139853
0.142769
0.142271
0.142652
0.139400
0.142805
0.146766
0.141652
0.141772
0.150055
0.142092
0.149987
0.155312
0.152708
0.142848
0.149457
0.148920
0.160085
0.159240
0.146210
0.159931
0.150246
0.147606
0.147107
0.155698
0.200595
0.200047
0.159978
0.144604
0.152658
0.158115
0.153125
0.146730
0.165334
0.141576
0.148388
0.147241
0.164093
0.148821
0.145882
0.159936
0.144843
0.146809
0.150205
0.150519
0.173946
0.145810
0.152800
0.147035
0.152395
0.157039
0.149574
0.146337
0.158099
0.150576
0.145493
0.186478
0.156478
0.186139
0.157994
0.156317
0.149941
0.152275
0.163097
0.145548
0.164719
0.155925
0.143684
0.143926
0.149484
0.141688
0.183472
0.141111
0.162138
0.174856
0.145132
0.151274
0.152877
0.184164
0.149373
0.143791
0.157497
0.146392
0.140913
0.146393
0.242261
0.138168
0.168275
0.146693
0.152378
0.151968
0.147845
0.137218
0.145075
0.150735
0.143313
0.149925
0.172400
0.179716
0.153532
0.145445
0.154365
0.160067
0.152324
0.180896
0.157778
0.145697
0.152781
0.154674
0.166082
0.169150
0.164011
0.154459
0.142602
0.148903
0.152617
0.168516
0.149161
0.157980
0.150433
0.156436
0.144184
0.158667
0.146247
0.155107
0.140543
0.151766
0.148961
0.155954
0.161652
0.145247
0.150071
0.141599
0.156515
0.144711
0.151308
0.168744
0.146440
0.150777
0.161971
0.150207
0.150954
0.155795
0.145228
0.155782
0.161794
0.140353
0.143876
0.142815
0.141357
0.144068
0.149599
0.156264
0.148284
0.142095
0.154658
0.158590
0.168752
0.151064
0.140685
0.148638
0.157924
0.154221
0.151344
0.150594
0.152083
0.168276
0.137784
