0.017470
0.144234
0.155185
0.186751
0.167080
0.148160
0.151545
0.156628
0.166325
0.164644
0.143754
0.196991
0.180590
0.168207
0.178292
0.163782
0.153001
0.153916
0.163647
0.148528
0.141426
0.146802
0.147479
0.152206
0.150725
0.151429
0.150383
0.176223
0.147599
0.146843
0.150615
0.149638
0.164590
0.148441
0.146680
0.149895
0.178281
0.162863
0.142345
0.145578
0.144109
0.166328
0.140397
0.155820
0.208106
0.160863
0.153477
0.162685
0.145082
0.166892
0.173812
0.191455
0.149312
0.165282
0.151330
0.146208
0.172473
0.148438
0.151748
0.144129
0.149040
0.142719
0.142797
0.147101
0.149485
0.160184
0.164495
0.157964
0.142417
0.139532
0.142174
0.173440
0.147098
0.147343
0.137728
0.147748
0.159895
0.155726
0.158470
0.154475
0.157451
0.165949
0.141490
0.145784
0.153716
0.149735
0.153514
0.151361
0.146297
0.151237
0.154212
0.148577
0.158119
0.148942
0.153657
0.184990
0.152639
0.191438
0.159672
0.173479
0.146118
0.142548
0.155501
0.148980
0.154177
0.150028
0.144767
0.148915
0.157459
0.144876
0.156855
0.158518
0.156664
0.149517
0.140668
0.161689
0.139354
0.144081
0.149277
0.143657
0.145542
0.188377
0.159773
0.152013
0.154140
0.147717
0.218770
0.159265
0.153298
0.146709
0.150637
0.155236
0.148755
0.158527
0.139563
0.143055
0.145272
0.143360
0.146339
0.150519
0.156883
0.203382
0.161465
0.148791
0.170955
0.146143
0.143099
0.166608
0.142814
0.142215
0.145829
0.154874
0.154320
0.150341
0.145416
0.146747
0.145012
0.155394
0.159884
0.156846
0.167572
0.146386
0.140432
0.145008
0.141487
0.158866
0.153723
0.144675
0.147861
0.159094
0.160825
0.146112
0.145017
0.234658
0.162154
0.152085
0.156313
0.148548
0.142869
0.139610
0.147074
0.191407
0.141939
0.145059
0.183407
0.161530
0.151652
0.154296
0.161090
0.147461
0.157837
0.194333
0.142323
0.153843
0.152285
0.154788
0.151169
0.144001
0.161169
0.172069
0.140407
0.148517
0.149844
0.189092
0.238025
0.165818
0.145742
0.156957
0.161298
0.142495
0.148121
0.182406
0.149866
0.159098
0.165114
0.137828
0.151408
0.171992
0.146756
0.158015
0.171260
0.152356
0.151754
0.151452
0.142387
0.166630
0.171566
0.164075
0.154521
0.146490
0.160486
0.168399
0.142498
0.163951
0.151037
0.147604
0.202013
0.149519
0.145460
0.149887
0.155345
0.150795
0.138549
0.145049
0.167478
0.152396
0.148069
0.171965
0.162095
0.152309
0.178139
0.154251
0.150272
0.160697
0.172481
0.154288
0.145071
0.157069
0.154517
0.144475
0.146032
0.191661
0.162191
0.163755
0.140927
0.154331
0.168989
0.141906
0.184211
0.146498
0.154249
0.151651
0.144280
0.146662
0.180550
0.153392
0.152414
0.146143
0.145836
0.153385
0.149009
0.148327
0.151644
0.171890
0.156564
0.142369
0.144940
