0.00
368.34
404.77
364.04
429.95
392.51
325.85
404.02
369.97
377.68
276.61
465.04
420.06
459.81
248.18
474.67
292.38
425.55
380.56
430.76
412.28
415.00
381.67
342.55
355.98
409.81
323.77
305.62
402.46
280.79
214.40
241.96
280.84
246.35
261.70
242.98
273.12
185.89
281.85
233.44
159.60
138.07
138.28
148.46
145.51
127.23
152.68
145.98
115.04
235.14
263.89
239.11
263.34
178.21
180.11
213.82
181.78
306.45
175.62
120.39
146.87
76.76
118.32
364.39
265.09
194.05
176.41
250.18
234.01
190.89
289.06
301.71
233.99
256.28
134.38
110.34
271.43
257.92
253.74
228.94
235.81
203.50
204.53
194.08
201.57
231.19
238.37
309.32
316.16
274.40
273.68
281.62
228.61
358.90
236.40
298.43
270.58
172.46
225.49
227.10
238.94
292.78
374.40
316.18
235.20
336.26
276.30
270.82
275.99
311.36
227.42
380.38
264.35
242.76
325.10
264.28
213.04
292.82
277.47
300.41
244.47
235.12
253.41
300.23
246.59
275.58
333.68
241.53
252.26
300.22
248.02
248.93
215.04
262.56
257.33
202.16
290.54
285.77
261.04
208.40
264.25
218.71
223.47
232.01
221.23
197.30
187.30
187.16
194.23
207.16
186.39
199.32
220.62
197.19
227.51
251.56
283.87
314.70
282.30
230.07
379.27
237.74
235.41
312.54
361.79
272.07
315.15
339.84
343.39
362.41
319.75
369.67
320.39
236.43
347.79
170.68
335.44
266.90
290.67
342.02
213.73
261.55
234.67
276.54
222.95
252.39
244.53
218.80
313.13
235.28
200.43
175.35
117.03
103.02
208.16
199.11
177.68
131.94
131.74
120.86
130.13
172.79
126.08
123.04
177.11
137.73
134.68
158.98
224.70
177.38
151.17
156.29
130.77
221.51
205.61
236.75
269.63
170.34
196.50
136.92
117.76
101.49
177.47
207.13
310.00
242.11
298.04
247.62
331.23
255.63
235.01
243.33
224.78
267.72
291.48
226.73
317.12
259.00
328.12
348.58
385.18
389.91
364.98
377.50
381.64
377.02
390.00
380.26
373.02
386.12
399.10
404.50
399.48
411.76
433.46
388.42
378.04
395.49
395.94
425.48
439.94
391.01
354.89
408.55
389.78
378.27
377.89
323.32
335.24
416.68
360.24
415.42
354.25
343.84
351.61
348.76
387.40
383.06
365.69
329.59
388.21
405.81
339.46
362.98
345.01
375.99
322.21
375.52
298.24
306.32
371.94
374.14
367.71
347.25
333.85
323.40
314.21
336.93
326.20
346.10
347.67
377.30
309.00
330.18
376.15
336.32
330.04
276.62
298.09
342.50
296.34
365.53
344.80
328.36
352.56
336.69
326.74
262.17
325.13
287.10
250.37
263.94
283.76
284.88
301.59
267.96
298.43
300.28
321.37
319.92
244.24
274.57
233.49
271.81
303.78
244.12
273.44
263.11
279.60
260.88
298.25
274.22
258.63
235.71
136.34
154.88
180.01
177.52
198.78
168.42
244.31
186.15
176.43
271.02
278.45
236.22
207.24
208.71
248.30
326.92
329.53
296.86
220.78
211.11
135.22
169.93
190.59
146.13
196.06
210.94
230.24
201.32
243.83
151.75
164.26
127.62
85.38
89.84
116.68
272.81
158.09
150.07
126.84
105.26
127.77
146.98
126.90
131.33
110.63
86.59
74.00
