0.00
294.80
219.24
249.01
227.54
269.95
255.55
298.09
319.07
318.41
220.72
251.88
234.15
291.92
244.12
288.53
298.21
222.15
339.86
287.84
270.65
369.34
242.88
270.29
332.13
250.72
303.12
386.57
421.65
249.71
262.21
242.74
383.79
263.46
229.97
164.45
201.52
192.75
309.04
256.45
350.52
205.98
252.49
212.80
274.50
273.06
294.38
139.51
202.05
241.73
170.92
206.48
312.96
246.28
248.17
174.84
206.56
333.59
300.26
274.39
157.69
238.18
308.49
237.53
322.93
258.62
224.38
203.88
240.82
138.54
224.27
171.61
162.40
294.65
216.34
163.51
169.92
163.25
167.14
219.78
212.22
175.14
288.81
235.80
200.73
152.70
225.77
204.28
204.60
224.54
140.59
210.12
164.82
202.84
195.54
154.83
172.75
233.89
198.98
174.79
170.49
173.04
242.15
174.12
186.59
157.04
187.45
102.35
215.99
208.90
175.99
197.92
127.95
158.15
205.42
108.59
231.93
223.31
277.18
122.48
232.77
154.92
159.53
162.54
169.19
148.10
119.51
190.73
151.00
200.46
123.09
150.15
199.83
111.46
192.93
165.72
125.99
135.80
143.05
157.42
214.52
171.54
165.32
113.99
229.62
161.12
190.67
172.60
170.42
149.21
258.99
256.84
142.95
113.07
243.07
229.79
164.10
118.36
240.14
190.56
230.80
140.19
199.67
169.64
198.15
154.01
160.99
147.92
119.15
173.68
185.08
167.53
152.28
211.80
229.66
167.01
155.21
159.93
164.70
207.80
209.24
290.99
237.11
213.29
192.40
227.61
265.45
212.49
203.94
228.66
179.34
210.45
166.66
223.44
167.69
178.12
313.07
210.34
263.51
279.60
257.61
197.02
136.14
136.75
202.94
221.29
163.79
209.70
249.25
233.68
219.97
188.81
181.86
238.33
219.03
223.30
254.99
282.50
175.45
257.39
333.29
320.78
322.41
350.58
331.01
254.95
156.79
152.65
168.95
286.62
166.77
186.76
193.28
130.78
119.83
134.49
175.26
261.35
110.87
198.79
186.33
129.64
245.38
175.70
164.86
241.87
263.17
320.93
275.18
230.67
149.13
