0.00
401.37
281.30
251.80
301.61
301.81
104.93
340.36
286.75
195.80
305.25
260.85
280.46
248.45
251.82
214.30
202.94
196.39
168.18
228.41
145.26
171.57
210.27
253.72
240.63
340.64
392.17
380.70
341.29
312.52
263.74
239.26
230.21
364.57
281.01
378.33
417.41
371.15
332.25
266.81
235.65
263.15
317.98
348.94
260.00
371.52
335.92
386.88
403.05
402.09
355.74
421.51
409.18
367.53
363.49
322.12
360.92
323.68
349.73
317.61
335.86
247.29
336.69
287.71
303.22
349.26
304.56
401.65
169.97
283.17
276.99
306.26
245.78
347.18
189.42
257.36
229.38
156.79
198.17
204.28
195.90
259.25
146.43
183.35
257.74
154.31
199.84
144.59
217.77
247.31
193.40
220.54
313.01
278.77
379.11
354.56
422.50
500.76
424.40
448.90
421.03
426.30
395.66
397.06
393.16
394.05
333.37
411.17
393.14
407.09
413.71
479.05
475.34
222.69
382.92
460.63
430.82
337.71
378.98
385.62
347.29
329.04
331.62
181.57
248.64
224.61
260.93
252.48
281.98
275.83
305.21
301.29
272.07
253.86
247.24
308.97
276.32
395.49
273.54
235.47
184.97
227.94
349.55
278.72
306.27
383.32
265.69
356.71
308.31
253.20
350.45
338.95
254.86
221.01
182.69
310.98
318.69
261.13
398.03
358.20
441.15
311.76
331.61
257.15
342.14
205.56
370.05
271.05
316.34
290.65
268.82
279.77
245.63
267.45
348.65
313.66
353.55
281.33
