0.051322
0.139148
0.175070
0.155228
0.137261
0.151127
0.156270
0.145996
0.132712
0.161365
0.146414
0.156034
0.147225
0.131993
0.143976
0.155753
0.162399
0.151828
0.154250
0.136433
0.164129
0.136109
0.145409
0.144398
0.133745
0.148220
0.152868
0.136903
0.148126
0.138209
0.169433
0.143595
0.142615
0.158808
0.168797
0.138675
0.135867
0.157032
0.153212
0.159606
0.157738
0.142512
0.140308
0.136232
0.144357
0.144147
0.141447
0.143466
0.153347
0.142076
0.161607
0.149888
0.148812
0.146463
0.139872
0.157604
0.150869
0.150282
0.142362
0.222432
0.172942
0.140043
0.173851
0.185010
0.152009
0.146764
0.146186
0.137167
0.146089
0.158116
0.139702
0.136379
0.150213
0.169606
0.161757
0.133530
0.153684
0.147151
0.165038
0.166247
0.133769
0.134669
0.181213
0.139329
0.150869
0.132187
0.163054
