0.00
441.43
503.86
432.48
483.42
386.49
469.18
301.68
187.63
467.90
231.55
222.61
388.56
268.84
268.18
393.06
261.90
396.70
344.55
473.02
356.39
420.83
481.63
391.55
311.36
420.49
362.48
295.72
454.19
319.95
278.16
286.80
319.86
240.90
212.16
292.86
232.95
312.36
357.88
351.95
317.80
361.97
313.65
256.53
365.01
276.42
257.59
180.67
354.55
279.90
202.58
363.92
249.91
160.19
298.15
184.80
169.09
436.14
193.09
313.89
417.63
327.35
206.84
227.55
326.83
179.87
234.37
359.82
195.86
176.67
258.76
232.35
226.76
276.17
244.72
250.49
224.11
281.72
254.46
234.55
250.56
197.58
149.16
169.20
199.83
194.77
160.26
190.50
161.60
192.76
215.14
187.72
275.88
287.61
315.26
282.19
298.37
336.26
346.67
322.93
278.95
295.35
353.42
243.22
225.33
234.83
196.29
210.89
216.84
