0.00
568.20
549.95
557.16
432.53
256.00
529.80
521.54
349.56
355.92
367.41
373.71
454.22
478.91
487.25
411.45
392.88
459.22
255.27
472.82
324.10
458.50
364.63
297.33
481.54
475.90
328.82
206.11
461.17
367.64
402.81
397.17
344.60
205.68
199.90
289.58
149.26
217.65
145.77
197.48
137.93
151.97
216.45
189.54
280.76
246.96
309.63
197.38
223.29
224.64
141.47
160.47
145.84
156.57
134.12
162.86
154.76
107.21
132.88
145.35
168.53
142.12
177.44
253.37
193.60
303.95
239.28
258.15
188.57
208.29
234.63
236.01
160.72
233.54
256.92
159.66
171.18
195.72
218.39
275.43
222.73
294.00
348.06
414.31
448.48
487.27
442.07
351.92
443.47
450.91
374.00
466.05
458.48
363.63
338.37
361.73
445.94
369.11
459.47
473.01
