0.00
0.79
0.77
0.76
0.75
0.80
0.69
0.78
0.81
0.79
0.77
0.77
0.73
0.72
0.71
0.73
0.70
0.71
0.62
0.65
0.65
0.67
0.72
0.66
0.68
0.65
0.48
0.57
0.47
0.56
0.58
0.57
0.56
0.63
0.61
0.56
0.60
0.57
0.72
0.74
0.73
0.66
0.61
0.65
0.55
0.59
0.63
0.65
0.57
0.58
0.59
0.62
0.55
0.66
0.61
0.61
0.54
0.62
0.63
0.57
0.65
0.54
0.56
0.58
0.53
0.56
0.60
0.54
0.65
0.69
0.67
0.72
0.72
0.73
0.66
0.76
0.75
0.77
0.77
0.78
0.77
0.73
0.77
0.73
0.74
0.70
0.70
0.64
0.71
0.70
0.70
0.72
0.69
0.68
0.71
0.72
0.70
0.74
0.70
0.71
0.74
0.69
0.70
0.71
0.67
0.67
0.71
0.72
0.67
0.66
0.66
0.67
0.68
0.70
0.69
0.73
0.71
