0.00
0.89
0.83
0.86
0.70
0.58
0.83
0.82
0.67
0.64
0.69
0.67
0.74
0.77
0.79
0.74
0.69
0.75
0.54
0.76
0.57
0.75
0.61
0.57
0.73
0.71
0.63
0.50
0.73
0.68
0.68
0.66
0.59
0.48
0.52
0.63
0.47
0.60
0.47
0.55
0.45
0.49
0.57
0.54
0.63
0.60
0.66
0.58
0.60
0.60
0.50
0.50
0.49
0.50
0.44
0.52
0.49
0.41
0.47
0.47
0.53
0.47
0.51
0.60
0.55
0.62
0.60
0.62
0.50
0.53
0.55
0.56
0.43
0.59
0.61
0.47
0.48
0.51
0.53
0.59
0.52
0.56
0.64
0.66
0.73
0.75
0.72
0.65
0.72
0.73
0.65
0.75
0.74
0.60
0.61
0.66
0.72
0.66
0.73
0.74
