0.00
361.47
405.79
372.94
256.18
317.23
256.86
392.78
309.70
203.71
282.34
221.79
220.15
210.37
268.13
216.16
241.13
150.97
121.63
163.71
204.34
162.14
211.25
301.40
215.30
199.33
207.42
179.53
259.83
215.24
184.79
259.78
315.83
222.38
191.32
180.28
205.59
191.01
220.98
274.05
263.95
326.78
316.55
302.35
255.31
263.80
257.12
227.47
205.13
234.54
275.40
358.69
379.73
303.59
293.94
288.41
220.20
339.37
248.17
252.70
349.30
328.44
301.93
319.95
199.93
307.68
298.57
338.98
330.31
280.98
248.35
234.19
96.64
117.02
247.52
283.99
244.92
319.48
304.42
171.64
195.31
229.82
219.48
234.26
200.62
210.65
243.09
236.22
198.98
214.65
395.16
394.53
224.03
396.01
309.06
270.54
340.35
324.41
252.83
274.65
300.53
322.27
315.76
326.90
344.32
327.28
355.55
325.41
313.18
301.34
297.75
304.12
382.34
337.68
309.90
387.15
361.34
379.00
356.82
391.34
386.86
331.94
362.95
307.64
452.32
391.31
308.41
310.85
288.55
363.64
340.64
401.18
405.05
376.68
351.48
325.09
334.10
376.45
301.74
231.96
310.53
303.37
311.50
321.25
321.52
429.98
431.62
415.32
412.95
398.43
445.86
426.39
393.48
279.92
460.36
461.01
434.03
381.25
398.60
395.37
324.22
403.28
333.57
402.38
330.33
412.90
425.43
374.02
423.17
414.02
422.15
415.24
394.60
415.90
415.28
433.21
332.48
405.15
427.93
422.37
450.50
437.00
326.25
392.39
413.95
415.73
402.38
363.15
258.18
413.84
333.25
453.34
379.29
471.12
339.53
395.69
396.28
399.68
290.71
427.92
356.56
405.99
455.30
400.70
411.73
434.03
439.91
443.22
446.27
459.30
465.68
364.26
432.35
416.52
421.09
387.91
405.00
406.78
441.44
451.88
396.10
443.20
416.97
436.43
455.32
425.09
449.14
410.96
443.38
403.78
411.00
366.77
368.85
