0.012192
0.141353
0.158187
0.135923
0.158619
0.140727
0.140821
0.147686
0.137485
0.141069
0.149451
0.155873
0.150376
0.133861
0.142823
0.150234
0.165850
0.157585
0.176609
0.195341
0.174167
0.137146
0.146463
0.154211
0.147076
0.143607
0.148571
0.154453
0.177005
0.147295
0.141346
0.157534
0.141897
0.144611
0.137498
0.151914
0.152349
0.147106
0.149380
0.145322
0.156442
0.147984
0.163604
0.149669
0.139984
0.139789
0.167964
0.148386
0.135925
0.143281
0.147300
0.145674
0.172266
0.231812
0.170197
0.161809
0.192182
0.157492
0.146867
0.142927
0.142430
0.148882
0.150797
0.172298
0.151310
0.168307
0.171176
0.155166
0.142946
0.157366
0.167793
0.150458
0.159561
0.141670
0.142635
0.143744
0.169003
0.174528
0.155033
0.169237
0.166409
0.156326
0.168041
0.150095
0.154989
0.157574
0.155982
0.184793
0.175650
0.177907
0.171175
0.148553
0.144832
0.142907
0.149532
0.148275
0.147722
0.157786
0.152550
0.147243
0.143417
0.141995
0.144848
0.171098
0.189189
0.152657
0.164578
0.149965
0.145579
0.153957
0.166196
0.191588
0.158332
0.156784
0.152298
0.142427
0.158897
0.156162
0.154571
0.147047
0.139552
0.139911
0.151176
0.139418
0.163712
0.148635
0.137711
0.153815
0.140812
0.169978
0.149901
0.166656
0.146690
0.141945
0.144019
0.142071
0.148072
0.189928
0.154471
0.139659
0.136997
0.149232
0.145990
0.151863
0.202735
0.146766
0.149799
0.141013
0.160659
0.138788
0.159385
0.156541
0.139551
0.140362
0.151731
0.159242
0.153189
0.141270
0.146160
0.159414
0.151886
0.152899
0.146855
0.159140
0.166224
0.154572
0.143090
0.143183
0.143462
0.142024
0.154482
0.169420
0.141649
0.140041
0.142881
0.142670
0.146510
0.146781
0.170107
0.147918
0.145022
0.144959
0.160312
0.199616
0.149642
0.143675
0.151489
0.149237
0.154187
0.154459
0.143784
0.144254
0.146250
0.152331
0.147908
0.154212
0.149033
0.148713
0.156564
0.141079
0.139840
0.145669
0.150460
0.154116
0.144759
0.142350
0.149478
0.150653
0.146307
0.145678
0.168198
0.164404
0.156099
0.153694
0.143538
0.140900
0.147082
0.138884
0.140815
0.176496
0.163648
0.157690
0.154623
0.144721
0.143784
0.198444
0.159320
0.196146
0.161205
0.145599
0.146661
0.142830
0.148569
0.142285
0.142737
0.173270
0.151692
0.145865
0.188413
0.150796
0.162422
0.167734
0.143392
0.151052
0.145490
0.155145
0.141546
0.155751
0.145905
0.167497
0.140848
0.141863
0.156022
0.182628
0.156643
0.152851
0.143326
0.142621
0.143600
0.140769
0.148764
0.148354
0.146249
0.141471
0.143682
0.181590
0.149108
0.146613
0.162250
0.163052
0.146644
0.209405
0.151176
0.145749
0.141522
0.158874
0.152241
0.147422
0.149117
0.150972
0.153692
0.159063
0.144001
0.153571
0.143552
0.161826
0.143793
0.157120
0.170358
0.160093
0.142921
0.140250
0.146035
0.151185
0.141654
0.146820
0.149080
0.143940
0.159550
0.163752
0.145032
0.151670
0.162964
0.165812
0.148489
0.140289
0.157098
0.153954
0.149390
0.141260
0.159822
0.151601
0.161269
0.418105
0.161177
0.148644
0.154499
0.141308
0.155411
0.149883
0.180563
0.174213
0.205846
0.146673
0.144686
0.154819
0.139808
0.145092
0.143689
0.141420
0.145967
0.174146
0.142470
0.139559
0.157245
0.160682
0.145933
0.148901
0.147362
0.229831
0.149635
0.186131
0.144814
0.144538
0.159994
0.157240
0.160874
0.147903
0.148618
0.174868
0.167213
0.155852
0.165840
0.152474
0.146320
0.141711
0.150878
0.144773
0.154508
0.145137
0.139989
0.150416
0.145411
0.159362
0.140361
0.146569
0.153088
0.155512
0.140325
0.142284
0.157220
0.141046
0.157531
0.156038
0.149972
0.144248
0.146343
0.157321
0.143597
0.144383
0.142193
0.161743
0.146937
0.163172
0.170393
0.180984
0.155369
0.146190
0.162421
0.159704
0.169091
0.146877
0.143042
0.168567
0.143698
0.187091
0.163627
0.151881
0.171227
0.193088
0.177205
0.171275
0.154742
0.152272
0.144192
0.154108
0.141496
0.148989
0.151467
0.143336
0.162226
0.175497
0.148053
0.148968
0.142395
0.142769
0.141795
0.166196
0.151628
0.155408
0.161834
0.183191
0.156172
0.147891
0.148638
0.182017
0.161691
0.142591
0.163320
0.146437
0.154836
0.185922
0.158413
0.166949
0.183510
0.153542
0.169069
0.142531
0.163599
0.163059
0.179907
0.166249
0.172153
0.148717
0.144048
0.152944
0.187810
0.161793
0.175872
0.145780
0.156194
0.155751
0.145692
0.149719
0.164466
0.145652
0.157252
0.168695
0.167321
0.147069
0.140068
0.148144
0.139805
0.148354
0.145536
0.143973
0.161169
0.140974
0.154392
0.151498
0.157872
0.150286
0.182635
0.165193
0.166477
0.163598
0.154737
0.140539
0.142164
0.171773
0.148544
0.151827
0.166420
0.153576
0.166139
0.152407
0.149462
0.161302
0.155506
0.141224
0.154284
0.162116
0.142299
0.141176
0.157018
0.223303
0.143099
0.175996
0.140533
0.142461
0.142143
0.154046
0.153222
0.147392
0.161346
0.149963
0.148544
0.170052
0.147027
0.151057
0.182863
0.157263
0.146404
0.150926
0.158199
0.200883
0.182220
0.148543
0.145198
0.173880
0.158937
0.143056
0.143484
0.143638
0.158406
0.140801
0.139812
0.143180
0.194107
0.155331
0.184122
0.148816
0.144007
0.167495
0.144341
0.143831
0.162640
0.188000
0.141062
0.142312
0.152324
0.138448
0.137825
0.159969
0.143488
0.153379
0.163800
0.149872
0.149251
0.150977
0.150953
0.159011
0.143495
0.155946
0.177359
0.165425
0.151059
0.144420
0.151923
0.172799
0.163206
0.171921
0.142035
0.142404
0.145948
0.150128
0.140153
0.144558
0.151725
0.143792
0.139775
0.165478
0.141051
0.141438
0.163490
0.159612
0.153960
0.148154
0.160890
0.151021
0.148562
0.148115
0.153238
0.147347
0.144010
0.145722
0.143822
0.147989
0.155215
0.145966
0.150937
0.150332
0.165418
0.171482
0.139096
0.163423
0.145145
0.145199
0.145052
0.165497
0.176502
0.167885
0.148209
0.147985
0.165021
0.178219
0.164365
0.164511
0.143609
0.144219
0.153722
0.144381
0.147769
