0.00
0.60
0.68
0.52
0.50
0.54
0.39
0.48
0.42
0.46
0.54
0.48
0.44
0.47
0.49
0.49
0.50
0.38
0.31
0.35
0.48
0.31
0.36
0.40
0.45
0.36
0.46
0.48
0.46
0.41
0.42
0.46
0.58
0.49
0.45
0.39
0.56
0.51
0.51
0.56
0.57
0.61
0.59
0.58
0.52
0.53
0.58
0.51
0.46
0.51
0.50
0.60
0.63
0.56
0.55
0.59
0.50
0.64
0.47
0.55
0.65
0.65
0.62
0.64
0.53
0.62
0.62
0.65
0.66
0.62
0.59
0.59
0.45
0.44
0.50
0.57
0.49
0.60
0.57
0.41
0.28
0.50
0.29
0.53
0.42
0.50
0.55
0.50
0.47
0.49
0.63
0.67
0.50
0.62
0.54
0.56
0.56
0.37
0.46
0.42
0.40
0.46
0.51
0.47
0.47
0.43
0.39
0.38
0.32
0.38
0.31
0.46
0.53
0.47
0.46
0.62
0.54
0.61
0.59
0.59
0.61
0.49
0.49
0.47
0.67
0.62
0.45
0.49
0.49
0.61
0.61
0.62
0.64
0.60
0.63
0.56
0.59
0.64
0.51
0.45
0.48
0.46
0.51
0.49
0.46
0.65
0.68
0.62
0.63
0.61
0.66
0.55
0.56
0.43
0.62
0.61
0.56
0.56
0.46
0.61
0.49
0.56
0.57
0.59
0.60
0.58
0.60
0.61
0.66
0.67
0.58
0.68
0.63
0.69
0.68
0.71
0.62
0.66
0.70
0.70
0.72
0.69
0.62
0.66
0.69
0.70
0.67
0.64
0.53
0.71
0.64
0.74
0.67
0.75
0.64
0.69
0.68
0.70
0.59
0.72
0.66
0.70
0.74
0.69
0.69
0.72
0.73
0.72
0.73
0.74
0.74
0.67
0.71
0.69
0.71
0.67
0.68
0.68
0.70
0.69
0.69
0.69
0.67
0.72
0.72
0.70
0.72
0.69
0.72
0.68
0.68
0.67
0.68
