0.00
533.41
511.68
485.80
505.87
470.88
492.56
504.93
490.70
442.10
475.90
423.18
416.13
451.19
446.58
495.65
484.14
485.05
473.71
497.27
506.83
500.52
461.66
486.41
440.33
472.12
355.23
435.61
385.05
370.96
387.51
406.91
415.04
417.50
432.07
450.43
420.72
425.92
470.92
421.56
360.21
473.96
476.71
444.31
447.53
411.01
371.82
404.52
400.54
409.53
410.14
408.14
440.11
401.01
425.73
304.23
250.68
278.36
340.31
283.28
273.11
348.49
303.79
348.45
336.44
305.39
280.16
291.27
329.82
218.15
261.70
231.46
271.02
307.55
380.57
364.87
421.55
373.34
400.49
335.33
279.92
368.11
477.92
462.97
412.98
443.76
453.03
480.49
400.63
422.56
294.97
260.53
338.71
433.79
503.89
461.79
496.62
460.04
465.16
524.97
486.16
408.67
499.19
406.38
410.73
418.05
435.91
386.92
427.81
386.14
398.28
415.67
448.26
419.88
428.60
364.08
359.94
457.28
472.36
464.91
481.45
419.94
387.40
302.53
402.77
404.66
370.11
423.95
423.65
458.25
413.25
459.11
502.72
507.23
509.20
513.02
510.69
525.61
490.88
476.08
453.25
434.02
362.68
398.26
415.41
411.14
433.76
398.10
405.42
442.40
464.87
476.15
474.20
486.76
471.81
429.17
471.05
437.85
380.42
416.86
409.63
329.38
406.29
370.97
386.35
410.00
444.20
363.71
464.54
470.87
497.69
502.15
490.24
491.09
482.20
462.17
379.29
412.52
382.53
400.41
374.88
386.12
346.23
345.05
324.78
367.28
377.29
395.19
380.12
346.55
418.44
413.75
374.25
352.81
277.93
307.71
294.89
318.55
337.92
264.34
207.03
313.16
282.45
383.58
273.56
349.08
428.21
430.31
379.85
319.95
426.54
378.22
310.52
321.52
339.08
315.93
267.00
250.72
287.80
256.43
243.84
230.55
202.97
260.69
202.38
232.10
241.53
321.53
256.32
305.03
321.27
248.02
260.99
291.27
216.84
309.74
217.56
223.21
244.48
261.79
234.03
238.00
275.73
230.55
255.94
208.57
213.48
231.17
279.10
307.69
317.33
289.54
213.12
281.44
254.31
188.94
279.91
196.57
248.98
383.65
215.39
280.36
356.01
293.79
315.80
329.41
269.33
298.35
262.34
201.43
347.57
196.31
338.48
316.26
164.23
159.61
170.10
306.90
375.03
276.44
416.79
334.17
345.02
390.39
377.47
209.28
251.71
299.91
237.44
257.71
309.32
331.16
342.40
365.50
376.39
400.69
423.37
375.34
364.73
442.60
427.70
434.04
399.82
275.93
393.36
375.33
410.11
301.48
303.46
311.40
378.40
427.42
368.34
427.75
368.01
386.16
305.97
372.38
370.38
377.03
389.04
376.90
376.53
400.01
312.71
404.39
405.57
414.37
413.24
385.32
342.36
417.64
371.25
310.88
399.11
438.55
427.67
454.25
439.38
436.29
444.75
466.65
495.87
444.27
451.06
485.00
471.03
439.76
407.41
402.42
399.79
419.91
465.27
454.58
428.68
403.42
450.17
441.51
395.15
435.76
464.74
442.97
403.93
454.67
460.38
441.65
434.03
436.35
421.10
416.14
322.18
329.46
261.29
296.85
360.21
323.79
358.30
408.56
401.69
326.50
277.27
373.69
375.91
357.01
470.87
427.86
424.82
350.47
327.62
316.57
279.83
417.30
334.59
338.12
438.75
377.25
362.82
413.20
323.27
367.99
321.67
336.55
362.20
350.44
271.41
339.67
341.52
352.80
226.18
349.97
188.01
326.05
348.23
314.19
369.92
330.27
327.67
300.40
275.61
271.93
245.31
264.76
265.52
308.67
299.40
319.02
357.73
214.90
263.86
313.94
328.98
316.40
339.76
379.28
393.66
268.31
388.79
350.24
284.63
281.03
348.81
187.88
279.29
268.29
203.41
280.76
236.92
241.87
211.86
291.20
316.40
321.48
244.45
266.15
239.43
297.75
310.46
290.88
261.77
323.68
227.17
217.82
281.70
215.14
312.63
384.42
381.61
418.76
409.41
431.79
435.91
400.09
304.62
382.33
313.18
387.17
346.85
342.70
272.70
397.09
385.60
373.27
374.23
398.12
398.45
358.74
419.84
380.86
307.25
295.77
249.38
214.62
228.30
216.59
172.64
253.02
326.64
299.34
164.79
259.04
211.09
164.27
241.21
236.13
187.30
281.20
292.67
304.97
210.03
239.38
305.45
327.93
307.30
349.99
310.38
318.64
327.41
348.47
356.29
358.07
425.32
237.59
227.29
272.65
199.33
186.46
157.14
133.67
215.03
182.19
255.84
294.77
257.34
171.56
231.54
282.36
239.31
198.40
193.66
203.24
282.19
310.01
194.21
161.03
184.74
248.03
177.76
224.10
192.68
176.38
216.95
212.25
255.21
314.87
244.01
263.53
198.94
174.44
190.59
180.69
181.02
247.33
219.38
262.42
182.47
289.20
159.92
179.72
215.64
190.78
175.81
189.59
193.16
152.62
229.47
117.61
149.46
142.69
205.34
182.88
151.62
213.95
199.70
222.91
162.13
156.01
147.84
91.93
128.71
100.71
123.11
161.66
108.24
143.69
140.33
121.98
210.12
143.85
112.58
261.75
186.93
145.09
128.63
139.68
139.46
272.78
179.83
214.45
218.26
156.98
204.97
167.71
140.02
