0.011243
0.144125
0.156883
0.220774
0.163067
0.143223
0.151806
0.155106
0.146554
0.145105
0.237930
0.224307
0.183505
0.153033
0.154509
0.147050
0.148061
0.197967
0.179842
0.202368
0.148136
0.145283
0.158373
0.148589
0.146076
0.146401
0.160367
0.151675
0.145617
0.169540
0.159245
0.139538
0.149739
0.159772
0.141524
0.167490
0.136776
0.151210
0.144258
0.157998
0.166155
0.156083
0.156738
0.148900
0.149173
0.151467
0.157872
0.157001
0.148554
0.162297
0.146996
0.140387
0.145109
0.181012
0.191447
0.147728
0.149677
0.148907
0.146435
0.142895
0.163495
0.210254
0.142231
0.149729
0.144761
0.146851
0.152711
0.148159
0.178087
0.160171
0.140903
0.150671
0.164640
0.164610
0.186164
0.161612
0.146175
0.148863
0.156568
0.167474
0.175280
0.144350
0.155337
0.148381
0.152812
0.158674
0.153823
0.163505
0.191154
0.168691
0.172453
0.150226
0.154900
0.164542
0.148170
0.150342
0.152851
0.190511
0.153793
0.153356
0.193592
0.193353
0.179833
0.149882
0.167259
0.157327
0.148228
0.172000
0.161231
0.153591
0.157469
0.160228
0.162387
0.171072
0.151724
0.156804
0.145525
0.160044
0.139493
0.146537
0.153653
0.171448
0.235900
0.143805
0.147199
0.182940
0.153626
0.143605
0.145572
0.154079
0.159724
0.158544
0.148356
0.178077
0.163561
0.171568
0.185438
0.161774
0.151247
0.141397
0.154623
0.152482
0.153370
0.170255
0.150373
0.150771
0.145233
0.151035
0.142907
0.152488
0.153987
0.156375
0.153484
0.146444
0.150530
0.152081
0.148640
0.198915
0.151330
0.153783
0.140393
0.148076
0.153242
0.146056
