0.00
294.95
281.50
351.95
377.15
259.83
292.02
327.24
332.14
395.23
455.12
350.76
334.61
273.69
180.55
281.63
213.23
249.60
267.64
241.66
316.42
279.85
312.81
295.11
323.29
450.04
315.79
269.04
259.02
400.97
324.01
292.31
360.84
304.27
390.19
384.75
357.84
416.74
286.89
386.64
278.80
325.30
287.84
326.91
267.27
373.95
366.86
299.70
326.78
358.31
304.89
283.72
440.63
275.30
444.76
349.82
473.79
389.36
443.21
406.53
418.84
423.70
478.18
451.92
475.33
403.09
417.64
428.24
365.19
393.24
416.28
405.79
381.98
386.80
402.11
382.13
283.11
138.92
203.46
185.60
210.07
207.62
159.70
136.36
65.41
71.35
52.14
61.94
79.95
127.36
100.02
64.38
58.83
59.69
108.98
98.16
127.14
67.56
92.24
75.90
135.15
82.72
86.21
133.41
69.72
104.02
79.14
105.59
126.68
131.87
111.34
70.01
104.41
85.67
131.39
133.94
135.38
117.90
107.85
94.21
163.42
154.20
162.05
107.14
109.34
129.12
184.93
150.92
197.69
140.04
119.63
118.07
120.01
159.69
138.43
153.82
155.00
150.54
130.04
148.19
114.06
207.58
97.93
119.39
104.86
174.72
129.77
139.95
110.30
140.80
187.34
119.27
187.58
115.67
222.41
180.63
257.29
195.99
271.09
240.42
184.83
174.05
150.70
119.01
150.97
91.87
88.94
114.87
105.79
96.04
78.39
96.33
99.13
286.36
183.66
187.52
179.69
167.61
146.26
93.41
165.57
145.24
115.61
116.18
113.15
114.79
120.85
205.64
196.99
284.26
232.79
167.12
163.05
199.87
159.15
73.30
115.33
92.43
79.92
68.99
99.93
117.82
126.75
99.40
98.91
95.71
109.52
115.13
116.21
92.04
132.08
59.49
102.71
53.50
118.66
136.47
122.78
93.94
128.09
70.16
83.92
84.95
85.01
74.11
79.38
104.14
115.21
91.70
130.13
75.24
66.87
101.47
137.92
77.16
95.96
111.48
104.60
123.19
123.05
196.15
113.61
138.88
83.70
91.29
171.01
97.04
103.85
110.32
109.16
56.06
79.30
91.01
108.63
100.90
54.50
123.06
66.11
107.58
268.14
144.86
117.12
13.43
14.39
81.01
90.61
116.42
111.70
84.53
144.10
102.35
81.13
83.34
99.45
72.12
84.95
90.34
106.37
60.62
40.15
48.13
32.90
38.40
167.90
206.56
172.60
216.33
202.96
155.39
284.80
161.10
219.47
235.97
171.97
225.52
189.93
166.09
173.60
205.39
186.91
295.64
266.21
222.88
252.27
192.79
206.41
208.00
265.27
285.97
224.85
259.16
163.89
337.89
266.22
351.70
364.87
357.57
325.57
303.78
317.76
221.43
368.66
339.42
312.99
329.09
300.94
283.02
241.08
340.43
219.61
231.18
273.61
219.59
295.20
203.16
254.33
283.82
211.97
210.20
222.20
175.19
212.44
152.38
149.91
143.64
170.33
178.37
111.37
146.83
117.82
137.92
106.77
121.34
132.04
95.33
146.36
88.40
126.11
154.76
117.16
136.83
98.22
137.86
145.42
94.48
138.23
114.50
61.38
89.42
145.60
170.72
156.22
282.35
85.77
19.96
66.47
66.64
61.82
32.54
49.87
43.11
70.32
35.48
279.55
249.52
198.28
259.19
238.59
252.66
190.79
208.99
198.12
277.39
230.98
251.15
265.64
248.80
220.22
228.73
350.04
216.45
311.64
303.89
244.01
260.20
234.13
282.56
236.83
165.92
210.24
213.99
240.17
210.13
299.56
278.39
251.73
250.42
311.45
391.00
250.66
215.35
404.00
201.30
251.31
352.98
334.46
283.23
378.87
338.88
290.06
185.33
307.70
237.92
233.43
292.48
195.32
245.56
334.55
352.33
387.76
261.82
354.59
230.51
189.32
307.18
288.19
316.63
320.88
263.17
198.52
191.13
301.89
201.90
246.02
201.84
279.45
267.92
242.94
289.75
359.64
409.70
382.24
406.05
436.38
385.70
310.03
323.48
279.49
401.87
394.00
432.74
326.15
472.81
355.81
402.18
386.66
452.06
391.52
489.11
508.78
485.21
488.09
487.20
496.78
499.83
508.48
488.17
491.69
474.05
450.91
452.71
438.13
452.41
464.10
439.82
378.61
369.78
342.08
336.65
240.74
148.61
209.94
