0.00
0.73
0.71
0.70
0.67
0.64
0.66
0.63
0.55
0.59
0.53
0.44
0.54
0.51
0.53
0.51
0.53
0.54
0.49
0.52
0.58
0.46
0.41
0.47
0.50
0.53
0.46
0.45
0.36
0.42
0.52
0.49
0.52
0.39
0.20
0.18
0.31
0.31
0.20
0.34
0.61
0.40
0.48
0.53
0.52
0.46
0.46
0.38
0.27
0.24
0.34
0.36
0.51
0.32
0.43
0.40
0.38
0.31
0.47
0.49
0.44
0.44
0.53
0.50
0.50
0.49
0.48
0.44
0.51
0.52
0.48
0.44
0.47
0.45
0.42
0.49
0.48
0.56
0.52
0.52
0.52
0.47
0.57
0.49
0.42
0.51
0.64
0.59
0.49
0.45
0.37
0.36
0.35
0.41
0.39
0.44
0.44
0.60
0.54
0.39
0.47
0.44
0.41
0.63
0.55
0.49
0.49
0.43
0.41
0.42
0.43
0.54
0.48
0.51
