132	244	69	136
141	239	69	142
151	237	69	142
163	234	66	144
175	233	66	144
185	233	65	140
197	231	63	144
210	232	61	139
221	233	60	126
233	228	57	136
245	229	56	131
254	229	58	125
266	225	57	128
278	227	53	114
285	222	57	126
296	221	62	141
309	218	64	140
318	217	59	142
331	215	50	139
337	215	59	144
349	214	49	137
357	218	53	132
366	217	57	132
377	216	52	136
384	217	52	130
399	219	47	127
405	219	51	128
414	217	49	129
422	220	49	123
434	221	46	122
441	219	47	124
451	218	44	127
460	218	43	124
467	218	45	125
477	216	44	132
486	215	43	130
495	214	43	132
504	216	43	129
511	216	46	130
519	216	48	129
526	216	51	127
534	216	48	125
541	215	51	133
548	214	49	130
557	215	46	127
568	217	46	126
573	215	44	127
579	214	49	127
584	211	49	133
590	212	48	130
595	210	49	133
600	210	50	137
604	212	46	132
612	210	47	134
611	210	48	134
617	210	48	134
616	210	47	132
619	210	49	132
618	212	51	130
619	212	53	132
622	211	54	129
623	212	55	130
625	213	52	127
627	211	50	128
627	214	49	124
629	216	53	119
629	218	52	118
628	218	54	116
628	217	56	119
630	214	52	120
635	214	48	120
636	212	43	122
635	210	42	122
634	211	44	119
637	212	42	115
636	211	43	114
634	210	40	110
626	216	56	110
622	216	55	105
624	217	60	107
628	220	53	96
628	212	46	107
626	215	48	104
626	213	48	104
623	208	57	115
621	201	56	117
615	196	75	122
594	183	81	161
594	191	80	153
600	200	74	141
603	203	68	148
569	169	58	145
565	184	54	156
599	209	55	130
599	200	52	119
590	204	57	117
592	191	52	135
584	199	60	122
577	193	63	142
569	192	72	115
572	191	62	127
561	199	68	104
570	195	62	107
571	200	62	99
586	223	56	99
567	197	60	122
547	194	73	129
555	194	68	146
556	195	65	144
553	193	62	143
551	198	60	123
545	201	61	130
542	197	60	147
492	196	55	151
493	204	50	123
489	210	52	121
488	210	49	136
483	211	54	128
480	210	49	129
480	216	44	108
477	213	44	111
475	212	47	105
472	208	45	110
470	209	49	107
468	206	46	113
465	209	49	115
465	208	44	110
462	209	48	123
462	209	46	113
461	212	45	105
462	211	39	79
463	212	39	74
463	212	40	78
461	214	38	67
466	214	37	67
466	212	37	73
465	213	36	69
466	213	38	66
469	218	34	63
469	214	36	68
468	219	39	63
470	213	40	75
467	219	46	111
470	211	43	76
474	210	41	83
474	209	44	112
477	208	40	108
480	208	40	107
485	209	37	104
485	208	41	119
485	209	38	118
489	202	43	125
489	207	39	117
491	210	44	115
490	209	47	120
492	208	54	125
487	209	59	123
497	211	59	123
490	209	66	126
499	212	55	126
499	211	55	124
503	211	60	124
511	209	43	116
518	210	41	109
522	208	35	108
526	210	33	99
531	211	37	97
532	207	31	75
536	204	31	70
539	207	33	70
541	205	41	76
544	207	41	75
542	210	58	110
540	202	66	129
538	200	73	135
547	204	61	131
555	205	58	122
554	203	64	127
567	205	49	122
565	204	45	112
569	204	35	107
571	207	32	99
571	199	30	78
569	200	31	77
568	197	37	74
567	198	40	82
564	200	45	107
556	196	57	119
552	196	63	125
549	193	66	133
545	197	65	129
546	193	64	134
553	191	52	137
548	192	54	129
552	192	48	142
550	199	47	123
546	197	34	113
545	204	32	94
541	196	32	67
536	191	33	74
530	197	40	111
527	198	50	128
519	195	51	136
512	198	54	125
505	193	59	135
497	191	64	131
494	193	62	154
481	190	62	153
487	190	46	133
475	190	51	144
474	197	49	148
473	199	64	157
460	190	48	162
480	228	70	140
438	191	43	144
425	194	38	122
408	195	43	115
388	195	49	116
373	192	52	114
365	202	68	117
356	186	68	144
347	208	74	149
338	199	62	139
335	202	62	149
334	210	64	147
325	198	41	106
317	197	30	83
303	195	35	67
297	197	32	63
285	195	33	70
281	210	45	106
271	201	48	129
259	200	54	136
258	229	55	113
241	208	62	133
232	203	44	120
217	197	54	140
199	208	54	139
179	203	54	131
161	203	52	134
140	203	55	134
124	202	51	131
118	229	49	142
107	203	45	124
93	206	51	99
84	207	49	114
69	210	50	141
54	209	59	122
42	216	55	100
30	217	59	109
19	230	66	125
7	227	65	132
0	224	58	135
0	241	51	113
45	255	52	106
29	257	55	84
19	260	49	90
12	265	43	95
1	264	40	101
0	273	24	76
0	278	11	56
0	298	38	39
0	279	64	75
71	321	69	81
54	336	64	77
50	340	48	66
41	336	42	69
32	333	44	73
22	347	41	61
12	344	36	62
4	336	46	74
0	337	43	71
1	340	40	73
1	351	45	59
3	339	46	67
0	355	49	52
0	364	33	43
0	387	47	27
43	406	44	69
22	415	62	85
5	397	95	94
178	394	59	170
197	484	60	200
194	493	59	187
191	495	57	190
190	506	55	174
191	510	57	173
178	482	66	199
175	488	67	194
181	488	60	193
180	489	60	191
180	494	58	185
182	496	57	183
175	496	60	180
179	501	58	184
176	502	58	179
173	502	61	182
171	506	60	179
163	485	63	190
159	486	69	199
160	490	69	202
154	496	72	192
160	502	62	183
158	505	64	192
154	503	64	198
141	487	71	202
137	489	77	216
142	498	70	201
132	500	76	200
128	490	74	200
125	497	83	200
122	496	77	207
122	499	78	204
120	501	79	210
115	505	76	203
111	511	78	198
107	504	77	214
106	509	76	208
102	512	74	207
93	508	82	211
97	513	76	206
88	511	78	207
89	516	76	201
86	519	74	200
85	521	74	198
81	519	76	200
79	515	75	204
76	518	78	201
70	518	80	201
69	521	81	198
66	524	80	195
66	518	80	201
63	517	78	202
62	518	81	201
60	519	81	200
61	523	79	195
59	521	79	198
55	529	83	190
49	508	83	202
54	516	89	195
53	494	82	189
55	490	87	198
52	470	90	191
54	470	88	191
54	476	86	179
50	455	86	191
48	459	92	194
48	463	93	192
54	465	88	189
55	466	84	188
52	467	89	190
56	468	86	190
54	467	84	184
50	465	87	188
56	464	83	195
52	463	89	196
84	320	96	117
72	334	97	100
64	353	92	87
48	365	102	86
30	372	121	116
28	369	110	122
16	370	95	114
4	378	96	102
1	369	73	103
0	366	70	122
15	444	76	72
5	443	81	64
18	448	66	59
9	455	64	51
4	464	60	44
1	471	40	36
0	466	25	34
0	410	26	26
0	386	31	44
0	379	42	52
1	374	46	58
0	372	48	62
1	372	50	62
4	361	59	68
121	349	57	109
101	312	113	110
298	279	59	131
292	287	62	126
283	292	66	126
278	291	54	126
265	293	58	125
255	291	64	119
249	294	70	123
243	293	66	127
231	293	71	130
214	291	67	133
196	289	91	132
200	296	53	124
185	292	57	129
179	293	51	128
167	295	60	126
160	298	53	116
159	301	62	119
149	298	58	116
143	293	68	128
136	288	74	131
127	290	80	132
124	290	79	125
121	287	81	131
133	293	56	124
141	296	46	119
140	299	56	110
141	296	53	112
132	293	61	114
125	288	63	124
124	284	74	129
126	281	67	129
130	276	69	128
145	276	52	128
152	276	54	125
162	276	53	122
179	280	51	118
183	278	65	114
190	270	71	115
215	267	55	112
232	263	67	115
247	257	62	118
263	253	53	119
277	254	52	114
288	252	55	115
302	253	48	112
317	258	54	99
338	252	55	112
365	246	55	112
379	245	61	109
405	238	57	112
415	233	61	115
424	231	74	113
438	231	61	116
450	232	60	113
470	232	54	111
483	231	49	112
498	233	40	110
507	227	41	112
517	226	42	114
523	227	48	112
527	226	55	111
526	224	63	108
530	221	64	112
535	223	64	110
544	226	53	107
553	225	44	106
556	233	60	99
560	228	69	104
561	217	35	114
564	220	36	115
562	224	43	107
558	218	55	113
549	224	66	102
552	225	61	101
549	228	61	100
555	232	59	94
557	228	55	99
559	227	51	100
561	224	46	103
560	223	43	106
559	224	40	101
559	220	38	104
561	216	43	104
559	219	40	104
557	224	34	100
555	224	35	99
551	225	36	100
547	223	40	102
538	221	47	104
535	222	48	100
530	220	54	105
527	218	51	105
527	220	52	103
529	217	48	107
526	218	51	108
526	216	46	107
527	217	43	105
525	217	42	109
524	216	40	110
523	215	41	110
520	218	42	107
517	219	44	108
513	221	47	109
512	225	49	106
511	228	48	103
509	230	51	102
513	230	46	103
513	233	46	100
515	234	46	98
514	236	48	98
513	237	50	99
511	238	56	97
511	238	60	98
513	239	61	98
514	238	67	95
513	236	63	100
535	239	46	92
538	239	46	94
549	238	42	98
