0.00
0.18
0.26
0.30
0.22
0.27
0.26
0.34
0.28
0.40
0.34
0.35
0.37
0.41
0.42
0.56
0.48
0.44
0.60
0.58
0.49
0.58
0.50
0.46
0.50
0.54
0.53
0.58
0.54
0.51
0.45
0.45
0.43
0.44
0.48
0.53
0.47
0.49
0.54
0.48
0.49
0.57
0.57
0.50
0.47
0.54
0.49
0.55
0.62
0.48
0.50
0.56
0.46
0.53
0.36
0.51
0.55
0.48
0.50
0.38
0.50
0.33
0.45
0.34
0.35
0.35
0.32
0.47
0.44
0.44
0.53
0.52
0.42
0.44
0.58
0.55
0.50
0.49
0.60
0.54
0.53
0.40
0.39
0.37
0.49
0.36
0.43
0.42
0.39
0.43
0.42
0.35
0.40
0.33
0.34
0.34
0.43
0.47
0.46
0.46
0.50
0.57
0.56
0.52
0.48
0.60
0.54
0.55
0.56
0.51
0.52
0.58
0.49
0.61
0.55
0.57
0.59
0.50
0.53
0.50
0.45
0.52
0.45
0.46
0.55
0.52
0.47
0.41
0.35
0.47
0.44
0.46
0.48
0.47
0.41
0.55
0.52
0.49
0.51
0.47
0.53
0.52
0.51
0.46
0.47
0.48
0.44
0.45
0.47
0.48
0.52
0.51
0.59
0.55
0.51
0.49
0.51
0.55
0.56
0.60
0.58
0.52
0.53
0.53
0.53
0.41
0.53
0.55
0.49
0.50
0.54
0.53
0.63
0.69
0.57
0.50
0.55
0.58
0.52
0.57
0.66
0.47
0.62
0.63
0.63
0.48
0.58
0.68
0.70
0.49
0.51
0.52
0.50
0.46
0.49
0.49
0.46
0.58
0.53
0.49
0.42
0.53
0.37
0.57
0.54
0.50
0.53
0.45
0.50
0.50
0.58
0.55
0.51
0.52
0.53
0.55
0.50
0.60
0.49
0.48
0.45
0.46
0.39
0.43
0.39
0.45
0.33
0.44
0.32
0.37
0.27
0.26
0.16
0.17
0.19
0.21
0.37
0.46
0.46
0.39
0.49
