0.036488
0.166295
0.142704
0.187268
0.155465
0.148732
0.138786
0.176638
0.146521
0.163901
0.151368
0.190949
0.140414
0.199146
0.158151
0.153691
0.146805
0.168478
0.217484
0.148793
0.211726
0.231018
0.191377
0.139244
0.148802
0.137673
0.173140
0.145169
0.155363
0.175677
0.163749
0.158916
0.190271
0.143096
0.176294
0.155653
0.152652
0.157247
0.151221
0.153551
0.153513
0.151031
0.152068
0.150773
0.154313
0.151566
0.144146
0.148850
0.155194
0.149558
0.143174
0.145524
0.153590
0.139384
0.159991
0.139633
0.159919
0.139390
0.147787
0.162086
0.140967
0.150307
0.147101
0.154895
0.149837
0.150108
0.154222
0.156320
0.159685
0.151782
0.149597
0.183521
0.145739
0.153105
0.166507
0.145426
0.150299
0.151536
0.156408
0.157815
0.157952
0.190861
0.151327
0.153455
0.152827
0.138384
0.145182
0.184453
0.162896
0.145075
0.151912
0.189312
0.166599
0.153383
0.151855
0.155113
0.142371
0.155399
0.184654
0.154812
0.151437
0.150473
0.144741
0.143080
0.146174
0.153676
0.159387
0.140108
0.162789
0.149404
0.159703
0.167839
0.154809
0.140940
0.161569
0.156154
0.138087
0.141564
0.148270
0.151438
0.149611
0.157324
0.146652
0.161265
0.152777
0.161504
0.161296
0.162466
0.159200
0.178863
0.209852
0.143308
0.154069
0.160106
0.166029
0.160249
0.158285
0.154760
0.145408
0.154970
0.154049
0.146416
0.146197
0.153768
0.197360
0.194382
0.176273
0.158892
0.152134
0.173945
0.148706
0.162816
0.147246
0.144074
0.177872
0.174372
0.143848
0.155180
0.143557
0.150864
0.163735
0.147709
0.155818
0.141232
0.179858
0.139859
0.159996
0.139270
0.139758
0.167089
0.150063
0.169537
0.149904
0.157950
0.170328
0.158385
0.176433
0.153178
0.150503
0.150890
0.219791
0.150367
0.147561
0.138152
0.173534
0.148155
0.185419
0.151696
0.151248
0.152542
0.150029
0.138011
0.161225
0.148198
0.167733
0.151362
0.166168
0.141150
0.144656
0.141098
0.155281
0.145849
0.187306
0.148324
0.188815
0.160675
0.191677
0.191235
0.180781
0.142611
0.147160
0.150368
0.175967
0.143367
0.149704
0.143071
0.191430
0.149277
0.143677
0.160868
0.143946
0.177693
0.158376
0.145526
0.147545
0.146617
0.160889
0.158852
0.143302
0.162753
0.140684
0.154249
0.148725
0.144809
0.151470
0.148486
0.171559
0.159646
0.211659
0.143094
0.158543
