0.012837
0.150989
0.143465
0.190249
0.165413
0.169474
0.146745
0.140530
0.156699
0.143963
0.152457
0.160043
0.147723
0.180902
0.145493
0.143914
0.155293
0.142924
0.151251
0.147157
0.153073
0.225312
0.143292
0.148242
0.146205
0.152970
0.142750
0.142654
0.159000
0.148335
0.151971
0.143167
0.146870
0.150826
0.153945
0.145322
0.152870
0.145452
0.145566
0.141562
0.142704
0.146733
0.145986
0.146262
0.157748
0.147437
0.145981
0.144205
0.142617
0.142381
0.167998
0.161594
0.157431
0.155752
0.153673
0.259071
0.160151
0.163194
0.154306
0.167867
0.155158
0.158396
0.166367
0.169524
0.165638
0.172961
0.195680
0.143235
0.162457
0.160987
0.152889
0.170772
0.216297
0.165076
0.160082
0.158534
0.164777
0.160239
0.154009
0.159255
0.149915
0.150625
0.157241
0.187643
0.161002
0.161814
0.153764
0.140866
0.150723
0.151013
0.154933
0.145991
0.143505
0.145600
0.144687
0.151581
0.144076
0.156302
0.155540
0.169279
0.147385
0.156095
0.145674
0.150967
0.148795
0.229679
0.173249
0.161716
0.151243
0.165160
0.149244
0.154672
0.154612
0.151327
0.193546
0.162573
0.212036
0.227276
0.175756
0.159239
0.154940
0.175743
0.247672
0.193615
0.152532
0.176783
0.161334
0.145353
0.153608
0.150007
0.162713
0.172799
0.157617
