0.00
470.70
482.96
464.05
477.19
453.75
396.34
467.93
255.97
359.20
409.02
366.85
424.61
234.23
341.21
273.16
228.61
249.18
147.72
156.78
179.87
172.39
192.60
157.74
159.59
229.86
259.48
128.76
181.59
162.84
141.91
203.23
261.33
255.40
361.48
434.80
343.51
332.10
358.10
283.88
284.10
209.38
261.47
237.45
272.59
271.58
308.32
296.84
200.53
286.26
155.84
218.01
159.70
165.17
167.02
212.47
173.50
199.60
199.86
211.07
213.52
233.73
243.78
254.31
267.30
318.65
238.42
303.43
331.54
333.61
424.02
417.10
412.52
385.82
343.15
335.49
291.73
316.81
304.40
228.42
219.23
250.02
259.45
317.71
396.15
281.04
432.32
389.44
432.76
383.53
366.64
403.55
308.78
362.05
322.48
328.00
259.74
274.56
192.85
237.94
265.21
280.46
175.09
223.70
246.48
201.68
199.76
234.68
173.28
249.59
144.81
227.64
205.07
144.04
281.67
227.05
181.51
265.89
326.15
263.19
210.84
186.32
313.33
201.20
239.06
152.23
175.33
193.01
200.93
271.05
256.11
334.25
252.64
309.56
367.48
388.66
332.38
337.43
326.27
358.44
300.39
323.28
333.89
278.48
352.18
327.68
375.79
379.10
384.33
356.68
349.67
300.36
306.85
309.36
339.04
365.45
330.70
358.31
414.58
376.47
335.70
261.10
285.61
345.15
331.70
328.89
364.00
381.68
361.32
347.86
398.14
402.09
421.68
426.26
368.10
347.93
345.43
335.99
359.52
388.16
374.92
409.96
370.63
393.40
383.30
415.04
432.37
435.85
321.14
235.58
185.68
245.86
224.72
267.78
173.34
194.33
220.29
287.57
208.85
237.25
219.15
269.75
277.79
250.79
267.49
347.46
351.05
281.10
298.60
340.87
252.09
369.13
276.55
341.38
251.26
248.89
329.01
368.07
293.26
297.73
275.28
159.69
