0.011112
0.202286
0.178542
0.144343
0.141038
0.153021
0.146858
0.141397
0.139657
0.155536
0.147989
0.172541
0.143485
0.154824
0.191166
0.144019
0.155535
0.139769
0.191655
0.150601
0.154275
0.147304
0.143577
0.146209
0.146891
0.147925
0.147315
0.160410
0.139001
0.145646
0.171717
0.168643
0.176685
0.148856
0.152521
0.151142
0.164404
0.148594
0.146199
0.145581
0.156463
0.151494
0.151044
0.157138
0.144607
0.150397
0.158776
0.154928
0.153628
0.159168
0.158267
0.156976
0.151464
0.153658
0.153497
0.155095
0.153546
0.160100
0.159380
0.165830
0.164001
0.164324
0.146245
0.159527
0.164734
0.158670
0.171890
0.150194
0.158393
0.175380
0.186539
0.148778
0.148800
0.159032
0.140982
0.145332
0.155710
0.178900
0.149442
0.150671
0.158235
0.188464
0.148828
0.161257
0.154262
0.172278
0.180672
0.164035
0.156151
0.162047
0.150980
0.156902
0.160861
0.159222
0.158806
0.151379
0.146978
0.167599
0.149177
0.146909
0.145820
0.154411
0.147928
0.142118
0.146011
0.179799
0.171891
0.175074
0.150343
0.177225
0.148894
0.156208
0.154834
0.155362
0.167496
0.178935
0.163842
