0.00
0.61
0.60
0.45
0.54
0.54
0.51
0.50
0.55
0.52
0.50
0.56
0.51
0.55
0.61
0.48
0.53
0.50
0.49
0.44
0.48
0.50
0.45
0.51
0.47
0.50
0.57
0.51
0.57
0.53
0.58
0.59
0.52
0.55
0.54
0.62
0.59
0.58
0.61
0.57
0.65
0.57
0.58
0.54
0.50
0.57
0.45
0.54
0.45
0.57
0.46
0.49
0.38
0.46
0.47
0.48
0.41
0.31
0.21
0.18
0.19
0.50
0.50
0.38
0.41
0.41
0.51
0.46
0.38
0.51
0.43
0.48
0.53
0.58
0.54
0.57
0.47
0.53
0.42
0.57
0.49
0.41
0.43
0.40
0.42
0.27
0.22
0.26
0.18
0.22
0.20
0.47
0.50
0.47
0.49
0.49
0.49
0.52
0.46
0.50
0.45
0.41
0.46
0.49
0.52
0.53
