0.00
414.05
412.51
369.48
413.76
353.64
339.20
329.39
307.44
283.24
320.52
322.76
307.86
238.23
233.41
289.22
194.24
216.71
176.11
209.03
316.97
283.36
250.87
267.70
283.87
233.07
249.84
233.65
232.94
217.67
237.56
156.44
208.30
114.33
120.87
118.22
130.96
103.65
113.68
113.16
141.33
161.94
131.34
98.22
101.21
123.36
111.12
120.70
108.08
142.99
149.36
173.81
164.89
163.16
135.08
211.04
242.58
292.59
325.22
320.34
282.23
321.37
228.90
236.24
240.11
237.93
238.83
253.20
239.52
222.75
262.12
270.76
241.63
249.06
214.66
240.00
242.98
273.20
270.68
214.53
238.68
212.85
231.39
228.67
247.32
280.97
297.07
264.23
233.59
233.40
243.19
190.49
176.43
154.91
184.46
203.06
291.83
277.45
295.21
288.54
273.83
210.39
173.63
213.36
278.91
242.92
219.33
241.89
206.02
137.49
109.33
156.24
118.74
128.14
194.79
324.64
220.55
318.16
331.88
341.19
341.29
297.60
288.55
241.05
179.03
188.58
163.55
140.97
148.84
238.17
237.36
227.82
298.76
251.75
241.27
291.01
253.83
246.98
214.41
160.94
149.13
138.87
161.75
133.94
115.42
130.21
126.56
152.42
137.95
154.84
130.02
165.78
142.96
111.40
104.46
141.75
176.07
164.37
