0.00
248.43
308.06
233.14
246.69
190.68
179.22
192.07
142.10
178.96
189.90
247.00
252.33
290.90
183.43
178.58
182.37
192.88
277.29
273.73
350.24
290.54
275.84
358.64
291.14
288.45
276.88
270.37
294.32
317.08
298.69
195.90
252.64
178.09
135.29
197.02
131.07
160.16
175.67
139.26
148.05
124.11
122.45
86.55
88.43
103.39
105.18
167.00
185.89
210.31
176.95
264.01
186.99
201.09
172.83
158.18
262.42
216.97
164.11
203.02
133.28
153.59
234.66
180.98
221.18
113.68
208.73
127.79
182.14
180.92
213.78
222.26
311.53
348.68
288.78
291.39
227.54
260.74
257.27
272.37
300.21
283.55
325.91
282.24
223.07
267.16
307.99
300.65
230.35
272.48
266.87
280.91
297.16
204.56
235.35
239.63
244.24
194.84
222.68
204.18
268.97
159.29
197.52
190.60
212.38
268.94
184.06
178.58
154.84
142.31
204.97
165.02
166.52
241.71
197.25
193.05
241.86
