0.021266
0.221974
0.139912
0.149531
0.153410
0.147570
0.177768
0.154704
0.162621
0.157705
0.205618
0.165788
0.144684
0.149171
0.151405
0.149527
0.148077
0.144012
0.145352
0.149168
0.149683
0.141186
0.154066
0.202659
0.156266
0.143939
0.158817
0.142504
0.140755
0.148983
0.202295
0.216070
0.160261
0.154194
0.151584
0.156555
0.151371
0.168434
0.147845
0.156725
0.150954
0.176017
0.157643
0.151098
0.154784
0.146286
0.170779
0.148835
0.178498
0.194679
0.144251
0.150032
0.147124
0.156881
0.157595
0.155722
0.149791
0.204085
0.157533
0.150843
0.148259
0.152621
0.149054
0.165857
0.147393
0.157072
0.163399
0.155981
0.156910
0.155448
0.158510
0.171283
0.164086
0.152925
0.163245
0.173964
0.160567
0.154839
0.177294
0.159629
0.173731
0.176271
0.155143
0.165035
0.153665
0.167144
0.178290
0.159197
0.197756
0.169906
0.159173
0.158343
0.160964
0.166835
0.163033
0.156636
0.168928
0.159491
0.160350
0.157987
0.168225
0.188678
0.166202
0.155818
0.168963
0.161529
0.182780
0.159829
0.172461
0.191093
0.173619
0.184855
0.178533
0.182791
0.181411
0.156123
0.148349
0.153750
0.162713
0.153546
0.182665
0.213404
0.189235
0.152563
0.153035
0.160923
0.149362
0.147374
0.157957
0.144231
0.144623
0.147285
0.154048
0.148389
0.145244
0.149734
0.152179
0.146870
0.159358
0.165205
0.147576
0.151733
0.144853
0.150678
0.151592
0.148605
0.151359
0.150035
0.145636
0.176871
0.170440
0.145149
0.149851
0.147961
0.149622
0.163474
0.154334
0.147812
