0.00
406.76
279.53
262.57
244.69
167.31
160.22
147.81
142.39
133.17
121.68
127.32
118.87
148.74
157.83
196.27
156.63
131.93
82.19
181.57
119.89
128.57
122.50
101.97
95.07
93.52
93.57
130.61
161.67
109.00
100.05
126.62
126.94
136.20
154.63
215.97
196.62
240.96
186.67
190.14
162.12
162.93
125.15
43.24
9.72
29.81
133.60
113.71
136.08
206.25
248.30
314.71
258.78
276.51
287.05
315.05
184.13
242.97
244.46
154.93
119.10
97.36
66.56
109.29
107.46
160.08
112.44
139.46
165.01
156.62
158.49
131.91
166.19
174.84
179.69
141.97
185.45
193.55
227.54
178.60
230.60
184.76
154.11
170.07
130.14
198.51
153.88
99.23
128.57
108.11
90.35
80.78
74.82
56.12
80.71
138.30
87.75
167.85
128.15
148.32
146.24
151.80
187.53
172.52
116.46
165.81
164.91
139.24
94.59
99.78
96.45
130.39
257.65
180.75
168.85
114.92
163.15
132.36
181.81
206.17
154.43
130.39
145.86
115.28
97.76
133.27
153.38
112.56
133.66
122.79
152.93
175.05
153.70
166.31
156.42
139.87
139.49
130.55
117.17
77.11
79.06
157.30
193.32
152.31
88.83
125.65
146.53
163.06
149.94
182.92
168.78
181.61
156.09
183.76
160.87
187.34
162.81
160.82
149.64
128.88
150.97
130.16
111.32
120.26
104.83
