0.00
0.59
0.63
0.55
0.59
0.61
0.51
0.40
0.39
0.34
0.38
0.20
0.41
0.39
0.46
0.33
0.30
0.31
0.45
0.44
0.45
0.50
0.42
0.48
0.45
0.47
0.42
0.43
0.39
0.40
0.40
0.33
0.40
0.50
0.34
0.35
0.45
0.50
0.43
0.49
0.45
0.49
0.47
0.33
0.28
0.36
0.34
0.28
0.38
0.36
0.40
0.38
0.45
0.40
0.42
0.42
0.31
0.35
0.36
0.39
0.35
0.40
0.42
0.37
0.41
0.35
0.30
0.32
0.35
0.44
0.42
0.34
0.40
0.43
0.40
0.38
0.48
0.42
0.44
0.43
0.39
0.42
0.41
0.40
0.45
0.43
0.46
0.43
0.44
0.47
0.47
0.48
0.44
0.43
0.44
0.45
0.47
0.47
0.43
0.42
0.49
0.45
0.40
0.39
0.38
0.35
0.32
0.33
0.31
0.41
0.33
0.38
0.14
0.39
0.43
0.36
0.39
0.37
0.30
0.27
0.29
0.33
0.31
0.26
0.30
0.39
0.24
0.27
0.29
0.41
0.33
0.31
0.30
0.36
0.31
