0.00
0.57
0.62
0.57
0.58
0.49
0.48
0.49
0.42
0.47
0.50
0.58
0.57
0.61
0.50
0.49
0.49
0.50
0.57
0.60
0.63
0.57
0.57
0.61
0.56
0.54
0.54
0.55
0.57
0.59
0.58
0.45
0.54
0.43
0.39
0.49
0.38
0.40
0.45
0.39
0.40
0.36
0.36
0.31
0.37
0.37
0.40
0.49
0.49
0.58
0.53
0.60
0.51
0.57
0.52
0.51
0.61
0.58
0.47
0.53
0.41
0.47
0.57
0.53
0.58
0.37
0.53
0.42
0.50
0.48
0.49
0.49
0.58
0.59
0.59
0.60
0.56
0.57
0.55
0.55
0.60
0.59
0.63
0.61
0.57
0.61
0.64
0.65
0.60
0.64
0.63
0.65
0.67
0.59
0.60
0.61
0.61
0.52
0.57
0.58
0.63
0.49
0.55
0.56
0.58
0.63
0.57
0.54
0.50
0.48
0.57
0.48
0.51
0.62
0.57
0.57
0.61
