0.035663
0.147595
0.162103
0.169547
0.147011
0.188475
0.148419
0.145445
0.160765
0.148823
0.148152
0.142493
0.149500
0.181708
0.153635
0.158808
0.170240
0.165863
0.180774
0.180506
0.172890
0.146200
0.173962
0.155957
0.155892
0.149063
0.173388
0.158704
0.155597
0.166255
0.146279
0.146508
0.145499
0.147474
0.150903
0.164767
0.194486
0.158122
0.156698
0.173229
0.159822
0.162926
0.156168
0.156610
0.193078
0.164005
0.144322
0.152096
0.157325
0.145676
0.156440
0.151860
0.159825
0.157937
0.154588
0.151239
0.150579
0.159431
0.220424
0.153570
0.147039
0.147251
0.147558
0.159589
0.162789
0.198859
0.175675
0.177656
0.156748
0.152416
0.162800
0.161044
0.167744
0.168129
0.186703
0.152724
0.164994
0.163991
0.157394
0.199870
0.199806
0.147532
0.142723
0.143459
0.152623
0.153064
0.156534
0.145873
0.145621
0.152368
0.143996
0.147413
0.144687
0.158519
0.165445
0.143878
0.157821
0.187076
0.148066
0.158172
0.153612
0.177232
0.151297
0.142970
0.141967
0.142859
0.176397
0.149963
0.175694
0.160836
0.152556
0.155065
0.146297
0.144594
0.148865
0.151107
0.153626
0.154092
0.197054
0.168611
0.152489
0.146420
0.176484
0.159026
0.190528
0.154311
0.168696
0.174487
0.142882
0.166064
0.149307
0.150392
0.157202
0.146482
0.158971
0.156031
0.155345
0.153701
0.151663
0.168253
0.160942
0.150581
0.146794
0.147996
0.154871
0.142423
0.177942
0.160215
0.152173
0.157266
0.174219
0.158169
0.178432
0.158844
0.157994
0.163152
0.158928
0.169966
0.155198
0.154399
0.157427
0.151799
0.173495
0.185654
0.145141
0.147203
0.150430
0.158253
0.139404
0.168495
0.176265
