0.00
0.77
0.84
0.70
0.74
0.63
0.56
0.60
0.78
0.72
0.83
0.77
0.59
0.64
0.65
0.61
0.73
0.73
0.78
0.73
0.78
0.68
0.67
0.80
0.68
0.63
0.76
0.68
0.55
0.60
0.75
0.68
0.72
0.74
0.72
0.70
0.69
0.72
0.69
0.77
0.73
0.80
0.78
0.78
0.70
0.70
0.72
0.51
0.73
0.78
0.66
0.57
0.66
0.55
0.62
0.69
0.67
0.55
0.50
0.52
0.50
0.50
0.50
0.50
0.41
0.45
0.36
0.52
0.54
0.53
0.39
0.43
0.46
0.53
0.55
0.57
0.55
0.53
0.50
0.56
0.55
0.54
0.57
0.54
0.59
0.61
0.57
0.53
0.46
0.46
0.45
0.50
0.50
0.42
0.51
0.52
0.57
0.60
0.59
0.56
0.59
0.52
0.63
0.61
0.61
0.63
0.70
0.76
0.72
0.69
0.71
0.73
0.63
0.69
0.67
0.64
0.59
0.57
0.74
0.74
0.73
0.76
0.71
0.73
0.64
0.65
0.71
0.73
0.70
0.66
0.71
0.72
0.74
0.72
0.69
0.71
0.59
0.66
0.57
0.57
0.54
0.59
0.64
0.55
0.53
0.53
0.40
0.44
0.55
0.60
0.53
0.53
0.52
0.59
0.50
0.52
0.52
0.55
0.57
0.47
0.59
0.48
0.54
0.44
0.51
0.41
0.50
0.40
0.48
0.49
0.48
