0.00
217.31
277.31
449.62
542.94
498.89
505.61
533.12
509.05
405.51
543.54
284.08
549.94
550.67
544.47
529.09
551.38
545.27
511.27
553.68
533.61
547.19
548.93
543.94
551.59
536.99
537.93
541.47
543.91
543.76
545.32
553.33
552.41
549.85
535.82
550.00
550.34
543.25
533.12
526.58
520.61
532.56
539.41
501.97
533.79
469.82
544.78
540.32
471.28
540.71
545.47
546.04
522.27
511.03
403.36
438.67
446.10
457.12
422.19
363.86
468.09
510.42
505.63
535.59
520.90
539.75
535.77
522.48
510.92
502.21
527.24
539.02
533.23
535.66
522.01
516.56
534.92
513.75
482.17
515.44
511.59
519.89
498.20
506.63
551.77
529.08
527.03
539.91
532.03
524.77
525.33
507.04
536.22
526.54
511.56
512.87
523.86
508.22
486.55
511.29
527.74
532.30
525.71
512.06
485.38
458.01
484.25
474.67
473.75
451.44
457.45
458.51
453.77
441.16
475.90
465.18
482.09
465.26
459.41
461.82
399.57
461.57
389.43
477.17
476.59
451.60
420.92
425.74
401.01
402.36
436.68
451.03
355.01
317.35
344.89
358.61
306.90
352.47
251.92
348.74
325.19
412.66
357.40
358.17
417.32
413.95
328.40
420.72
292.24
359.44
335.35
396.09
386.58
408.09
344.78
398.11
374.11
246.27
320.54
345.17
373.89
306.37
394.80
393.98
458.11
352.76
375.16
456.46
467.28
417.62
299.80
374.88
424.43
388.09
443.19
398.30
381.07
346.33
353.96
382.53
423.70
381.23
408.91
418.62
430.30
369.39
412.24
352.79
307.47
338.58
281.85
384.53
295.85
370.85
328.29
305.65
337.32
288.30
386.53
295.41
330.63
273.48
297.28
305.73
304.57
327.61
355.01
368.24
361.18
384.91
373.66
365.12
358.36
348.08
391.63
370.95
291.16
347.55
313.92
371.15
329.92
336.53
351.17
347.61
374.23
396.10
390.79
354.73
355.02
341.35
354.26
406.90
388.50
378.49
325.08
305.07
409.72
286.15
424.63
367.83
454.25
492.50
493.11
495.10
480.71
486.92
475.23
457.73
391.78
418.40
393.93
370.35
343.28
441.90
446.44
484.23
466.55
503.09
521.88
523.72
514.63
496.25
421.21
404.96
443.56
426.75
416.16
464.76
462.50
458.00
444.26
453.15
435.47
430.12
428.80
431.46
335.35
372.93
357.54
285.36
297.12
307.94
258.73
317.44
361.69
395.00
348.12
292.26
271.17
352.60
408.15
455.27
491.70
466.20
484.15
488.70
480.22
497.56
433.93
482.49
406.67
336.56
304.44
384.50
398.50
439.04
449.14
459.92
477.19
458.19
496.80
483.84
475.67
483.94
500.06
484.13
478.04
473.21
511.91
497.62
517.35
502.06
519.62
495.17
507.39
491.43
478.66
457.24
522.43
471.47
471.44
452.59
512.06
471.48
487.37
479.45
469.98
489.14
506.39
533.76
505.31
530.33
504.65
490.19
522.88
501.00
506.27
524.64
510.15
500.73
509.06
519.83
481.63
493.31
505.66
447.80
481.57
438.01
481.51
460.20
467.85
481.61
494.45
493.68
479.39
446.91
495.02
468.27
465.95
485.20
357.22
451.85
313.03
315.94
307.85
396.25
385.72
477.80
419.56
311.25
417.65
367.89
263.01
212.34
220.32
201.25
307.57
194.86
229.09
186.78
137.47
170.68
162.76
152.37
213.15
