0.013751
0.173820
0.184145
0.157804
0.178501
0.142609
0.144150
0.142514
0.143155
0.143342
0.196454
0.151704
0.144729
0.157335
0.163945
0.165094
0.139799
0.141949
0.142223
0.141579
0.141439
0.148787
0.148878
0.153111
0.141165
0.139349
0.143947
0.141854
0.151798
0.162261
0.212145
0.137861
0.148142
0.140138
0.153217
0.154176
0.141459
0.148930
0.145879
0.143879
0.143105
0.149986
0.157286
0.191844
0.156212
0.173848
0.158446
0.149007
0.151132
0.147611
0.150116
0.140224
0.145891
0.141430
0.141307
0.140496
0.148397
0.141146
0.141755
0.140714
0.139799
0.146613
0.151493
0.142641
0.144010
0.144708
0.141574
0.141883
0.141525
0.140395
0.141152
0.141159
0.141533
0.167021
0.136127
0.138278
0.144418
0.145567
0.145601
0.141946
0.144691
0.149970
0.170661
0.156460
0.143745
0.153610
0.181349
0.146452
0.148350
0.162485
0.147808
0.151839
0.156133
0.151852
0.136294
0.132286
0.137685
0.161284
0.203945
0.160219
0.160524
0.176045
0.161787
0.143060
0.150736
0.149120
0.163064
0.160052
0.142455
0.138894
0.141372
0.152430
0.171588
0.166045
0.154921
0.176221
0.152085
0.163247
0.141346
0.160753
0.158057
0.151633
0.159885
0.160730
0.178793
0.144490
0.155096
0.152964
0.149854
0.149808
0.153215
0.150107
0.146561
0.151654
0.176101
0.198446
0.172329
0.155273
0.154864
0.144598
0.144327
0.189828
0.144858
0.157140
0.150535
0.222093
0.144378
0.159060
0.163013
0.154871
0.172197
0.146688
0.145032
0.157864
0.143757
0.146124
0.171287
0.151705
0.143577
0.143818
0.158059
0.192514
0.164200
0.175409
0.147925
0.174567
0.152316
0.150268
0.150919
0.156182
0.150747
0.145667
0.145504
0.154173
0.152967
0.151957
0.155907
0.182734
0.171813
0.150745
0.153752
0.142168
0.148973
0.146705
0.144214
0.150389
0.141670
0.145078
0.141651
0.145221
0.156427
0.156716
0.148205
0.145022
0.157614
0.180347
0.143254
0.136822
0.193357
0.200408
0.156825
0.147462
0.143901
0.185869
0.137886
0.135748
0.144815
0.140040
0.164747
0.147243
0.143373
0.140619
0.160832
0.158880
0.144193
0.232834
0.231928
0.190511
0.158221
0.148144
0.174176
0.145144
0.147487
0.150826
0.148621
0.164389
0.160789
0.149353
0.242755
0.167179
0.147010
0.139345
0.152666
0.150670
0.148192
0.160172
0.169727
0.153774
0.143190
0.174980
0.146508
0.144534
0.153877
0.245862
0.149689
0.141601
0.150584
0.145739
0.147986
0.161129
0.147328
0.161480
0.171221
0.171247
0.142933
0.147739
0.174378
0.154758
0.148601
0.170663
0.169140
0.149642
0.158470
0.201660
0.138420
0.144754
0.152459
0.159861
0.165052
0.161427
0.210393
0.142450
0.148565
0.142692
0.143073
0.146427
0.139908
0.153228
0.145741
0.143341
0.214733
0.159128
0.154796
0.167053
0.157343
0.153776
0.161743
0.158197
0.147795
0.147426
0.156335
0.162553
0.144021
0.143533
0.158603
0.151155
0.150125
0.148250
0.152794
0.149062
0.159292
0.146509
0.150614
0.150674
0.187486
0.159517
0.143064
0.143737
0.141381
0.154581
0.147292
0.146366
0.148015
0.170401
0.165000
0.146294
0.160069
0.145005
0.146465
0.153822
0.167804
0.162660
0.158652
0.149165
0.146711
0.151268
0.180047
0.154348
0.164402
0.171037
0.142040
0.163987
0.140220
0.140035
0.137532
0.149451
0.134933
0.143143
0.150097
0.140631
0.227306
0.156491
0.148890
0.145011
0.146187
0.168837
0.156891
0.149960
0.163206
0.159481
0.150576
0.160313
0.165796
0.161267
0.168486
0.143945
0.141189
0.185582
0.147832
0.146427
0.175826
0.144181
0.157589
0.147403
0.149343
0.147353
0.147020
0.149525
0.163904
0.150250
0.146671
0.140894
0.154533
0.139489
0.149977
0.161098
0.150221
0.133309
0.144813
0.150289
0.157544
0.137877
0.147286
0.161423
0.145528
0.161686
0.140881
0.148900
0.147073
0.137454
0.140808
0.143759
0.148288
0.147639
0.145924
