0.00
0.83
0.86
0.87
0.88
0.83
0.86
0.78
0.85
0.86
0.81
0.86
0.81
0.86
0.74
0.85
0.85
0.86
0.75
0.85
0.81
0.85
0.80
0.86
0.83
0.87
0.78
0.86
0.80
0.86
0.85
0.85
0.84
0.84
0.82
0.85
0.83
0.82
0.81
0.85
0.80
0.84
0.78
0.79
0.79
0.81
0.75
0.81
0.81
0.82
0.78
0.83
0.76
0.82
0.85
0.81
0.81
0.83
0.82
0.79
0.80
0.71
0.69
0.73
0.71
0.69
0.71
0.69
0.70
0.67
0.59
0.62
0.55
0.62
0.57
0.62
0.61
0.53
0.60
0.55
0.59
0.69
0.54
0.61
0.60
0.82
0.75
0.80
0.78
0.79
0.75
0.77
0.78
0.80
0.78
0.81
0.72
0.78
0.63
0.76
0.72
0.74
0.78
0.59
0.75
0.55
0.75
0.73
0.59
0.78
0.54
0.73
0.69
0.73
0.70
0.74
0.76
0.74
0.76
0.72
0.74
0.69
0.71
0.66
0.73
0.71
0.71
0.73
0.71
0.72
0.72
0.72
0.75
0.73
0.73
0.73
0.75
0.79
0.78
0.75
0.76
0.76
0.73
0.76
0.77
0.76
0.73
0.57
0.77
0.76
0.68
0.65
0.72
0.61
0.69
0.63
0.60
0.51
0.59
0.64
0.61
0.59
0.60
0.58
0.65
0.59
0.64
0.68
0.68
0.73
0.68
0.71
0.62
0.64
0.69
0.64
0.62
0.62
0.66
0.53
0.61
0.68
0.55
0.58
0.46
0.53
0.48
0.28
0.33
0.44
0.48
0.43
0.29
0.39
0.37
0.36
0.37
0.35
0.33
0.34
0.19
0.23
0.21
0.27
0.24
0.24
0.23
0.20
0.25
0.25
0.34
0.41
0.33
0.26
0.25
0.69
0.74
0.78
0.70
0.78
0.66
0.81
0.69
0.77
0.74
0.74
0.74
0.77
0.70
0.76
0.70
0.73
0.67
0.78
0.71
0.72
0.71
0.67
0.79
0.69
0.74
0.74
0.73
0.72
0.74
0.75
0.76
0.75
0.76
0.78
0.70
0.76
0.74
0.77
0.76
0.76
0.75
0.77
0.75
0.74
0.76
0.71
0.76
0.74
0.75
0.76
0.70
0.69
0.74
0.69
0.75
0.66
0.59
0.72
0.62
0.75
0.71
0.69
0.74
0.63
0.73
0.73
0.67
0.71
0.72
0.70
0.69
0.69
0.68
0.74
0.72
0.73
0.73
0.73
0.76
0.72
0.74
0.73
0.71
0.68
0.71
0.74
0.73
0.72
0.73
0.72
0.69
0.68
0.68
0.74
0.70
0.71
0.73
0.74
0.74
0.75
0.69
0.67
0.66
0.63
0.65
0.66
0.53
0.50
0.50
0.48
0.41
0.37
0.33
0.41
0.54
0.53
0.48
0.52
0.55
0.59
0.59
0.58
0.56
0.58
0.59
0.61
0.57
0.58
0.58
0.60
0.60
0.55
0.56
0.52
0.51
0.58
0.61
0.59
0.56
0.60
0.59
0.63
0.58
0.60
0.57
0.57
0.62
0.58
0.57
0.59
0.56
0.62
0.57
0.59
0.58
0.59
0.66
0.65
0.67
0.67
0.67
0.65
0.66
0.66
0.62
0.67
0.62
0.71
0.69
0.61
0.71
0.65
0.74
0.76
0.72
0.73
0.69
0.72
0.69
0.75
0.60
0.65
0.44
0.61
0.57
0.69
0.47
0.63
0.62
0.70
0.69
0.71
0.65
0.70
0.65
0.72
0.68
0.64
0.64
0.64
0.60
0.67
0.64
0.63
0.64
0.66
0.64
0.69
0.65
0.66
0.67
0.66
0.71
0.67
0.68
0.69
0.68
0.70
0.68
0.66
0.69
0.69
0.67
0.68
0.65
0.65
0.66
0.65
0.66
0.65
0.69
0.65
0.70
0.72
0.69
0.72
0.70
0.68
0.67
0.63
0.67
0.61
0.63
0.61
0.64
