0.00
542.50
561.98
565.64
568.18
536.44
563.20
513.46
559.45
560.58
529.38
556.76
534.72
564.86
478.23
560.25
556.06
559.99
489.16
559.51
533.09
561.07
522.00
564.22
542.38
563.55
514.24
558.34
526.14
560.74
558.70
554.82
546.08
554.56
531.56
558.59
544.09
533.98
528.69
558.26
523.26
554.27
510.41
529.48
520.02
542.09
494.64
542.47
535.18
549.01
519.20
555.19
498.27
541.15
558.57
536.61
535.47
550.06
537.82
520.50
534.67
446.29
444.27
467.63
449.79
430.92
453.22
427.09
436.41
423.30
337.66
376.37
299.87
375.74
330.86
377.11
370.75
287.39
350.30
300.99
340.15
440.91
301.71
364.74
348.24
542.46
490.88
532.57
523.37
532.23
483.67
514.41
508.24
532.88
499.94
541.34
453.83
514.52
361.00
505.91
454.61
482.58
514.26
332.27
497.74
288.01
499.64
468.24
362.99
526.86
293.51
484.60
450.41
475.12
459.60
490.88
502.84
477.46
501.22
460.53
473.45
442.55
436.95
405.20
474.61
445.19
449.73
455.35
437.92
460.92
453.68
444.73
476.79
461.25
447.12
449.97
475.85
512.82
507.73
474.98
490.31
502.97
457.31
505.47
488.66
483.24
477.90
315.74
493.48
479.25
429.19
399.70
466.77
344.84
445.53
387.83
346.46
257.55
326.41
396.46
352.79
337.11
349.22
332.09
401.78
324.54
370.57
399.93
409.83
441.58
407.18
406.92
336.96
347.91
375.10
326.34
308.36
310.23
314.60
232.09
255.44
364.76
231.73
242.41
163.68
219.19
201.47
82.67
87.56
132.47
157.47
218.71
222.42
222.31
216.24
246.14
278.06
287.78
261.24
262.74
199.32
206.44
224.12
255.32
223.67
213.49
226.80
211.86
244.38
225.73
231.37
232.25
195.41
161.88
213.76
402.52
428.10
478.19
402.93
472.69
359.98
500.34
402.91
470.27
441.86
455.44
446.97
469.38
413.89
467.51
415.66
447.70
379.03
483.54
423.52
430.35
421.57
384.39
486.48
411.31
448.58
449.02
442.27
431.66
449.47
455.27
470.04
456.86
457.58
469.67
421.03
452.50
440.86
452.93
447.65
464.12
441.72
460.04
447.87
443.23
456.08
430.37
448.73
428.90
462.17
446.89
413.50
411.30
461.30
423.40
462.70
369.34
313.60
404.43
334.29
457.76
438.19
421.37
463.39
355.42
455.04
451.15
412.61
434.74
440.15
414.19
423.64
428.09
394.07
467.76
446.36
463.98
460.59
456.35
489.41
459.27
455.36
469.26
476.92
465.97
469.99
473.70
456.28
451.22
457.19
441.24
431.25
406.48
412.10
449.43
418.76
417.05
436.64
440.18
433.38
443.21
400.17
378.20
354.03
320.76
322.08
359.33
248.82
219.12
210.38
199.66
160.81
134.34
97.09
163.69
237.26
244.58
251.84
265.48
257.19
299.31
290.94
275.94
270.43
330.79
308.03
324.96
309.07
301.72
312.63
334.31
331.88
289.97
289.67
274.46
281.93
339.43
374.66
353.17
340.67
356.95
363.75
395.30
328.27
375.68
355.73
334.81
379.50
349.62
370.00
351.40
345.03
389.12
349.24
365.05
366.14
387.21
412.90
404.97
418.02
435.45
423.30
421.23
409.27
414.39
417.89
427.78
401.81
457.01
436.91
415.80
483.52
421.75
487.46
498.15
477.95
476.94
459.34
476.78
447.67
495.97
398.72
431.48
275.32
417.68
340.28
471.16
320.85
435.90
394.90
465.34
474.09
491.40
432.74
482.60
430.14
496.82
464.07
437.70
427.93
433.34
385.10
430.32
406.50
393.97
422.02
450.43
432.67
484.86
458.28
466.17
485.92
465.69
497.70
471.82
468.96
480.52
467.98
487.11
471.45
464.76
458.54
442.09
394.97
416.76
387.99
395.11
444.65
376.32
369.61
359.38
391.63
354.68
409.84
424.35
396.87
415.24
411.61
382.36
393.74
359.39
383.27
342.09
359.64
349.64
346.94
