0.013155
0.145178
0.145663
0.157821
0.138817
0.140661
0.148681
0.142940
0.155017
0.157787
0.141487
0.141624
0.144323
0.144273
0.157723
0.151252
0.147831
0.146552
0.132303
0.150440
0.142231
0.139680
0.128709
0.152880
0.147659
0.141026
0.140102
0.153812
0.147518
0.163652
0.146438
0.145898
0.163339
0.153221
0.133342
0.151169
0.139691
0.130521
0.153350
0.137634
0.138642
0.141174
0.149361
0.139130
0.151626
0.145310
0.138408
0.141280
0.141700
0.157561
0.152149
0.147434
0.160622
0.160407
0.138757
0.141939
0.163298
0.193960
0.135029
0.148263
0.142501
0.144821
0.133339
0.138191
0.133337
0.139905
0.147944
0.144592
0.156402
0.146644
0.155923
0.145469
0.152805
0.145124
0.144170
0.136121
0.139626
0.140707
0.138863
0.142756
0.147168
0.229218
0.149451
0.143723
0.150815
0.152490
0.145874
0.161942
0.159801
0.181973
0.150334
0.155039
0.143528
0.141033
0.152964
0.220527
0.169960
0.143880
0.149334
0.138108
0.159139
0.162025
0.208223
0.182444
0.160547
0.145935
0.137067
0.156229
0.146099
0.146499
0.156528
0.135804
0.140555
0.144399
0.144657
0.140934
0.149247
0.141014
0.139108
0.152294
0.147640
0.137489
0.138521
0.149591
0.143166
0.162819
0.129965
0.146276
0.147374
0.142464
0.136771
0.134029
0.162580
0.147019
0.146042
0.143582
0.151103
0.141761
0.150362
0.164644
0.146900
0.141520
0.141216
0.140120
0.147608
0.183833
0.154217
0.134145
0.143609
0.144082
0.126288
0.140957
0.145665
0.148585
0.134350
0.141122
0.159191
0.146187
0.144476
0.156595
0.147744
0.152196
0.145258
0.142066
0.141981
0.144580
0.152849
0.141592
0.128090
0.139659
0.141625
0.143051
0.143324
0.214217
0.162270
0.140431
0.147596
0.137500
0.142975
0.172725
0.143219
0.134368
0.146166
0.152591
0.135741
0.141026
0.176748
0.146356
0.133885
0.156824
0.133095
0.138933
0.135399
0.146581
0.154485
0.133139
0.144627
0.152276
0.176628
0.149222
0.153095
0.144323
0.143679
0.166981
0.151736
0.148715
0.139041
0.161503
0.136493
0.144366
0.145051
0.150739
0.140417
0.139005
0.145856
0.141845
0.140061
0.137465
0.144212
0.135414
0.166578
0.134202
0.154120
0.134608
0.136134
0.142531
0.144512
0.172549
0.142145
0.156280
0.133981
0.143157
0.150698
0.150627
0.143913
0.144381
0.149270
0.166137
0.167033
