0.00
438.06
356.17
318.74
323.31
264.68
281.29
256.31
296.00
288.54
356.76
353.04
324.98
332.13
358.87
321.99
324.18
321.25
364.71
354.13
348.04
305.21
329.69
347.00
372.90
346.03
337.55
287.21
337.50
314.31
316.01
299.13
291.16
298.32
235.90
239.62
250.77
307.04
175.04
211.73
282.80
259.22
202.35
236.08
276.86
261.64
195.08
275.84
276.63
166.34
198.21
228.17
249.74
247.46
264.85
242.22
242.01
249.93
300.89
221.62
207.60
216.77
172.51
150.70
180.91
169.31
288.75
306.71
207.11
224.35
219.73
251.06
248.43
259.78
210.58
132.71
160.06
224.02
268.19
228.35
213.55
251.07
195.45
209.96
273.89
288.89
226.93
145.89
186.57
252.33
287.97
292.66
284.41
322.54
302.08
253.65
264.71
277.29
189.98
143.08
181.45
201.42
292.99
287.28
293.37
302.01
247.89
227.04
294.75
224.76
266.24
231.08
183.44
181.47
247.27
254.24
317.75
281.13
295.89
311.56
321.17
358.27
180.25
265.25
187.77
158.66
163.33
225.94
191.69
258.47
311.05
245.45
254.97
279.51
244.44
262.07
237.83
144.80
149.04
187.64
125.49
125.10
324.64
271.59
281.72
292.71
274.61
215.82
270.58
211.24
173.99
175.09
176.32
174.60
186.01
253.70
245.32
186.99
270.67
173.20
187.43
112.81
158.68
137.32
119.54
85.89
171.41
154.46
233.82
280.25
182.42
151.61
170.44
159.40
146.07
156.66
156.00
