748	136	42	29
752	135	31	30
749	135	33	32
747	134	35	35
744	135	35	33
728	136	50	33
728	140	47	30
722	138	51	29
719	138	50	31
721	140	47	29
714	143	48	29
709	144	49	29
701	143	40	29
697	148	39	26
696	144	37	29
693	143	42	32
689	144	38	34
688	146	41	31
685	147	42	32
678	147	47	33
674	146	50	34
671	146	51	33
669	148	54	32
666	148	49	32
662	151	53	32
659	152	53	30
654	153	55	29
651	154	57	30
649	153	55	32
647	154	57	32
646	156	51	32
639	159	55	28
643	158	51	28
635	158	56	30
633	158	50	32
632	160	50	30
627	160	56	31
629	161	52	35
622	162	57	31
624	164	54	31
624	166	49	30
620	165	51	30
610	167	58	32
610	169	59	33
605	169	63	31
602	170	59	31
601	170	54	32
597	170	55	33
594	170	57	34
592	171	58	33
588	170	57	33
586	171	56	32
583	171	56	31
581	171	51	36
578	171	51	36
577	172	52	38
572	172	54	36
576	174	46	37
575	183	39	29
572	181	42	31
562	178	44	34
560	179	49	39
562	185	51	34
559	180	46	38
556	181	47	40
561	183	50	36
548	184	54	36
546	189	59	33
545	185	60	36
544	191	59	32
539	196	64	29
539	194	62	34
536	196	66	31
532	195	63	34
533	198	66	30
532	200	52	31
528	198	60	33
528	200	56	34
526	201	56	33
522	200	57	33
519	200	61	34
518	200	55	32
515	202	59	35
513	200	50	34
512	200	55	37
511	202	57	34
509	203	58	38
506	203	60	37
504	203	60	38
503	203	60	41
501	204	61	43
498	204	61	43
496	210	65	36
495	209	60	38
494	209	63	39
493	212	64	37
492	215	63	34
493	214	63	36
492	217	52	33
490	217	56	35
491	219	56	33
503	219	47	32
488	215	59	40
488	215	58	42
486	218	59	40
487	220	59	42
486	220	58	42
485	220	60	41
486	221	58	42
487	223	61	42
489	227	54	40
488	224	59	43
488	222	61	46
486	224	61	46
487	226	57	46
487	231	57	43
487	224	69	48
488	225	62	51
488	229	59	48
488	230	58	49
487	233	59	49
487	234	57	49
486	236	57	49
485	237	58	50
483	236	63	52
483	238	61	50
481	238	64	54
479	239	68	55
484	244	57	52
479	244	67	58
474	242	76	67
538	216	73	66
484	249	54	54
545	219	54	57
563	219	48	56
562	218	53	56
570	226	30	38
556	210	69	65
574	229	29	47
573	226	24	32
576	227	21	28
570	214	61	55
581	226	26	34
579	214	48	45
577	217	82	80
585	207	49	58
596	228	24	42
598	221	49	55
650	270	69	69
605	231	49	52
595	222	59	51
616	234	38	43
578	221	54	65
523	286	47	63
523	289	53	63
455	384	21	27
462	386	14	23
465	385	15	25
468	382	15	28
472	378	15	29
474	373	16	30
477	368	16	29
480	361	16	29
442	373	16	24
467	345	35	29
490	338	14	28
493	329	14	29
495	321	16	30
499	314	15	29
501	305	15	30
504	297	15	29
506	288	15	30
509	279	15	30
510	270	15	30
513	261	15	32
515	254	15	30
517	245	15	30
520	236	15	31
521	228	15	30
524	220	14	29
527	212	15	30
529	204	15	30
531	196	15	31
535	188	15	31
539	181	14	28
541	174	15	29
545	165	14	28
547	158	14	29
550	151	15	31
554	143	14	29
556	135	15	30
560	128	15	32
562	121	15	29
565	115	15	31
569	108	16	31
573	102	15	28
576	97	16	30
580	91	15	25
582	86	17	28
586	81	16	30
590	79	16	29
594	75	16	28
597	72	16	31
600	69	16	31
604	66	16	29
606	64	18	31
610	63	18	30
613	59	16	28
616	57	17	29
618	56	17	28
621	55	16	26
623	55	17	28
625	57	16	27
627	58	18	31
628	60	16	29
629	61	18	30
632	62	17	31
633	66	17	26
634	68	18	29
635	70	18	29
637	73	18	28
640	74	18	28
640	76	19	29
641	79	18	30
644	80	18	27
645	83	19	30
646	86	20	29
648	88	20	29
650	90	20	30
652	92	20	29
656	95	19	27
657	99	21	30
662	102	19	26
663	105	21	27
664	109	24	30
670	113	21	24
672	115	22	27
673	120	24	27
680	123	20	23
681	127	22	24
682	132	23	24
684	134	26	27
688	140	24	22
689	144	25	24
697	149	21	19
699	154	23	20
699	156	24	21
695	162	25	22
702	166	27	22
708	170	25	20
711	176	24	18
711	181	26	18
719	185	21	17
714	190	27	19
714	195	29	19
721	200	25	18
718	206	30	19
723	211	28	17
722	217	30	18
726	224	29	17
726	230	28	17
730	238	30	17
731	244	30	17
735	252	27	16
736	260	28	17
737	269	28	16
739	276	32	17
741	285	27	15
741	293	29	17
747	300	24	18
740	311	32	17
742	319	29	17
744	327	32	22
740	339	32	16
743	339	32	27
742	358	30	16
742	365	30	20
738	377	32	16
733	387	33	16
726	394	37	17
729	404	34	16
730	413	29	18
723	421	30	18
716	429	35	19
713	437	31	18
717	447	27	19
714	454	22	18
707	461	24	20
702	469	23	19
697	477	22	21
691	484	21	21
685	492	22	21
675	498	23	22
671	506	21	21
666	512	19	20
656	517	23	20
645	522	23	15
633	523	24	15
623	525	19	14
614	530	22	10
602	509	35	30
601	453	29	29
592	450	54	44
587	455	39	38
583	462	38	32
579	458	51	42
575	472	32	28
527	421	76	75
448	362	135	150
452	321	231	181
430	222	197	216
435	112	183	192
511	118	113	113
516	145	140	143
386	72	95	137
361	52	202	186
569	50	110	130
597	85	74	67
617	109	36	28
574	46	17	24
581	47	28	28
595	54	18	19
600	57	24	22
612	62	20	24
622	64	22	22
627	68	24	23
620	33	13	16
625	35	15	17
630	37	15	17
634	38	16	17
635	41	16	16
637	41	17	19
639	42	16	17
639	43	14	17
640	44	13	16
639	45	15	16
640	46	13	16
641	46	12	15
640	47	15	16
639	47	15	17
637	48	16	17
637	48	16	19
638	49	15	19
639	50	16	19
637	52	15	18
635	54	19	20
637	56	14	17
638	58	14	19
636	60	15	19
635	63	18	21
637	66	13	17
637	68	14	17
636	72	15	17
636	76	14	17
636	79	15	18
637	84	12	16
635	88	13	17
635	94	15	18
634	98	14	18
634	103	15	20
635	109	12	17
633	116	16	17
633	121	14	17
633	129	13	17
633	136	13	18
631	142	14	18
632	151	13	17
630	157	17	18
630	165	16	19
630	173	14	18
630	180	19	21
630	188	17	19
642	202	24	22
648	212	17	23
630	211	13	18
629	218	16	18
629	226	15	18
629	233	18	18
645	246	23	25
643	253	20	20
637	258	32	27
622	245	62	59
611	324	86	80
670	402	85	58
619	358	57	49
572	344	120	109
581	322	117	103
580	339	137	120
584	258	125	110
618	69	95	98
631	74	71	93
639	83	51	80
638	88	51	79
637	92	58	82
641	95	49	77
635	94	64	85
641	97	55	80
642	108	52	74
636	102	65	89
643	108	53	79
606	48	46	54
604	58	50	54
606	72	30	45
604	79	35	48
601	85	36	48
591	79	60	70
596	84	38	64
648	139	46	62
642	128	59	79
647	132	54	73
651	136	49	70
586	130	36	54
572	141	54	55
584	133	37	65
654	143	46	67
647	139	61	78
580	168	32	53
577	186	31	46
574	199	35	43
574	211	27	38
576	220	25	37
573	230	22	36
574	236	22	38
572	245	24	36
570	254	24	36
568	259	26	39
566	266	29	43
565	263	31	54
565	271	32	53
564	293	25	39
563	302	25	39
561	309	25	38
560	316	26	41
557	325	27	40
556	330	29	45
554	338	32	45
554	333	31	57
552	343	29	55
549	364	28	37
550	356	29	58
547	365	30	59
545	371	32	59
545	396	27	40
545	388	29	53
543	399	28	53
540	405	33	60
540	412	30	57
539	420	30	60
538	428	31	60
538	449	26	50
537	454	27	51
536	452	28	56
536	461	26	61
530	466	37	62
534	473	29	59
533	481	30	49
530	486	35	47
527	488	43	51
509	417	66	69
502	420	115	117
570	312	160	198
594	106	200	172
578	94	191	214
613	119	118	137
618	120	119	133
602	103	242	221
347	120	101	81
320	84	207	172
334	121	126	101
312	95	226	167
285	244	275	236
604	382	236	157
602	305	185	198
584	84	161	166
583	98	172	163
606	114	105	114
634	130	50	77
630	135	55	78
633	136	50	72
630	135	50	70
630	132	51	77
631	134	48	67
627	132	51	67
625	126	54	77
622	128	56	71
625	126	51	69
619	124	60	74
622	126	52	67
621	123	51	66
619	117	53	71
616	122	55	65
616	118	55	70
616	119	53	66
612	115	59	71
612	115	58	71
609	115	58	66
609	114	57	64
608	113	59	64
606	110	60	65
605	110	59	63
605	110	59	61
605	108	58	61
602	105	60	62
600	106	62	62
600	104	60	60
596	103	63	61
596	99	63	61
596	100	62	59
596	98	61	59
594	99	62	57
593	96	63	57
591	96	69	60
588	92	72	63
589	93	66	58
589	93	65	57
589	92	64	56
587	89	67	57
584	88	73	58
584	88	70	56
583	86	85	62
583	85	65	54
582	85	67	54
581	85	67	53
579	84	69	54
577	84	70	52
577	80	77	57
577	80	69	53
575	80	68	53
573	79	69	53
572	78	67	52
571	78	70	52
571	77	69	52
568	75	70	51
569	75	69	51
567	74	68	51
568	70	69	56
565	71	69	52
565	71	70	51
564	69	68	52
562	68	69	52
562	68	68	51
561	67	68	51
559	66	69	52
559	65	69	51
557	64	69	51
556	63	69	52
556	64	68	50
555	62	68	51
554	62	68	50
552	61	68	50
551	59	67	51
549	59	68	50
548	58	69	51
546	57	67	51
545	56	69	52
545	56	66	50
543	56	68	50
542	54	69	50
540	53	67	50
540	53	67	50
537	52	68	51
537	51	68	51
536	50	67	51
535	49	67	51
534	49	67	51
531	47	67	50
531	46	67	52
530	45	66	51
530	44	68	54
528	43	67	48
526	41	68	55
526	40	67	54
525	42	64	49
522	40	71	57
517	38	84	64
514	39	105	73
515	39	76	63
519	42	67	47
516	43	71	52
513	37	91	70
512	41	71	60
506	44	88	69
504	45	89	67
512	48	64	54
557	82	116	98
510	50	64	57
506	47	103	91
512	55	62	55
515	61	64	45
510	64	65	54
512	67	62	53
509	69	76	57
520	74	92	67
504	75	90	65
516	81	59	45
509	87	65	52
512	89	68	53
512	93	60	50
509	97	65	56
510	100	70	59
510	102	68	55
514	111	60	47
510	111	69	62
511	116	62	53
512	119	72	57
523	123	54	45
514	131	60	51
512	128	73	57
519	135	62	49
512	139	69	62
512	141	66	57
517	148	59	52
518	152	56	51
518	156	57	52
520	161	56	49
513	161	72	62
519	171	56	51
515	172	68	62
519	181	56	51
517	185	62	58
521	193	55	51
519	199	59	54
522	206	53	50
523	209	54	47
521	215	56	53
522	218	55	50
523	221	53	49
523	221	53	48
522	217	56	53
524	216	54	52
521	215	58	55
522	213	57	54
525	213	53	52
525	214	51	51
524	212	55	54
525	210	54	53
526	211	52	52
527	210	50	52
527	209	50	51
528	209	48	50
528	208	49	52
528	206	51	53
523	201	65	64
531	204	48	50
530	202	52	57
535	202	46	52
534	201	47	52
534	200	48	55
537	200	44	51
537	199	44	51
538	199	44	51
539	199	43	50
539	197	44	50
541	197	41	49
542	196	42	49
542	196	42	49
543	194	41	49
545	194	40	49
544	193	40	49
545	191	39	49
546	190	38	50
548	190	37	49
547	187	39	51
549	187	36	50
549	186	37	50
550	185	35	49
550	184	35	49
551	183	34	49
552	183	34	49
553	182	32	49
551	179	36	53
553	180	32	49
554	179	32	48
554	178	32	48
539	162	58	58
554	173	34	40
556	175	30	48
555	174	30	50
552	169	38	56
557	173	29	48
557	172	31	49
557	170	30	49
548	164	44	54
557	169	31	49
557	168	31	50
559	168	29	47
554	165	36	51
559	167	29	48
558	165	32	50
556	164	35	50
559	163	31	50
541	154	60	57
560	163	30	47
535	141	70	61
559	160	30	50
553	157	42	52
560	162	30	46
551	155	44	52
561	159	30	47
558	158	35	48
561	159	30	46
558	157	35	48
559	155	35	49
561	156	32	47
561	157	31	47
547	148	52	56
562	156	31	47
562	155	31	47
561	153	33	47
563	153	30	46
562	153	31	47
549	144	52	55
563	151	30	47
559	149	37	50
562	150	31	48
564	150	31	46
560	149	34	47
562	149	32	46
562	148	32	47
564	149	31	45
563	148	31	46
562	147	32	46
561	147	34	46
563	147	31	45
564	146	30	45
555	141	46	51
564	145	30	45
549	135	52	56
563	144	30	45
563	144	31	47
563	143	30	46
563	142	31	46
563	143	31	46
561	141	32	46
560	140	34	48
562	140	31	45
562	141	31	45
561	140	31	45
561	139	30	44
561	139	31	44
560	138	32	44
558	137	36	45
472	153	39	39
396	96	65	43
300	82	69	58
365	86	91	75
558	134	29	41
556	135	33	45
558	134	31	44
557	134	32	45
557	133	31	44
557	133	31	43
557	132	32	44
557	132	31	44
555	131	33	44
557	131	30	43
496	121	76	70
557	128	30	43
557	129	30	44
555	128	32	44
556	127	30	44
551	125	38	46
556	126	30	44
553	125	34	45
555	126	29	42
551	123	36	45
551	122	37	46
555	123	29	43
553	123	33	43
550	119	38	47
554	122	30	43
548	119	40	46
555	121	30	43
553	121	34	43
554	121	29	42
545	115	47	50
549	114	39	50
554	118	29	43
547	117	40	44
553	117	31	43
546	115	41	45
553	116	30	43
553	116	31	42
551	115	34	43
508	137	67	70
551	111	33	46
545	110	44	48
530	94	68	65
553	112	31	44
548	110	42	46
547	107	42	50
452	197	58	47
549	108	36	43
550	109	37	46
535	100	66	59
553	111	29	42
541	104	50	49
552	108	31	44
545	107	45	47
552	106	32	44
512	130	64	65
423	158	77	69
535	97	60	59
501	73	121	103
492	62	143	120
489	74	153	137
307	191	228	206
221	93	458	436
186	42	224	215
75	0	490	359
707	81	316	372
353	457	399	82
732	75	87	89
683	101	125	131
685	77	178	164
491	73	144	135
330	32	249	239
602	13	284	328
641	70	382	427
626	132	397	407
637	62	386	470
645	58	378	462
657	96	366	423
303	209	260	311
122	2	484	433
690	0	333	490
699	119	324	390
714	170	305	315
521	21	502	518
696	53	327	454
327	172	253	306
45	195	606	344
279	99	345	335
168	53	341	313
0	0	594	445
695	0	325	503
595	70	428	469
668	0	355	496
635	94	388	445
56	0	527	367
185	46	491	458
715	0	308	511
703	148	320	391
629	101	394	438
263	127	206	241
10	0	327	169
82	0	83	68
132	0	55	54
136	1	42	38
144	6	34	29
155	9	22	23
136	7	38	28
142	8	33	27
150	10	26	25
134	0	57	44
140	7	40	34
143	11	38	31
134	10	56	49
107	0	93	85
139	11	42	38
94	14	30	30
100	3	52	45
156	14	27	25
152	15	30	25
134	11	48	38
146	14	50	38
102	17	23	26
125	30	30	32
104	13	33	35
166	19	23	24
151	12	41	32
137	10	58	47
151	18	43	33
128	12	71	62
91	0	91	81
152	14	49	42
99	9	49	47
168	22	29	27
171	22	27	22
158	20	39	29
112	14	29	38
111	10	66	58
174	27	23	23
158	21	42	29
150	20	52	40
154	21	52	43
146	18	60	54
155	30	46	30
154	20	54	41
179	30	24	23
155	17	49	41
170	27	35	28
150	0	46	44
118	0	99	77
113	5	46	53
106	5	79	65
160	26	50	40
95	14	28	29
83	8	51	48
31	4	55	54
33	15	74	76
173	37	36	29
151	19	54	51
157	23	63	52
156	25	71	55
169	34	45	37
145	0	61	52
153	20	77	65
169	35	50	39
120	11	62	60
181	39	35	31
160	11	38	38
185	40	33	27
173	35	47	39
173	33	48	42
162	17	39	36
161	10	52	50
182	40	37	33
163	8	45	46
157	15	69	58
172	36	60	52
182	44	39	34
163	11	55	52
154	6	70	64
191	48	35	29
188	43	39	35
172	35	61	52
152	0	83	71
182	45	53	42
187	41	48	44
167	0	74	72
125	19	80	72
194	50	37	34
172	24	39	38
185	39	53	49
203	52	33	31
190	43	45	43
168	25	71	60
139	15	82	71
141	27	79	60
195	49	50	45
201	51	38	36
156	40	69	63
145	17	78	69
146	25	75	77
202	49	59	52
210	53	48	41
179	26	77	61
151	26	70	56
129	28	84	71
211	52	52	46
191	43	72	63
163	29	81	65
220	61	35	33
221	63	38	31
186	89	21	30
223	64	30	30
217	61	35	37
232	73	28	24
197	84	36	36
196	69	51	47
222	64	44	39
197	50	36	35
197	78	42	48
156	40	39	43
147	33	75	67
226	76	44	34
217	67	55	47
233	71	34	34
228	69	36	33
222	67	46	41
229	71	45	42
207	42	63	54
190	44	72	57
186	40	93	75
216	61	84	73
172	40	66	59
242	80	31	33
234	76	41	40
204	57	48	48
200	49	82	65
216	70	80	62
223	74	69	57
231	79	53	46
226	73	61	55
208	37	70	67
225	82	66	48
242	84	43	39
220	72	23	28
214	70	32	31
209	116	19	30
221	75	28	28
217	70	46	45
239	86	49	43
219	69	36	40
249	92	42	36
249	54	16	23
238	53	38	38
217	68	51	52
224	47	66	68
191	50	77	72
243	97	63	42
250	101	46	36
240	95	55	42
228	73	35	40
242	76	24	31
243	79	22	25
225	83	43	42
257	99	33	39
246	78	23	29
230	82	32	36
262	101	41	41
251	96	49	46
265	108	36	32
251	96	55	51
239	82	38	42
226	75	58	53
219	124	40	51
233	78	50	49
241	59	72	68
250	100	84	61
215	69	86	76
241	115	83	53
203	58	101	90
235	116	76	51
275	116	30	30
272	112	42	36
234	146	21	31
235	144	29	29
229	97	46	44
271	71	26	32
249	95	34	35
198	84	41	45
204	75	90	84
270	122	63	44
231	85	63	51
214	76	76	78
281	125	43	39
251	94	48	43
216	79	84	74
280	125	61	46
278	122	58	51
271	113	60	58
267	126	73	62
292	131	45	39
250	96	28	34
243	97	59	56
253	88	83	76
275	133	76	53
291	142	44	39
253	163	34	37
275	116	19	28
270	114	30	35
290	86	36	40
281	110	38	38
289	87	40	42
241	126	47	53
268	105	60	58
220	104	39	45
234	131	57	58
217	95	81	68
205	118	141	111
294	153	52	42
271	117	46	47
264	111	57	56
248	104	82	71
299	156	41	42
238	134	75	66
308	158	37	40
278	127	28	35
284	124	40	40
276	130	37	39
254	155	26	33
267	183	39	40
278	129	40	42
281	133	28	33
272	128	46	47
248	149	40	44
292	128	40	43
288	135	26	33
232	126	32	38
266	130	29	32
300	140	21	27
289	146	22	27
261	165	26	28
241	121	42	42
258	125	33	35
233	129	45	50
287	144	29	33
286	135	56	50
282	129	61	62
290	154	78	69
295	186	41	36
280	131	53	53
289	118	80	78
297	143	38	36
292	148	42	39
266	169	31	35
294	144	40	39
260	155	62	59
309	168	62	58
246	105	107	109
268	160	112	90
312	184	51	44
321	117	40	46
281	129	69	58
269	179	87	82
299	194	49	40
302	136	53	52
327	177	54	49
299	145	45	45
296	145	67	58
326	179	58	50
304	147	38	48
304	156	38	38
311	160	24	30
288	184	19	23
257	141	30	35
285	183	29	31
280	179	39	40
284	159	75	69
336	192	49	39
288	182	29	33
311	155	49	50
332	184	63	53
332	175	64	59
334	182	56	52
306	149	46	50
310	123	87	75
286	135	60	64
302	112	110	105
313	205	64	45
317	149	58	60
337	187	61	58
313	157	51	49
