0.00
323.90
269.66
333.70
300.34
235.83
275.32
217.96
232.39
210.25
253.56
127.30
157.84
118.54
165.74
197.60
327.01
306.96
286.92
296.36
378.34
304.64
438.16
268.71
324.45
311.80
360.68
403.08
233.24
357.58
199.25
273.73
312.05
297.84
249.09
356.44
327.63
307.15
262.99
370.87
248.10
182.24
246.45
348.06
275.50
270.45
335.79
291.39
461.37
387.86
267.29
354.23
365.20
210.54
233.13
293.26
189.47
244.76
152.65
134.08
315.57
198.45
168.33
228.60
245.06
220.17
316.59
271.24
317.91
225.84
138.68
233.96
369.29
227.09
243.44
205.56
228.91
242.78
406.18
264.84
350.74
240.07
214.41
328.39
301.42
359.48
303.05
394.58
468.05
422.63
359.90
350.33
263.41
312.89
427.51
472.88
372.39
411.58
315.50
339.98
232.38
226.85
429.03
365.50
396.42
450.28
447.71
467.61
448.22
329.25
254.15
438.00
346.06
410.08
288.82
327.71
156.83
319.53
417.58
385.12
497.33
458.02
488.08
378.27
206.99
308.63
137.49
253.47
371.11
165.61
85.90
123.12
337.55
140.78
140.54
83.08
181.45
21.72
260.66
137.95
185.78
14.18
187.31
35.82
54.40
108.08
354.50
32.82
39.66
130.81
65.73
124.40
33.88
109.08
272.44
176.19
226.15
207.22
209.52
252.00
288.79
177.27
171.54
106.64
23.76
339.14
282.40
165.37
152.50
226.18
257.09
238.20
192.24
253.21
178.47
233.64
209.23
241.44
313.30
266.57
173.31
178.01
157.72
220.69
187.43
163.62
263.38
159.39
160.61
275.85
179.60
275.41
211.99
265.96
209.69
232.00
254.00
256.60
264.52
203.77
243.00
258.93
148.03
199.49
271.65
242.72
234.56
183.83
177.51
174.78
178.76
173.07
235.27
169.63
169.05
208.04
190.41
267.90
191.60
223.20
190.41
164.27
207.02
229.87
211.92
308.04
199.37
217.95
173.30
177.43
200.44
232.56
260.45
229.47
208.98
296.64
185.66
259.67
263.25
257.67
262.29
148.36
216.11
174.23
292.95
238.57
211.56
52.73
194.28
189.46
208.33
195.68
182.74
131.78
171.43
215.83
256.17
223.77
183.43
249.06
138.98
106.53
178.08
148.23
183.62
169.35
187.23
143.10
165.16
92.88
194.76
132.60
95.50
193.60
67.92
194.54
93.36
153.98
146.21
106.16
171.84
117.60
139.11
107.76
93.13
161.78
169.67
147.79
135.12
158.98
136.92
188.26
181.52
177.53
143.95
106.67
133.85
172.76
152.04
101.16
16.37
38.97
31.73
52.91
114.06
80.39
156.55
12.57
17.76
66.54
92.76
63.80
89.73
88.62
98.35
21.92
60.22
173.78
389.19
198.16
174.57
210.75
165.51
392.88
369.35
213.66
250.15
224.54
153.64
169.80
145.09
144.64
238.55
315.64
326.97
180.01
295.46
290.88
209.27
258.36
182.95
243.19
183.13
163.84
198.08
207.59
312.87
263.81
217.89
164.74
279.10
246.21
322.98
325.42
238.50
355.61
164.22
289.31
271.02
221.70
246.04
207.98
206.33
285.91
285.01
289.96
214.18
320.35
239.97
246.13
91.19
93.67
204.93
225.18
181.22
222.83
229.83
135.89
76.87
241.13
119.67
26.34
41.92
153.14
126.95
25.25
44.68
108.84
88.47
35.35
347.24
473.77
314.03
180.91
492.21
154.79
404.97
338.28
168.90
444.92
162.21
145.22
255.76
225.30
110.33
99.39
167.99
147.21
195.62
224.17
323.68
290.35
71.78
208.74
144.14
143.11
320.74
141.05
134.00
235.39
227.63
231.35
338.92
275.41
238.53
213.60
169.15
177.07
152.76
220.55
209.38
303.30
181.83
130.59
169.98
178.96
189.08
178.99
123.03
175.50
253.36
145.03
212.55
117.16
187.68
132.26
190.45
219.02
171.91
193.17
124.89
242.70
200.15
68.94
191.85
169.47
96.84
85.45
22.04
18.85
19.19
69.17
88.94
139.62
207.17
73.23
90.39
23.90
345.90
56.67
41.03
113.54
50.65
55.62
126.68
230.30
544.65
201.49
455.64
486.51
428.89
542.00
495.38
382.36
412.05
467.14
349.74
548.50
520.89
458.69
510.12
515.04
562.00
441.86
505.45
517.69
558.19
556.47
537.64
557.54
558.68
554.11
549.69
527.86
539.44
481.23
533.89
564.20
551.37
556.98
557.98
419.11
409.35
475.99
519.16
458.48
441.89
314.87
461.41
146.67
475.17
495.39
496.08
463.39
494.99
234.12
512.49
514.62
509.22
552.58
551.28
510.63
487.44
554.98
551.00
191.28
498.41
554.93
542.54
544.36
563.67
562.26
554.05
560.52
544.26
548.08
564.86
537.00
556.81
546.35
522.36
557.14
553.49
549.25
535.82
552.27
545.47
528.50
537.97
530.16
523.57
524.40
521.62
521.55
524.61
453.84
478.80
470.36
386.43
273.85
391.83
351.14
464.47
330.46
194.21
203.14
303.48
190.74
189.97
145.42
317.72
126.32
125.30
450.70
53.24
271.64
57.64
294.16
365.80
351.82
474.98
386.53
92.46
171.90
352.72
348.86
361.75
286.07
268.29
532.34
397.13
305.40
265.08
528.91
269.81
239.68
360.68
216.76
218.21
363.74
492.27
405.69
438.67
414.75
266.14
262.80
543.51
278.65
519.41
383.78
471.27
346.73
393.21
379.12
495.37
557.94
549.66
540.13
477.79
548.10
458.70
450.33
558.31
558.45
504.80
512.43
536.45
547.52
534.90
555.10
523.26
493.28
364.00
536.66
464.79
524.33
508.64
354.04
524.02
467.73
523.80
556.72
530.66
518.74
536.05
550.12
546.17
521.87
533.74
516.57
491.60
499.93
395.30
524.57
492.81
536.94
513.43
489.50
480.34
453.61
352.93
508.70
441.41
450.16
112.11
228.30
467.41
435.82
237.73
478.11
436.24
429.99
247.56
370.80
377.07
494.15
258.05
474.39
389.19
330.55
424.73
111.57
409.94
51.64
428.13
314.43
543.90
223.16
519.36
393.69
517.19
376.75
356.73
473.81
477.56
158.85
483.72
501.20
429.87
499.14
440.34
134.56
484.02
313.71
459.11
478.40
406.97
458.71
445.08
505.19
492.97
474.42
447.37
493.69
504.32
298.20
532.77
199.42
527.67
480.33
512.41
452.20
476.89
423.19
401.72
461.72
499.56
497.99
499.29
473.75
414.15
301.01
66.98
219.57
121.50
83.81
481.46
387.84
487.98
439.40
490.69
502.71
417.57
518.82
356.54
504.68
35.35
248.36
507.39
441.90
493.17
228.45
533.83
360.86
515.99
261.79
262.18
517.53
420.47
183.21
524.92
337.81
498.74
441.56
509.59
127.34
446.78
532.67
264.99
512.68
194.53
537.51
446.72
401.52
57.27
342.61
158.31
55.53
454.76
233.28
386.65
82.81
73.34
238.88
54.34
564.99
65.96
522.48
338.15
505.01
38.19
84.87
82.37
47.30
62.96
62.42
30.99
18.19
180.91
22.89
110.52
134.48
22.43
20.70
41.77
125.30
40.56
25.30
79.24
134.41
97.23
64.57
141.43
114.68
43.07
91.29
335.41
359.37
56.09
150.05
110.65
27.98
141.21
154.96
53.13
232.55
118.47
130.66
95.88
53.06
116.13
142.61
242.99
168.35
144.43
102.11
376.20
109.75
81.86
106.17
203.66
68.06
158.28
155.85
18.77
162.60
61.43
35.60
27.01
111.94
125.32
20.04
226.83
125.76
41.45
97.94
150.81
41.69
71.94
110.10
68.80
42.47
139.71
32.14
56.64
118.11
104.18
110.42
162.17
115.74
51.81
26.90
420.09
57.64
62.45
85.75
69.40
160.39
80.39
328.01
44.07
129.95
48.05
37.11
134.92
39.24
99.15
98.29
23.84
64.00
67.27
78.38
25.17
79.70
69.08
219.76
99.73
41.86
155.99
74.65
195.17
62.45
222.17
52.91
90.38
123.22
80.69
159.23
56.44
57.08
62.43
182.41
59.85
65.33
266.64
80.45
55.71
92.50
203.54
73.74
76.43
121.02
301.15
58.96
36.93
202.84
52.44
64.23
68.30
113.09
121.27
108.93
42.11
83.22
85.55
75.52
169.29
55.82
90.31
55.12
112.66
57.59
106.65
317.33
81.97
103.54
27.59
72.09
133.50
56.44
41.53
107.65
99.02
26.01
115.22
31.66
119.29
44.92
158.39
104.05
51.07
74.70
49.99
93.24
75.10
134.77
135.29
384.47
81.24
92.87
43.39
107.28
158.92
182.65
89.40
61.56
90.82
120.89
184.67
151.20
88.46
60.69
52.18
48.44
162.68
53.22
294.67
27.04
45.56
94.48
56.71
135.31
162.32
68.58
110.13
169.69
134.04
40.36
80.79
180.56
136.70
53.94
60.89
184.83
39.38
167.87
58.17
65.13
49.50
55.24
90.01
86.98
65.69
46.86
92.87
325.31
89.75
162.34
95.44
28.70
178.42
85.44
43.27
34.54
128.49
55.00
61.61
206.63
50.97
51.37
151.59
89.01
84.10
51.54
133.76
73.94
32.70
39.97
139.49
166.26
69.63
195.01
142.00
68.94
98.68
76.74
71.79
45.97
143.04
62.59
88.45
59.33
256.62
82.26
109.16
58.72
167.66
45.43
213.69
78.41
45.32
122.45
147.68
27.30
85.30
192.14
61.70
66.73
49.52
100.77
39.68
69.98
76.22
209.29
134.76
25.16
179.83
32.63
117.54
29.09
121.31
49.19
215.24
47.02
43.27
298.40
139.38
92.64
63.69
30.87
52.87
41.94
59.16
220.74
48.08
41.99
34.64
183.57
50.61
111.91
148.64
65.36
102.72
162.02
162.18
192.92
130.84
68.06
103.80
85.74
16.26
128.14
114.64
29.00
59.52
86.07
80.40
96.88
34.98
83.82
52.01
128.96
75.94
53.13
141.15
