0.011374
0.184701
0.172190
0.180127
0.183507
0.201714
0.195440
0.173219
0.171071
0.182388
0.176952
0.177246
0.178417
0.179848
0.177971
0.180280
0.183512
0.178483
0.176095
0.169887
0.178125
0.179113
0.182983
0.185415
0.177304
0.176785
0.167419
0.166884
0.166820
0.170790
0.170973
0.171178
0.171288
0.175064
0.179904
0.167001
0.172212
0.170398
0.170403
0.168165
0.166685
0.167992
0.169343
0.177866
0.183657
0.179327
0.170989
0.167886
0.181314
0.164713
0.181863
0.168324
0.166566
0.167994
0.187268
0.166488
0.164989
0.175353
0.174252
0.173289
0.173147
0.179436
0.179091
0.177484
0.179520
0.176176
0.179267
0.163873
0.175908
0.184270
0.175715
0.183071
0.175768
0.172981
0.173748
0.167958
0.175302
0.179674
0.176333
0.179301
0.179385
0.181893
0.174217
0.168686
0.171480
0.172704
0.184025
0.167848
0.174961
0.176507
0.171464
0.177952
0.174064
0.176196
0.177534
0.177195
0.180122
0.175466
0.174025
0.180830
0.177531
0.183303
0.179445
0.178485
0.172898
0.166361
0.171052
0.173998
0.171647
0.165174
0.175069
0.175784
0.165427
0.166220
0.171562
0.163431
0.164953
0.170051
0.169629
0.177652
0.176394
0.178480
0.178775
0.177453
0.165823
0.167249
0.172383
0.178157
0.171997
0.174623
0.181902
0.167673
0.177214
0.178184
0.182375
0.181492
0.170779
0.172382
0.180211
0.168215
0.166662
0.180146
0.164134
0.173438
0.168610
0.176653
0.179278
0.177456
0.172613
0.163738
0.175633
0.185182
0.175688
0.193639
0.164194
0.163072
0.187258
0.174549
0.175461
0.172135
0.170210
0.178236
0.171095
0.164770
0.173979
0.170369
0.173137
0.180501
0.179028
0.180078
0.181775
0.179205
0.176900
0.193263
0.164898
0.169204
0.182802
0.179790
0.173098
0.167136
0.173242
0.179171
0.171773
0.179206
0.179195
0.174217
0.180113
0.172262
0.174316
0.179560
0.172221
0.155711
0.164876
0.149948
0.156491
0.159678
0.156062
0.171904
0.210628
0.170896
0.172103
0.180137
0.184907
0.180342
0.172770
0.182582
0.172869
0.167381
0.181779
0.181917
0.179194
0.175731
0.178487
0.173090
0.180414
0.182483
0.177773
0.177676
0.173052
0.193099
0.161601
0.169898
0.182863
0.175598
0.170081
0.176508
0.168665
0.178526
0.179920
0.180919
0.176530
0.177822
0.164371
0.163321
0.176051
0.193268
0.175013
0.183141
0.169282
0.174659
0.169898
0.182747
0.169867
0.165589
0.172531
0.168894
0.167801
0.168319
0.165133
0.181205
0.173925
0.164262
0.173102
0.170500
0.176588
0.175641
0.180858
0.179775
0.163566
0.174255
0.171674
0.172159
0.165265
0.173027
0.166784
0.177606
0.174417
0.166004
0.175933
0.183649
0.170634
0.167821
0.165474
0.166681
0.164715
0.175160
0.164287
0.166072
0.165426
0.183263
0.176312
0.175560
0.181144
0.185539
0.171450
0.167457
0.165978
0.173414
0.174961
0.180190
0.161983
0.168407
0.168952
0.169198
0.182799
0.178965
0.178140
0.169533
0.168001
0.163620
0.177171
0.184623
0.169557
0.171525
0.171827
0.166530
0.175292
0.180755
0.193254
0.164977
0.172864
0.182593
0.164170
0.166170
0.171789
0.170018
0.164654
0.173095
0.170667
0.170292
0.174959
0.166555
0.172780
0.178706
0.174425
0.167060
0.179946
0.164100
0.181934
0.178660
0.168296
0.176944
0.182462
0.176401
0.166873
0.176723
0.178159
0.187625
0.179162
0.186757
0.191295
0.182398
0.182729
0.180085
0.190747
0.182432
0.189153
0.186105
0.184859
0.180950
0.184304
0.187170
0.177909
0.183681
0.180373
0.181435
0.184263
0.188923
0.185585
0.183440
0.182260
0.189461
0.185305
0.181960
0.177291
0.181152
0.185147
0.184500
0.176501
0.181644
0.178946
0.175931
0.176589
0.183202
0.178859
0.188690
0.179788
0.177060
0.180671
0.185899
0.188174
0.180228
0.182436
0.187228
0.185019
0.186587
0.177162
0.182841
0.184327
0.183624
0.182631
0.185112
0.187120
0.184203
0.178349
0.181376
0.185121
0.181907
0.184786
0.192443
0.184843
0.179487
0.183527
0.187395
0.180901
0.185120
0.191286
0.181758
0.184021
0.182852
0.179338
0.168340
0.173177
0.166291
0.177364
0.174209
0.185801
0.179783
0.173426
0.185093
0.165962
0.178071
0.173812
0.165298
0.164524
0.168150
0.179551
0.177174
0.167477
0.176187
0.171403
0.172346
0.174476
0.176615
0.183192
0.191735
0.175858
0.169043
0.162547
0.175006
0.167817
0.177773
0.173206
0.173985
0.179034
0.168492
0.170223
0.181365
0.191918
0.165238
0.171020
0.177783
0.165287
0.176599
0.164592
0.174630
0.171944
0.165707
0.171000
0.178967
0.169674
0.176174
0.168270
0.167811
0.172107
0.171742
0.178746
0.167880
0.166747
0.180298
0.173838
0.177167
0.174143
0.183310
0.175366
0.178259
0.170403
0.173375
0.178677
0.172113
0.168593
0.166695
0.180402
0.196054
0.171125
0.177897
0.173216
0.180755
0.182157
0.183133
0.179563
0.175347
0.169388
0.175851
0.171195
0.178212
0.174283
0.177945
0.169318
0.183350
0.178587
0.168201
0.164429
0.175524
0.179565
0.176325
0.180585
0.189131
0.165720
0.172999
0.173023
0.177308
0.180431
0.180904
0.176495
0.179733
0.182356
0.176418
0.163905
0.184876
0.171344
0.168224
0.179476
0.169727
0.173333
0.172415
0.169089
0.177372
0.170968
0.169184
0.183690
0.180148
0.163183
0.177045
0.177314
0.174278
0.179591
0.171531
0.187044
0.189996
0.189037
0.206785
0.228693
0.198563
0.221775
0.197847
0.205830
0.209814
0.245855
0.200393
0.241008
0.187588
0.218011
0.259311
0.230520
0.238922
0.205083
0.190555
0.266887
0.208531
0.189079
0.190536
0.186758
0.187243
0.188526
0.180452
0.186339
0.189168
0.203672
0.192281
0.194787
0.176609
0.178815
0.180424
0.184495
0.197584
0.179159
0.193289
0.207688
0.200448
0.297170
0.275719
0.192264
0.174172
0.170289
0.192487
0.174034
0.193051
0.195184
0.176769
0.187006
0.184121
0.182678
0.196159
0.187103
0.207271
0.252235
0.225728
0.205840
0.194964
0.204479
0.196784
0.199433
0.226279
0.188294
0.214086
0.181726
0.176492
0.183838
0.183859
0.183484
0.201998
0.207615
0.202899
0.256463
0.284704
0.213870
0.203979
0.184217
0.187390
0.180758
0.195236
0.175930
0.177447
0.195202
0.198421
0.178756
0.188068
0.192135
0.197416
0.199804
0.186303
0.191044
0.176308
0.191474
0.178957
0.192227
0.179309
0.182815
0.197440
0.187618
0.190714
0.191202
0.195610
0.176482
0.192081
0.169481
0.166545
0.177049
0.164785
0.166773
0.177681
0.178444
0.178020
0.179620
0.186217
0.171380
0.167816
0.167154
0.166075
0.165865
0.169069
0.174700
0.170234
0.178843
0.173529
0.169452
0.169324
0.169384
0.170461
0.170479
0.148117
0.170210
0.159658
0.151709
0.160213
0.148005
0.158402
0.171608
0.154834
0.154503
0.173172
0.167974
0.183267
0.177550
0.171947
0.176648
0.171587
0.173266
0.178220
0.181686
0.177961
0.174563
0.174713
0.174028
0.193782
0.169807
0.163186
0.175596
0.172020
0.181736
0.165913
0.177233
0.167056
0.176568
0.174706
0.172097
0.167966
0.166558
0.175909
0.167221
0.169347
0.178514
0.176412
0.170550
0.174228
0.182208
0.175687
0.165787
0.183683
0.176830
0.177193
0.167222
0.170661
0.172478
0.166185
0.166279
0.184695
0.180435
0.173440
0.168069
0.162618
0.170915
0.163931
0.172370
0.170907
0.161966
0.161452
0.172229
0.169719
0.173580
0.174769
0.169461
0.185499
0.168693
0.168159
0.168161
0.168468
0.168607
0.167377
0.171453
0.179362
0.169140
0.172946
0.173834
0.171803
0.176338
0.177372
0.187743
0.188428
0.176518
0.174070
0.170639
0.171204
0.171184
0.167926
0.166616
0.178147
0.179050
0.180032
0.171276
0.174146
0.167232
0.169557
0.180924
0.166756
0.167941
0.174288
0.183487
0.250342
0.219287
0.212941
0.186539
0.187310
0.202826
0.196951
0.183049
0.184499
0.190876
0.190310
0.197676
0.198447
0.182683
0.189815
0.173413
0.191997
0.170020
0.168691
0.172309
0.170127
0.175411
0.184302
0.177408
0.192359
0.181825
0.177072
0.183146
0.176712
0.174702
0.194074
0.198054
0.198393
0.199840
0.183470
0.179332
0.174618
0.179965
0.184931
0.176666
0.177878
0.167769
0.174404
0.219883
0.205299
0.205328
0.192235
0.180960
0.190536
0.187042
0.180166
0.209832
0.198672
0.197534
0.175969
0.169636
0.195340
0.177778
0.181102
0.173335
0.171165
0.171196
0.171932
0.186460
0.193487
0.197613
0.193083
0.178984
0.173600
0.187978
0.188815
0.212287
0.183821
0.182070
0.193427
0.170242
0.184503
0.238097
0.190777
0.199686
0.228100
0.180092
0.174927
0.180964
0.201310
0.203111
0.179982
0.220867
0.184700
0.190430
0.213636
0.198967
0.235452
0.224786
0.189207
0.182136
0.178739
0.197198
0.199613
0.219981
0.186413
0.198581
0.217706
0.184715
0.208223
0.181836
0.216715
0.205931
0.200794
0.205588
0.206719
0.195182
0.189361
0.178991
0.186444
0.178888
0.191710
0.193636
0.220067
0.188221
0.191436
0.255120
0.195927
0.186682
0.191839
0.192147
0.197826
0.205492
0.209485
0.211205
0.212940
0.190949
0.211242
0.211958
0.190599
0.196856
0.202513
0.214994
0.187096
0.177561
0.196264
0.209111
0.198838
0.183206
0.194913
0.180806
0.190288
0.215883
0.186979
0.189054
0.181812
0.196035
0.200481
0.212357
0.183569
0.175083
0.179326
0.189420
0.191091
0.224414
0.196882
0.189590
0.182597
0.195256
0.197380
0.222067
0.188088
0.190352
0.198654
0.204221
0.204112
0.201936
0.212669
0.199459
0.209295
0.190273
0.196710
0.191755
0.202749
0.230622
0.234300
0.220987
0.203479
0.209926
0.214165
0.182289
0.205676
0.190519
0.218481
0.187376
0.198494
0.223745
0.215509
0.189820
0.177123
0.182276
0.192551
0.200028
0.191848
0.210326
0.203249
0.214317
0.205909
0.191249
0.195509
0.202031
0.203279
0.251720
0.192425
0.215450
0.194724
0.190685
0.203235
0.193736
0.196796
0.200252
0.206712
0.212309
0.218859
0.203584
0.195844
0.190653
0.188561
0.184271
0.198404
0.210683
0.173781
0.189959
0.175678
0.208691
0.207863
0.181580
0.196120
0.176647
0.177882
0.242109
0.239898
0.188893
0.222276
0.186896
0.190929
0.240851
0.220355
0.214661
0.185370
0.202502
0.181287
0.195578
0.225463
0.200582
0.197291
0.198637
0.190254
0.177567
0.210989
0.192442
0.181670
0.202738
0.212217
0.190979
0.185048
0.236686
0.259942
0.204800
0.187083
0.230196
0.211048
0.195081
0.238365
0.256598
0.211121
0.223696
0.192420
0.212313
0.190552
0.182867
0.202238
0.220828
0.226687
0.216363
0.262303
0.220001
0.197960
0.240692
0.205517
0.199046
0.232061
0.219645
0.260649
0.204876
0.196312
0.199335
0.255892
0.259259
0.265703
0.276975
0.230092
0.225556
0.239104
0.262959
0.243564
0.245478
0.264031
0.196705
0.227707
0.255819
0.279677
0.227599
0.221785
0.206408
0.213808
0.203144
0.181347
0.184602
0.215214
0.195558
0.274848
0.193555
0.206380
0.195675
0.187540
0.173494
0.184838
0.164291
0.164679
0.167109
0.167206
0.166632
0.165026
0.165351
0.167704
0.172826
0.168229
0.189429
0.166645
0.173112
0.172350
0.166196
0.166412
0.172348
0.167510
0.171782
0.180582
0.164856
0.175577
0.177407
0.166361
0.181405
0.182834
0.165950
0.188699
0.176086
0.167467
0.166622
0.192408
0.165279
0.174027
0.168423
0.167388
0.174994
0.175452
0.170309
0.173530
0.180194
0.172149
0.170765
0.181546
0.171334
0.175635
0.172031
0.167887
0.176664
0.182101
0.180818
0.180933
0.175023
0.170280
0.181634
0.201313
0.197133
0.177028
0.177335
0.182456
0.184006
0.176008
0.176341
0.198874
0.171742
0.186922
0.183147
0.178343
0.179292
0.184137
0.176564
0.174104
0.191537
0.195520
0.178932
0.167879
0.180618
0.177858
0.175801
0.180579
0.184206
0.175661
0.180173
0.177753
0.188055
0.179039
0.179026
0.183430
0.175310
0.172323
0.173470
0.185454
0.176292
0.178310
0.184634
0.166456
0.173544
0.176044
0.173732
0.182185
0.176459
0.182048
0.188049
0.180428
0.174052
0.189069
0.187576
0.177260
0.207783
0.181686
0.174974
0.169624
0.171531
0.169558
0.180307
0.170095
0.170784
0.169121
0.168334
0.170034
0.177043
0.176643
0.169147
0.165279
0.165679
0.165242
0.169803
0.166883
0.168927
0.168918
0.168305
0.167213
0.170007
0.180083
0.182543
0.169828
0.174213
0.194957
0.180580
0.183471
0.173200
0.177153
0.180752
0.191876
0.171349
0.169667
0.178892
0.187992
0.202494
0.215408
0.189351
0.180633
0.177465
0.165989
0.182650
0.176554
0.180360
0.183391
0.176480
0.181950
0.168097
0.174454
0.175103
0.172944
0.180328
0.167800
0.172469
0.178181
0.184900
0.181456
0.177282
0.173002
0.171737
0.188503
0.192820
0.201341
0.188318
0.165059
0.182459
0.187516
0.191826
0.186997
0.204259
0.191096
0.198792
0.187848
0.202825
0.210284
0.207509
0.175072
0.187800
0.178939
0.200011
0.192522
0.203257
0.193995
0.186494
0.199385
0.199448
0.197584
0.193795
0.184014
0.186734
0.192080
0.200463
0.225191
0.197567
0.276315
0.243607
0.207450
0.201494
0.284587
0.204570
0.196263
0.221862
0.276870
0.230099
0.252182
0.197934
0.272730
0.213464
0.276379
0.216199
0.227268
0.218170
0.216614
0.183424
0.197235
0.244315
0.247252
0.244774
0.242748
0.238363
0.185276
0.193261
0.205843
0.226959
0.202807
0.202309
0.200448
0.198597
0.190211
0.190341
0.192231
0.187791
0.197156
0.252593
0.201447
0.191248
0.180133
0.185592
0.182854
0.168160
0.187760
0.166835
0.174549
0.180966
0.183301
0.181308
0.174570
0.169616
0.204271
0.210699
0.191802
0.196592
0.180104
0.176954
0.181041
0.183823
0.174706
0.186027
0.187567
0.180932
0.176163
0.183120
0.175114
0.177433
0.181218
0.178113
0.192770
0.198819
0.204838
0.182846
0.194261
0.177126
0.174335
0.177107
0.168883
0.199490
0.190673
0.175662
0.168555
0.179286
0.176203
0.185734
0.176666
0.179303
0.168617
0.171958
0.186166
0.176454
0.178873
0.168710
0.181462
0.195852
0.200978
0.211944
0.195237
0.180309
0.170877
0.176664
0.179381
0.181375
0.184618
0.188686
0.185949
0.187485
0.195524
0.198278
0.211366
0.195552
0.181421
0.187194
0.184781
0.190034
0.184450
0.198854
0.210774
0.191864
0.186532
0.177778
0.194320
0.178054
0.193482
0.183339
0.204670
0.182870
0.175865
0.178687
0.184011
0.184783
0.175023
0.182336
0.173368
0.179661
0.169931
0.192974
0.177807
0.173746
0.167283
0.164886
0.180643
0.174006
0.171808
0.172121
0.179397
0.186828
0.185123
0.177902
0.182205
0.184135
0.188608
0.190975
0.190035
0.195707
0.191264
0.192916
0.198869
0.205362
0.225626
0.195470
0.176588
0.195005
0.212017
0.199270
0.182513
0.186977
0.188447
0.180035
0.182799
0.185764
0.188593
0.192837
0.210248
0.190639
0.203056
0.217474
0.184036
0.178637
0.178496
0.169693
0.166392
0.166678
0.194813
0.164685
0.165867
0.166514
0.168480
0.167888
0.176052
0.169878
0.171352
0.170838
0.170627
0.194916
0.197166
0.180199
0.193757
0.182686
0.175346
0.172045
0.192044
0.195534
0.200580
0.190299
0.175628
0.188007
0.190535
0.188699
0.187382
0.174646
0.187739
0.186938
0.184324
0.181949
0.186432
0.185932
0.188595
0.189364
0.220977
0.199698
0.184330
0.178433
0.174889
0.185941
0.185227
0.185923
0.192054
0.180383
0.212976
0.195288
0.188171
0.200016
0.185588
0.178332
0.192842
0.184176
0.179302
0.185836
0.172945
0.166033
0.182299
0.169802
0.168631
0.164627
0.175105
0.173057
0.183545
0.174441
0.165864
0.190316
0.165138
0.166619
0.171736
0.168005
0.166938
0.176158
0.167695
0.167868
0.177387
0.168885
0.177251
0.172300
0.180540
0.168754
0.180247
0.168208
0.189955
0.168215
0.188099
0.169965
0.182200
0.179403
0.165570
0.177430
0.174123
0.184923
0.190572
0.177704
0.179732
0.165931
0.176936
0.164654
0.184041
0.176504
0.178041
0.166126
0.162907
0.173298
0.168620
0.176214
0.187917
0.172933
0.169646
0.166706
0.165801
0.167335
0.171094
0.165436
0.163306
0.169977
0.182207
0.181676
0.184550
0.184633
0.176672
0.169969
0.174384
0.178739
0.182455
0.178870
0.181445
0.177670
0.177357
0.166408
0.167818
0.167169
0.185215
0.174656
0.182363
0.177389
0.172532
0.165387
0.176619
0.181532
0.168806
0.173984
0.189061
0.177102
0.167082
0.172285
0.164067
0.175936
0.174930
0.168756
0.169255
0.174556
0.177665
0.181983
0.164174
0.166216
0.176080
0.173668
0.170892
0.181543
0.185765
0.193744
0.192925
0.180108
0.175643
0.193495
0.167014
0.172657
0.182354
0.174873
0.177911
0.180532
0.175956
0.174357
0.175472
0.170918
0.170544
0.185455
0.202304
0.212035
0.191360
0.177228
0.189031
0.218312
0.197720
0.192628
0.174174
0.174827
0.174236
0.176252
0.179330
0.181345
0.171549
0.177495
0.175315
0.178105
0.173383
0.174645
0.173904
0.180461
0.174400
0.174448
0.176136
0.172151
0.173975
0.194225
0.176892
0.175784
0.180116
0.176341
0.185542
0.173252
0.186343
0.169201
0.174534
0.179355
0.179057
0.176097
0.182386
0.183815
0.200427
0.183911
0.183549
0.206616
0.176883
0.177294
0.181717
0.175776
0.182870
0.169583
0.172809
0.172019
0.180715
0.174056
0.166252
0.172719
0.169248
0.171420
0.180411
0.170496
0.169206
0.180153
0.179454
0.173531
0.170695
0.178380
0.168936
0.180873
0.167545
0.165526
0.167527
0.166960
0.174035
0.171702
0.175120
0.196721
0.188159
0.175003
0.182606
0.171398
0.180137
0.170591
0.167642
0.170547
0.176256
0.194106
0.172486
0.165354
0.173554
0.177124
0.168635
0.169197
0.184626
0.166853
0.189461
0.168613
0.171035
0.181280
0.184227
0.180462
0.185364
0.181320
0.173119
0.168605
0.165571
0.187543
0.174258
