0.00
0.85
0.79
0.86
0.88
0.84
0.88
0.87
0.85
0.86
0.82
0.86
0.87
0.86
0.81
0.86
0.88
0.86
0.86
0.88
0.87
0.80
0.87
0.87
0.85
0.87
0.87
0.84
0.87
0.86
0.88
0.84
0.85
0.83
0.85
0.85
0.85
0.86
0.84
0.87
0.85
0.85
0.86
0.83
0.82
0.81
0.80
0.86
0.86
0.83
0.83
0.83
0.84
0.85
0.83
0.84
0.84
0.84
0.84
0.82
0.82
0.83
0.84
0.85
0.84
0.83
0.83
0.81
0.82
0.84
0.82
0.84
0.83
0.80
0.82
0.82
0.84
0.84
0.85
0.83
0.84
0.86
0.79
0.83
0.84
0.80
0.80
0.81
0.81
0.80
0.83
0.83
0.80
0.75
0.83
0.83
0.80
0.83
0.83
0.80
0.83
0.81
0.81
0.79
0.80
0.79
0.83
0.81
0.78
0.81
0.79
0.79
0.82
0.80
0.81
0.79
0.82
0.82
0.80
0.82
0.82
0.80
0.76
0.76
0.75
0.65
0.71
0.69
0.72
0.71
0.76
0.73
0.81
0.82
0.84
0.77
0.73
0.51
0.19
0.55
0.55
0.42
0.61
0.06
0.16
0.05
0.60
0.67
0.45
0.57
0.52
0.68
0.56
0.60
0.63
0.49
0.59
0.69
0.39
0.60
0.49
0.42
0.21
0.51
0.47
0.24
0.41
0.16
0.17
0.26
0.10
0.15
0.55
0.12
0.07
0.04
0.23
0.05
0.11
0.05
0.03
0.50
0.35
0.46
0.07
0.06
0.10
0.63
0.24
0.25
0.19
0.16
0.12
0.19
0.22
0.14
0.80
0.66
0.83
0.69
0.74
0.77
0.62
0.77
0.65
0.31
0.56
0.35
0.41
0.09
0.51
0.26
0.39
0.46
0.68
0.24
0.13
0.25
0.20
0.37
0.18
0.80
0.42
0.17
0.22
0.38
0.57
0.12
0.20
0.28
0.57
0.75
0.73
0.70
0.71
0.60
0.61
0.45
0.60
0.19
0.77
0.49
0.32
0.05
0.17
0.25
0.21
0.12
0.25
0.12
0.38
0.03
0.08
0.35
0.22
0.17
0.23
0.30
0.16
0.10
0.06
0.23
0.22
0.17
0.09
0.11
0.23
0.09
0.23
0.06
0.51
0.07
0.25
0.07
0.31
0.19
0.09
0.13
0.09
0.20
0.08
0.46
0.09
0.34
0.06
0.17
0.06
0.24
0.05
0.09
0.50
0.49
0.44
0.28
0.24
0.41
0.45
0.42
0.44
0.39
0.51
0.38
0.51
0.49
0.36
0.47
0.18
0.16
0.10
0.20
0.18
0.37
0.46
0.48
0.49
0.08
0.07
0.19
0.03
0.21
0.64
0.62
0.59
0.74
0.60
0.63
0.61
0.63
0.71
0.60
0.51
0.71
0.70
0.55
0.69
0.73
0.65
0.66
0.61
0.66
0.74
0.80
0.65
0.74
0.69
0.76
0.73
0.80
0.72
0.59
