0.00
0.62
0.60
0.66
0.61
0.56
0.57
0.53
0.54
0.53
0.56
0.41
0.47
0.40
0.48
0.52
0.65
0.63
0.60
0.59
0.66
0.60
0.73
0.56
0.64
0.61
0.65
0.71
0.53
0.68
0.51
0.58
0.61
0.61
0.54
0.68
0.63
0.63
0.55
0.68
0.57
0.50
0.56
0.67
0.57
0.56
0.63
0.58
0.77
0.69
0.57
0.65
0.66
0.52
0.55
0.61
0.44
0.56
0.44
0.43
0.64
0.51
0.46
0.55
0.57
0.53
0.63
0.57
0.63
0.51
0.43
0.54
0.66
0.52
0.53
0.51
0.55
0.55
0.70
0.58
0.66
0.55
0.52
0.63
0.62
0.67
0.61
0.68
0.76
0.72
0.66
0.64
0.57
0.60
0.73
0.78
0.66
0.71
0.60
0.66
0.54
0.53
0.74
0.67
0.69
0.75
0.73
0.76
0.74
0.58
0.54
0.76
0.60
0.71
0.57
0.60
0.38
0.61
0.60
0.51
0.71
0.52
0.62
0.35
0.15
0.18
0.09
0.05
0.21
0.04
0.02
0.06
0.27
0.09
0.27
0.14
0.39
0.06
0.48
0.37
0.45
0.10
0.42
0.13
0.08
0.30
0.50
0.14
0.09
0.21
0.13
0.29
0.04
0.14
0.21
0.09
0.45
0.52
0.50
0.55
0.56
0.43
0.42
0.12
0.02
0.49
0.54
0.27
0.43
0.51
0.56
0.53
0.47
0.53
0.47
0.52
0.49
0.54
0.59
0.57
0.47
0.46
0.43
0.51
0.47
0.46
0.57
0.45
0.43
0.55
0.47
0.56
0.49
0.57
0.49
0.53
0.56
0.53
0.54
0.50
0.52
0.54
0.43
0.48
0.58
0.54
0.51
0.47
0.47
0.18
0.47
0.42
0.48
0.44
0.40
0.52
0.49
0.56
0.48
0.51
0.38
0.47
0.51
0.53
0.52
0.60
0.50
0.52
0.46
0.44
0.49
0.52
0.54
0.47
0.40
0.55
0.44
0.54
0.51
0.54
0.55
0.41
0.49
0.42
0.55
0.51
0.46
0.23
0.45
0.47
0.46
0.46
0.44
0.37
0.43
0.49
0.55
0.49
0.47
0.53
0.42
0.34
0.46
0.41
0.47
0.43
0.45
0.40
0.42
0.34
0.46
0.41
0.32
0.46
0.29
0.43
0.30
0.41
0.40
0.34
0.43
0.36
0.40
0.35
0.34
0.40
0.45
0.40
0.39
0.43
0.41
0.47
0.46
0.45
0.41
0.32
0.37
0.41
0.38
0.30
0.09
0.10
0.03
0.13
0.21
0.07
0.34
0.04
0.11
0.14
0.25
0.22
0.16
0.19
0.22
0.07
0.18
0.23
0.38
0.03
0.29
0.39
0.22
0.48
0.32
0.17
0.14
0.48
0.37
0.41
0.38
0.36
0.46
0.57
0.59
0.42
0.56
0.56
0.45
0.54
0.45
0.50
0.46
0.38
0.42
0.45
0.52
0.50
0.46
0.38
0.52
0.49
0.55
0.56
0.45
0.58
0.42
0.49
0.50
0.45
0.48
0.40
0.45
0.50
0.48
0.53
0.43
0.45
0.38
0.44
0.12
0.26
0.14
0.36
0.35
0.36
0.37
0.18
0.10
0.41
0.27
0.09
0.08
0.17
0.17
0.10
0.20
0.33
0.27
0.11
0.24
0.45
0.51
0.22
0.68
0.19
0.40
0.45
0.19
0.52
0.17
0.19
0.29
0.27
0.15
0.09
0.27
0.16
0.20
0.35
0.36
0.19
0.11
0.22
0.17
0.13
0.28
0.26
0.22
0.28
0.49
0.43
0.62
0.55
0.52
0.48
0.45
0.30
0.32
0.43
0.46
0.56
0.43
0.35
0.32
0.39
0.32
0.41
0.22
0.42
0.52
0.30
0.41
0.25
0.43
0.34
0.39
0.44
0.27
0.39
0.25
0.51
0.39
0.13
0.30
0.19
0.10
0.10
0.08
0.13
0.10
0.20
0.25
0.28
0.30
0.13
0.22
0.13
0.31
0.14
0.12
0.19
0.21
0.19
0.27
0.33
0.58
0.15
0.20
0.34
0.25
0.83
0.55
0.18
0.15
0.33
0.09
0.68
0.70
0.46
0.38
0.53
0.87
0.27
0.24
0.44
0.77
0.84
0.54
0.81
0.83
0.82
0.81
0.42
0.61
0.37
0.70
0.76
0.66
0.70
0.83
0.10
0.21
0.31
0.44
0.35
0.38
0.24
0.35
0.10
0.38
0.50
0.47
0.47
0.57
0.23
0.44
0.60
0.55
0.80
0.73
0.66
0.57
0.61
0.63
0.18
0.50
0.68
0.76
0.75
0.74
0.76
0.67
0.61
0.61
0.48
0.61
0.46
0.68
0.67
0.54
0.68
0.76
0.73
0.68
0.58
0.66
0.60
0.69
0.53
0.65
0.47
0.55
0.43
0.43
0.53
0.38
0.46
0.28
0.27
0.24
0.34
0.25
0.21
0.08
0.07
0.17
0.19
0.21
0.08
0.19
0.10
0.09
0.31
0.03
0.32
0.01
0.38
0.08
0.47
0.33
0.04
0.01
0.08
0.24
0.45
0.15
0.19
0.35
0.14
0.26
0.26
0.22
0.40
0.13
0.13
0.54
0.15
0.14
0.27
0.38
0.43
0.48
0.40
0.30
0.25
0.64
0.27
0.54
0.34
0.55
0.35
0.55
0.32
0.49
0.73
0.76
0.58
0.40
0.74
0.24
0.40
0.53
0.60
0.33
0.37
0.35
0.49
0.48
0.64
0.46
0.32
0.10
0.55
0.28
0.48
0.32
0.32
0.54
0.46
0.54
0.76
0.54
0.54
0.60
0.74
0.75
0.65
0.60
0.77
0.58
0.63
0.36
0.57
0.42
0.72
0.65
0.51
0.45
0.53
0.24
0.69
0.42
0.46
0.09
0.28
0.66
0.49
0.22
0.70
0.46
0.41
0.16
0.38
0.42
0.62
0.21
0.50
0.35
0.33
0.38
0.13
0.56
0.08
0.39
0.19
0.65
0.16
0.63
0.31
0.50
0.25
0.27
0.32
0.41
0.10
0.66
0.48
0.33
0.47
0.40
0.11
0.47
0.21
0.30
0.44
0.22
0.26
0.24
0.48
0.34
0.32
0.31
0.36
0.43
0.17
0.49
0.12
0.73
0.44
0.51
0.37
0.62
0.38
0.31
0.40
0.53
0.59
0.47
0.40
0.25
0.19
0.05
0.05
0.07
0.10
0.07
0.34
0.43
0.26
0.42
0.34
0.31
0.58
0.26
0.50
0.04
0.35
0.64
0.28
0.46
0.13
0.63
0.27
0.50
0.16
0.16
0.50
0.31
0.11
0.38
0.13
0.38
0.21
0.40
0.08
0.15
0.40
0.12
0.29
0.16
0.66
0.32
0.15
0.03
0.35
0.07
0.02
0.34
0.09
0.09
0.01
0.04
0.14
0.01
0.51
0.03
0.21
0.04
0.27
0.02
0.12
0.12
0.04
0.10
0.10
0.09
0.11
0.37
0.11
0.18
0.19
0.04
0.07
0.08
0.24
0.13
0.11
0.16
0.31
0.17
0.19
0.30
0.24
0.16
0.21
0.49
0.55
0.12
0.31
0.24
0.10
0.33
0.29
0.12
0.32
0.23
0.31
0.24
0.15
0.21
0.26
0.42
0.28
0.27
0.23
0.55
0.29
0.19
0.20
0.24
0.18
0.32
0.22
0.05
0.25
0.12
0.10
0.10
0.31
0.20
0.06
0.31
0.26
0.11
0.14
0.20
0.13
0.17
0.12
0.17
0.12
0.31
0.10
0.21
0.29
0.16
0.18
0.40
0.28
0.12
0.10
0.47
0.16
0.18
0.18
0.16
0.31
0.18
0.43
0.12
0.26
0.14
0.12
0.34
0.14
0.23
0.17
0.06
0.12
0.16
0.11
0.10
0.21
0.18
0.33
0.22
0.14
0.29
0.17
0.32
0.17
0.34
0.16
0.22
0.25
0.22
0.27
0.16
0.15
0.16
0.33
0.17
0.21
0.42
0.24
0.14
0.24
0.32
0.19
0.18
0.26
0.39
0.17
0.15
0.39
0.14
0.18
0.12
0.21
0.27
0.24
0.12
0.24
0.23
0.15
0.33
0.14
0.22
0.17
0.27
0.17
0.22
0.40
0.24
0.19
0.06
0.20
0.30
0.15
0.11
0.21
0.21
0.11
0.22
0.11
0.23
0.15
0.33
0.27
0.18
0.21
0.14
0.22
0.23
0.13
0.25
0.40
0.27
0.19
0.14
0.23
0.25
0.28
0.20
0.21
0.20
0.28
0.27
0.24
0.16
0.09
0.16
0.15
0.27
0.14
0.34
0.06
0.11
0.24
0.16
0.21
0.26
0.17
0.23
0.31
0.23
0.13
0.18
0.30
0.28
0.16
0.14
0.37
0.14
0.35
0.19
0.20
0.14
0.14
0.19
0.23
0.16
0.14
0.25
0.47
0.21
0.21
0.10
0.08
0.22
0.15
0.15
0.09
0.25
0.14
0.18
0.28
0.13
0.15
0.26
0.23
0.18
0.15
0.30
0.14
0.12
0.14
0.22
0.31
0.16
0.23
0.23
0.17
0.16
0.17
0.12
0.14
0.26
0.14
0.19
0.16
0.39
0.17
0.22
0.17
0.33
0.10
0.33
0.14
0.13
0.23
0.29
0.07
0.14
0.36
0.16
0.17
0.12
0.24
0.09
0.14
0.21
0.26
0.20
0.09
0.33
0.13
0.20
0.11
0.23
0.16
0.34
0.14
0.12
0.41
0.23
0.23
0.13
0.12
0.14
0.14
0.20
0.45
0.13
0.09
0.12
0.34
0.14
0.11
0.27
0.17
0.22
0.23
0.28
0.27
0.22
0.06
0.16
0.19
0.07
0.25
0.17
0.10
0.18
0.21
0.21
0.17
0.12
0.23
0.13
0.25
0.18
0.17
0.27
