0.00
575.09
575.30
575.02
575.43
574.77
572.87
572.97
573.08
569.33
571.80
574.07
574.30
573.43
574.71
574.84
573.75
575.14
574.40
568.82
574.28
568.12
571.85
573.10
571.29
574.03
573.66
574.60
573.60
575.16
574.08
574.59
573.75
575.07
574.35
574.45
570.08
574.14
572.74
569.78
572.83
571.94
572.69
571.06
572.61
571.95
571.74
571.68
568.61
572.44
560.84
572.08
570.70
571.42
571.47
570.43
556.12
572.59
558.65
569.17
571.59
567.22
561.17
573.06
558.81
567.76
572.69
569.25
568.56
570.03
571.35
569.11
563.79
569.62
568.64
567.70
574.37
569.94
573.04
571.16
570.10
567.59
569.44
570.68
568.80
567.25
567.32
568.07
568.82
570.60
573.49
556.24
573.21
564.75
554.01
571.68
543.97
571.10
555.33
563.28
569.95
544.41
564.10
548.33
567.58
567.56
568.74
571.25
556.68
570.02
568.95
571.21
560.50
573.19
554.60
567.72
572.92
555.99
573.23
570.31
569.50
573.38
566.72
569.45
573.91
568.06
572.44
571.97
567.68
572.69
572.29
572.23
561.56
564.49
532.43
449.62
463.89
279.52
473.38
305.97
388.33
312.46
250.54
200.90
305.06
432.90
451.80
458.83
508.08
517.23
516.95
528.82
537.41
514.80
468.29
524.61
510.23
444.70
272.29
354.02
208.56
292.82
312.05
381.96
364.72
453.94
516.58
462.48
531.77
479.85
500.53
473.29
338.63
524.48
476.76
525.29
520.08
458.45
515.72
542.90
544.27
527.93
505.51
471.88
370.37
465.21
419.30
399.90
414.17
329.54
262.15
429.44
325.65
329.90
336.22
285.67
257.34
273.86
423.91
315.79
207.00
214.88
190.93
237.45
234.95
176.69
238.93
254.77
106.47
487.44
573.47
572.02
573.33
573.80
568.41
573.51
571.44
571.93
568.82
573.82
572.98
571.67
570.85
573.04
573.57
572.70
571.16
569.65
570.66
570.76
570.25
573.09
565.42
564.84
567.41
568.49
566.90
569.97
569.75
567.36
570.52
568.99
558.48
533.28
563.51
540.37
558.72
567.56
565.05
565.82
560.68
564.14
566.94
570.11
568.39
555.02
563.59
567.23
566.46
568.69
561.47
570.45
564.75
565.93
569.40
562.10
558.81
566.46
566.79
565.13
562.02
524.76
570.98
563.98
568.32
550.41
498.63
537.06
564.59
554.40
491.90
414.26
544.86
487.49
334.55
561.30
505.54
517.38
520.89
536.19
518.32
565.24
538.12
547.57
532.78
534.33
542.43
562.17
553.33
554.81
542.76
565.50
441.19
541.15
492.19
558.97
542.66
551.34
519.46
569.35
544.41
558.97
565.05
496.39
571.35
531.20
561.69
515.61
507.41
557.70
528.30
567.86
544.10
555.31
532.53
544.87
515.23
544.50
520.21
561.13
568.27
558.91
565.81
560.80
542.43
478.35
552.88
547.05
560.45
568.68
566.14
567.04
562.38
567.81
553.60
533.80
565.04
556.68
487.01
530.35
562.42
522.00
561.22
565.46
570.87
566.89
491.95
565.10
523.73
556.86
534.30
559.85
566.42
564.62
555.66
567.39
568.17
569.32
557.42
564.99
554.78
533.91
550.84
552.30
563.43
561.69
547.10
556.05
545.89
561.67
554.18
501.51
548.80
539.43
527.64
510.10
538.67
367.56
540.49
456.93
495.65
554.38
542.94
473.72
558.07
548.31
547.77
537.06
546.07
478.49
279.13
479.59
503.02
465.67
508.97
511.54
499.86
503.88
531.72
523.24
500.71
527.63
515.73
459.32
498.64
468.21
490.22
510.36
527.05
534.25
550.86
556.00
559.99
534.96
540.17
534.96
560.13
537.08
551.71
559.87
565.21
544.54
561.39
558.01
560.53
554.91
530.61
544.74
552.18
539.57
519.37
546.37
522.60
548.77
458.75
468.31
337.84
210.31
325.74
237.02
234.09
220.58
174.51
138.75
158.27
134.41
133.88
151.19
105.91
142.01
88.45
77.33
80.85
80.56
54.18
55.82
71.13
111.53
132.18
190.73
246.94
200.72
94.24
70.44
50.69
21.78
12.67
15.08
18.20
544.19
523.00
524.56
521.03
531.97
528.34
525.76
533.81
521.81
520.07
522.00
523.64
513.68
533.73
511.28
549.91
545.52
539.48
553.99
549.68
557.59
560.33
565.28
565.73
567.48
570.83
570.32
571.51
571.66
572.64
569.96
567.95
566.39
563.78
564.08
562.81
562.05
569.75
557.44
559.35
563.70
567.99
558.80
562.07
560.91
562.45
570.42
569.44
571.72
572.04
570.50
567.63
567.47
551.99
543.68
544.96
538.03
526.77
504.98
521.18
519.91
516.46
537.22
533.78
531.87
536.97
540.48
550.76
532.88
498.95
540.27
552.37
555.64
553.66
529.99
554.74
547.02
555.69
492.23
551.24
478.12
555.84
539.08
545.95
538.02
532.70
547.43
556.83
547.05
558.62
558.38
537.43
552.33
563.91
546.64
542.80
563.60
549.86
568.36
563.06
556.39
546.60
556.29
563.54
566.99
531.32
565.18
532.48
566.86
556.58
547.44
544.06
548.65
563.89
552.51
553.44
552.92
561.83
553.01
564.28
551.26
556.79
550.55
565.81
557.58
542.28
517.82
529.29
513.08
523.90
480.93
510.89
519.51
512.80
512.46
341.03
278.51
402.68
252.88
315.44
243.68
341.60
305.69
311.87
258.13
305.95
347.68
270.93
290.00
468.44
297.60
464.52
483.71
540.90
446.50
533.79
538.91
539.22
524.54
466.26
534.96
516.78
538.50
540.92
503.99
518.01
534.56
512.63
477.82
493.45
533.75
515.31
519.94
489.59
480.90
514.27
506.49
524.53
237.93
196.74
503.35
315.38
405.19
464.67
389.77
480.78
327.64
493.18
265.28
381.51
339.28
313.87
400.57
483.48
520.85
502.23
499.48
476.65
499.13
487.28
483.40
501.92
524.35
454.34
524.58
410.11
294.99
296.94
417.31
489.79
491.61
412.61
488.33
351.45
538.83
507.58
501.38
463.27
404.63
477.93
515.90
507.02
503.70
432.26
545.43
429.99
517.76
543.17
537.12
549.98
534.22
522.01
559.88
532.67
535.45
554.51
557.84
528.30
550.70
543.58
552.53
559.10
549.34
562.70
554.47
528.82
563.78
545.23
552.67
560.26
555.67
543.64
560.80
552.28
555.17
560.81
559.06
564.55
540.06
565.09
558.53
558.74
559.97
566.01
547.37
564.09
548.07
565.67
564.98
557.70
558.82
565.32
558.99
568.68
557.39
565.34
550.58
567.51
553.36
565.21
567.93
567.77
562.43
566.30
551.39
568.90
568.93
565.33
566.25
563.55
569.47
558.85
563.81
568.18
562.16
568.03
566.11
566.81
569.61
567.88
564.01
567.79
570.44
564.98
565.25
563.08
568.95
568.06
565.12
568.36
570.63
570.06
569.17
570.05
569.92
572.01
572.12
562.64
569.78
571.36
571.24
571.34
572.59
572.13
571.74
571.15
572.69
573.58
571.92
573.82
571.91
572.84
573.39
573.41
568.00
571.94
572.53
567.13
567.36
573.55
562.45
572.11
572.81
571.47
557.78
572.43
569.85
559.73
571.13
568.50
566.27
568.72
570.85
564.61
570.54
564.60
564.16
565.71
565.95
565.40
567.12
566.51
563.15
563.19
555.42
559.25
560.93
564.54
548.87
564.52
556.05
560.27
545.77
567.34
563.50
559.14
565.43
557.03
566.15
570.73
566.40
561.90
562.99
564.23
570.33
555.44
566.09
567.07
566.53
565.26
568.01
566.75
562.80
560.01
561.52
571.36
541.54
568.83
570.78
568.92
568.62
564.65
570.50
571.11
569.75
562.31
572.29
571.12
571.16
572.08
568.23
565.88
570.51
570.49
568.92
570.05
570.50
569.65
568.86
570.87
568.93
568.64
567.73
561.55
561.30
564.04
564.61
564.85
564.42
561.79
560.71
554.20
554.09
554.07
558.80
520.17
547.26
553.66
551.00
558.93
561.84
538.82
559.19
474.82
458.85
537.18
512.90
510.26
509.81
296.80
434.53
302.85
522.23
397.95
488.53
365.27
497.45
506.69
318.40
535.66
427.47
483.43
517.40
320.53
505.52
505.81
293.10
491.72
295.97
