0.017121
0.193338
0.185877
0.202753
0.183967
0.180519
0.172572
0.176066
0.177736
0.171945
0.180575
0.177670
0.183573
0.170099
0.166764
0.171421
0.170140
0.169378
0.175616
0.175507
0.170210
0.176605
0.178839
0.168501
0.169089
0.166983
0.177868
0.176454
0.166454
0.180161
0.168952
0.173219
0.166839
0.169560
0.177772
0.169415
0.172101
0.177937
0.145757
0.159520
0.163882
0.158729
0.167636
0.174683
0.170531
0.169560
0.163535
0.147556
0.176431
0.171024
0.168396
0.166494
0.177800
0.181287
0.176139
0.183700
0.169007
0.169241
0.181767
0.189558
0.172916
0.168735
0.178493
0.191952
0.169434
0.167956
0.170229
0.168411
0.168030
0.176844
0.180914
0.170724
0.172856
0.171841
0.180722
0.182558
0.171850
0.168866
0.175965
0.171521
0.174048
0.167660
0.166868
0.159214
0.129375
0.127826
0.145810
0.139515
0.130438
0.136366
0.147532
0.172961
0.173084
0.164916
0.163948
0.163956
0.183745
0.177011
0.190373
0.184330
0.177633
0.171098
0.173013
0.178877
0.182291
0.168072
0.173542
0.165879
0.182171
0.184758
0.180853
0.186946
0.173620
0.180466
0.183390
0.204087
0.188782
0.208587
0.175331
0.182462
0.164708
0.170851
0.166102
0.164525
0.164230
0.169397
0.168167
0.176578
0.176297
0.181925
0.188967
0.172232
0.169611
0.164314
0.165138
0.182451
0.188284
0.190772
0.184893
0.189026
0.179282
0.173301
0.166574
0.163012
0.186942
0.180399
0.171719
0.176905
0.193490
0.185869
0.184292
0.171636
0.170208
0.177634
0.180233
0.181894
0.167922
0.179643
0.167707
0.173649
0.182978
0.179592
0.169508
0.179312
0.171756
0.171882
0.193843
0.170914
0.169354
0.166526
0.170545
0.166509
0.165598
0.163736
0.170484
0.167408
0.170284
0.180785
0.168830
0.171930
0.169617
0.165581
0.167020
0.166617
0.176757
0.165026
0.185251
0.185713
0.167518
0.168612
0.170059
0.168280
0.169087
0.170439
0.164797
0.163586
0.173200
0.178945
0.165094
0.165593
0.186581
0.165807
0.168199
0.167684
0.183516
0.180186
0.168230
0.184498
0.167054
0.170772
0.170364
0.182383
0.181081
0.172100
0.186231
0.171236
0.171935
0.169412
0.169344
0.171975
0.171013
0.184683
0.183933
0.171291
0.171958
0.167275
0.170039
0.175192
0.169896
0.174870
0.169103
0.173141
0.171757
0.170673
0.184987
0.170667
0.176632
0.174242
0.170164
0.182585
0.171515
0.171824
0.172668
0.186561
0.185003
0.170120
0.167597
0.167356
0.169733
0.174650
0.165699
0.171017
0.165409
0.170412
0.169909
0.165927
0.166704
0.165152
0.166056
0.167152
0.166256
0.169279
0.181549
0.170342
0.169430
0.169388
0.169401
0.168487
0.168479
0.169073
0.170758
0.173117
0.179452
0.168402
0.168625
0.168300
0.170475
0.175152
0.181387
0.167167
0.177535
0.166245
0.166455
0.167251
0.169524
0.167468
0.171808
0.169920
0.171934
0.169685
0.173042
0.172364
0.171380
0.170049
0.172055
0.173950
0.178864
0.174509
0.185323
0.171617
0.168468
0.168436
0.169715
0.176885
0.176310
0.169985
0.167911
0.170665
0.168861
0.181805
0.178052
0.174745
0.190633
0.183263
0.176762
0.169815
0.172703
0.174059
0.170659
0.169792
0.181736
0.171230
0.171915
0.180069
0.170583
0.176902
0.174185
0.181655
0.181175
0.169050
0.180242
0.168718
0.179908
0.161915
0.144640
0.175824
0.157342
0.154939
0.158310
0.161679
0.179695
0.213828
0.173704
0.178370
0.181681
0.180348
0.171393
0.172453
0.170132
0.172600
0.171507
0.181957
0.177367
0.181651
0.171227
0.180467
0.177569
0.181033
0.180724
0.178363
0.171431
0.170624
0.177535
0.169331
0.190890
0.174235
0.169755
0.168036
0.169401
0.184107
0.178271
0.175607
0.178943
0.164070
0.177203
0.175549
0.163874
0.167267
0.184512
0.182572
0.179454
0.172329
0.175042
0.168149
0.175247
0.171238
0.165351
0.169653
0.169027
0.174232
0.167396
0.168063
0.179570
0.168790
0.169065
0.177759
0.180955
0.168569
0.169051
0.167821
0.188187
0.170851
0.172830
0.170827
0.170399
0.170880
0.170422
0.173487
0.178965
0.171020
0.171149
0.170423
0.171576
0.176555
0.170474
0.169389
0.170251
0.170107
0.167216
0.172203
0.168734
0.176046
0.178887
0.181109
0.178469
0.167767
0.186074
0.170152
0.171873
0.170228
0.166909
0.174224
0.177970
0.176606
0.170424
0.170681
0.168689
0.173301
0.178506
0.177897
0.175419
0.171032
0.169115
0.169916
0.174665
0.174647
0.175745
0.179502
0.175146
0.168425
0.179196
0.188356
0.179295
0.197064
0.169235
0.166167
0.179701
0.182403
0.165649
0.178769
0.167916
0.168305
0.172031
0.167199
0.169159
0.177237
0.180716
0.176843
0.181060
0.176396
0.187039
0.176912
0.171340
0.186691
0.178330
0.173199
0.167506
0.175539
0.192480
0.192904
0.179722
0.185010
0.200620
0.202574
0.186730
0.186787
0.186737
0.190659
0.196255
0.195715
0.190191
0.178204
0.186565
0.201085
0.182404
0.179344
0.195416
0.185410
0.190383
0.189212
0.200434
0.183407
0.191279
0.197939
0.193970
0.184249
0.186659
0.179594
0.182501
0.196688
0.188530
0.184863
0.182961
0.183331
0.179204
0.190850
0.190453
0.180120
0.196895
0.177059
0.182495
0.188363
0.194846
0.177980
0.187822
0.190988
0.200006
0.179312
0.194078
0.185945
0.181372
0.186100
0.196550
0.193531
0.176645
0.200849
0.184125
0.181915
0.187351
0.184216
0.191516
0.189313
0.203127
0.181360
0.183804
0.187118
0.205171
0.184469
0.183912
0.191708
0.197374
0.189217
0.183218
0.177409
0.168251
0.171092
0.176322
0.175084
0.177541
0.187032
0.183886
0.171133
0.177679
0.169570
0.177048
0.178918
0.169317
0.170414
0.182350
0.181784
0.169497
0.170611
0.179490
0.185566
0.178876
0.184206
0.171152
0.169977
0.188213
0.181550
0.171196
0.172236
0.168218
0.167420
0.185803
0.180119
0.168549
0.178416
0.170521
0.176725
0.171071
0.182362
0.175849
0.169816
0.183087
0.169598
0.170204
0.169175
0.167889
0.167976
0.176197
0.184577
0.177693
0.168520
0.166924
0.171452
0.170061
0.171343
0.180974
0.168254
0.172445
0.174758
0.180945
0.168178
0.180920
0.169466
0.181987
0.185056
0.176569
0.169908
0.183764
0.167337
0.168542
0.169616
0.168653
0.168555
0.186912
0.183064
0.170464
0.186856
0.185529
0.185398
0.184891
0.169173
0.169106
0.169406
0.170064
0.178836
0.169948
0.169201
0.169696
0.183566
0.168940
0.180550
0.168904
0.174502
0.169559
0.177456
0.190880
0.171736
0.171920
0.173478
0.177075
0.179528
0.180474
0.180847
0.178006
0.177284
0.188515
0.180020
0.166850
0.168828
0.189779
0.164942
0.167499
0.176284
0.167341
0.168432
0.174816
0.177206
0.170489
0.175447
0.176903
0.174172
0.171033
0.181513
0.183137
0.175207
0.179958
0.180821
0.185961
0.183939
0.177164
0.178656
0.198417
0.190445
0.182734
0.178606
0.181095
0.173578
0.193727
0.170455
0.181885
0.187143
0.170706
0.171008
0.188638
0.188380
0.185945
0.177157
0.191153
0.178079
0.170597
0.180539
0.180028
0.169895
0.185997
0.181368
0.190870
0.182061
0.171469
0.176143
0.183692
0.184469
0.186874
0.168021
0.178161
0.191116
0.185945
0.185036
0.175556
0.178210
0.185451
0.179843
0.181142
0.200048
0.197697
0.189405
0.193313
0.176742
0.177234
0.180407
0.167304
0.182522
0.174270
0.185036
0.190055
0.180068
0.185803
0.198363
0.167013
0.188157
0.183729
0.203641
0.173605
0.174180
0.188837
0.183324
0.184894
0.168538
0.176903
0.197711
0.202694
0.178976
0.182669
0.190490
0.179675
0.188737
0.181145
0.186633
0.189493
0.166373
0.195060
0.178199
0.184910
0.202887
0.180919
0.176124
0.195382
0.186258
0.176960
0.167815
0.180366
0.187048
0.195064
0.190288
0.177828
0.185740
0.185909
0.194365
0.189718
0.168195
0.169438
0.186274
0.186365
0.178332
0.177473
0.189260
0.180346
0.183875
0.186096
0.195576
0.180945
0.186201
0.194621
0.178661
0.191528
0.168678
0.170512
0.171540
0.169134
0.170345
0.184646
0.170768
0.167957
0.175406
0.186130
0.172582
0.166648
0.166062
0.169980
0.169222
0.168604
0.173844
0.168782
0.171057
0.177691
0.168846
0.169609
0.169554
0.166368
0.169530
0.154148
0.161736
0.160301
0.149150
0.156470
0.148025
0.155771
0.174384
0.153776
0.154488
0.172637
0.170669
0.188177
0.179005
0.171609
0.171088
0.170718
0.183327
0.191131
0.169594
0.169618
0.179410
0.167322
0.176826
0.187890
0.176770
0.170598
0.178731
0.170462
0.171018
0.172421
0.172206
0.171602
0.178533
0.171351
0.169739
0.168710
0.172602
0.173804
0.168476
0.179164
0.170530
0.177504
0.171078
0.188716
0.178948
0.168531
0.167070
0.167348
0.188101
0.171356
0.176337
0.170839
0.169186
0.168225
0.171082
0.172215
0.182343
0.167891
0.166746
0.170851
0.166815
0.169832
0.169600
0.167592
0.166493
0.178347
0.169189
0.170401
0.167474
0.180246
0.177728
0.169272
0.167953
0.169800
0.169002
0.167913
0.166929
0.170362
0.177453
0.180389
0.173852
0.167896
0.179625
0.167828
0.170060
0.180394
0.174495
0.194142
0.185959
0.170075
0.168207
0.169481
0.173018
0.169919
0.168728
0.164462
0.180547
0.182970
0.180984
0.168259
0.167156
0.165885
0.183811
0.168015
0.163677
0.167423
0.181251
0.178235
0.167704
0.180737
0.179846
0.190217
0.200806
0.191517
0.182382
0.177911
0.178638
0.180582
0.191227
0.195812
0.198707
0.187130
0.179659
0.180848
0.184573
