132	244	131	63
134	242	130	60
136	242	133	59
137	240	131	59
139	241	134	58
140	240	134	58
143	239	133	55
146	238	133	56
148	238	132	55
150	237	133	56
153	236	131	58
157	235	131	57
159	234	131	57
163	233	129	59
165	233	130	59
169	231	123	60
170	230	127	65
173	230	125	62
175	230	127	63
178	230	125	59
180	229	127	63
183	228	124	60
186	228	125	62
189	227	126	61
191	227	125	61
194	226	125	61
197	226	125	60
200	225	125	58
202	224	123	61
204	224	124	60
207	224	124	59
210	223	122	59
212	222	123	59
214	222	122	59
216	223	123	58
220	222	121	57
223	222	120	58
224	222	120	59
226	222	121	58
228	221	121	57
231	221	119	57
233	221	118	58
236	221	118	57
238	222	117	58
240	221	118	58
243	221	118	57
245	221	116	57
247	221	116	57
250	223	115	57
252	221	113	57
255	222	114	57
256	223	113	57
259	223	112	57
261	223	113	57
263	224	112	58
266	225	111	57
268	225	111	56
270	227	111	56
271	226	111	57
273	227	112	57
275	228	110	57
278	229	110	57
280	229	109	57
281	230	110	57
284	230	109	57
285	230	109	58
287	230	109	57
289	231	107	57
292	231	106	58
294	232	105	58
296	234	105	56
297	234	105	57
300	235	103	56
301	235	104	56
303	235	104	57
305	237	104	57
307	237	103	56
309	238	101	56
309	238	103	56
311	237	102	57
312	239	102	57
314	239	103	57
315	240	101	57
317	239	101	58
319	240	101	58
320	240	99	56
322	241	98	58
323	240	99	57
326	241	96	57
328	241	97	58
329	241	96	58
330	243	96	57
331	242	95	57
334	244	93	56
335	244	93	57
336	244	92	57
337	244	92	56
339	244	91	55
338	244	92	56
342	244	90	56
341	243	91	56
345	244	89	55
343	243	90	56
347	243	86	56
348	242	86	56
349	241	85	55
351	242	85	55
350	241	84	53
352	241	84	54
353	240	84	54
354	240	82	52
355	239	82	53
356	238	82	53
357	239	82	54
357	238	80	55
359	237	78	52
360	237	78	53
361	235	75	51
363	235	76	54
364	233	75	52
365	234	74	54
365	233	72	49
366	233	74	54
366	230	73	54
368	233	71	52
368	229	71	55
441	118	62	31
441	119	57	27
438	119	59	27
436	119	58	27
435	118	58	27
432	119	59	27
430	118	60	27
429	118	59	27
427	118	58	26
424	118	58	27
423	117	57	27
418	117	55	28
418	116	56	27
416	116	58	28
413	115	54	27
413	117	54	27
410	116	55	27
408	116	54	26
407	115	55	27
405	115	54	27
402	115	50	26
401	115	55	26
399	114	56	27
398	114	56	27
395	113	56	29
392	112	57	29
391	112	56	29
389	111	57	30
459	160	62	41
462	163	65	37
459	163	65	36
454	162	67	36
440	163	78	38
437	165	77	40
434	165	74	38
434	167	70	38
431	165	67	37
427	167	66	33
422	168	68	34
418	169	68	33
405	169	78	37
403	170	76	37
401	171	74	35
392	171	79	35
392	171	75	35
382	171	79	35
383	174	75	34
381	173	71	34
369	174	79	35
379	175	65	35
365	177	71	32
353	177	80	42
354	177	72	44
353	180	66	37
343	180	79	43
340	181	76	39
386	204	49	49
343	182	64	35
322	183	78	40
313	182	77	43
310	185	79	41
379	203	57	50
305	188	74	38
383	205	48	46
382	205	47	47
381	203	49	47
284	189	74	42
382	204	46	47
380	202	48	49
282	193	59	44
250	192	83	45
243	194	87	46
246	195	79	46
233	194	84	48
220	197	92	49
259	225	93	86
248	224	96	85
207	200	85	49
195	202	91	46
196	204	84	45
179	205	93	48
182	208	85	44
164	208	97	47
170	211	81	45
162	212	84	44
146	214	95	46
136	214	98	48
128	217	98	47
120	218	99	47
111	218	101	49
112	221	95	47
95	221	102	49
95	222	97	49
79	223	107	50
70	225	107	50
61	226	108	51
53	227	110	51
44	228	109	52
36	230	112	53
26	230	114	54
19	232	117	53
7	234	114	53
1	235	113	55
0	237	107	53
0	238	99	56
0	239	93	54
0	241	84	50
0	242	75	47
0	245	66	45
0	246	56	46
0	248	45	45
0	252	39	44
0	252	33	45
0	253	20	43
0	259	20	37
52	220	26	42
52	221	30	38
50	220	30	42
50	221	29	40
49	219	30	44
50	219	29	44
49	221	29	41
48	220	30	42
49	220	28	41
48	220	29	43
47	219	34	44
48	220	29	41
46	219	30	45
48	221	28	40
46	218	31	44
46	219	32	44
46	220	31	43
47	221	29	42
46	220	30	44
48	221	28	42
98	213	32	41
98	213	37	44
47	220	29	43
46	219	30	44
48	220	28	39
47	220	28	43
48	220	28	40
49	222	27	40
49	222	28	40
49	222	28	39
50	222	29	40
50	221	31	40
103	223	31	32
99	215	38	45
53	224	28	36
54	221	29	41
104	213	32	41
106	212	32	41
102	208	43	49
55	221	33	40
58	221	29	40
58	219	31	42
59	219	29	42
112	212	32	42
62	218	30	43
115	210	32	41
113	210	36	44
114	207	34	47
114	210	36	44
67	219	29	40
110	212	40	38
71	218	27	41
71	219	28	39
72	219	29	39
73	218	30	40
74	217	28	39
76	216	29	41
75	213	33	44
78	213	35	44
77	212	40	46
133	209	30	38
82	214	28	41
83	212	30	42
86	213	30	43
86	214	27	41
132	207	37	41
88	214	27	40
87	213	29	40
90	213	29	42
91	212	27	40
94	211	28	40
93	210	33	43
93	209	33	43
97	209	38	44
96	211	31	40
98	209	29	43
99	210	28	40
99	208	30	44
98	209	34	43
149	210	33	37
111	208	57	52
222	256	59	56
213	308	128	69
215	309	125	64
217	307	125	64
219	306	124	66
220	305	125	67
221	306	124	66
222	305	124	65
223	304	125	64
223	304	126	65
224	303	124	66
225	302	124	68
227	302	124	68
227	301	122	68
228	301	124	68
230	301	123	69
231	302	124	67
233	300	122	63
233	300	122	62
233	300	122	63
235	300	121	62
236	299	120	63
236	299	120	62
237	299	120	61
238	300	120	62
240	298	120	61
240	298	118	63
240	297	120	64
240	297	124	63
241	296	119	64
239	295	124	66
241	296	120	66
242	295	121	64
243	295	120	63
243	296	120	64
244	295	119	63
245	296	118	63
246	295	119	62
246	295	119	61
247	294	120	63
249	294	119	62
250	293	118	62
250	292	117	61
251	293	117	61
253	294	116	60
254	292	116	60
254	292	116	59
254	291	116	61
253	292	117	63
256	290	117	65
255	291	116	62
256	290	118	64
258	288	116	65
258	290	115	63
258	288	117	63
259	288	116	63
258	287	118	65
261	288	115	63
262	288	115	62
261	290	115	62
264	288	114	63
264	290	114	59
264	289	115	62
266	290	112	60
266	288	114	60
266	288	114	61
266	289	113	60
269	287	113	60
268	289	113	59
269	288	114	60
269	287	113	60
269	287	115	60
270	286	113	61
270	287	113	60
271	286	113	61
271	287	112	59
272	286	114	61
272	287	113	60
272	286	112	62
273	286	113	62
275	287	110	60
275	286	112	58
275	287	112	59
276	286	112	59
276	286	111	58
277	284	112	59
277	286	111	59
277	285	111	59
278	285	111	60
278	284	111	60
279	285	111	60
279	283	111	61
279	284	110	61
280	283	110	61
280	284	111	58
281	285	110	60
281	283	111	61
281	283	110	60
282	282	111	60
282	283	110	61
284	283	108	61
285	283	108	61
284	283	108	60
286	283	108	58
285	283	108	57
287	283	108	57
287	282	107	57
287	283	107	58
288	283	107	57
289	282	107	57
289	282	107	58
288	281	108	60
290	281	108	60
288	281	108	60
290	280	106	60
289	281	108	60
290	280	107	61
291	280	106	61
291	280	105	60
291	280	107	61
293	280	104	60
293	280	105	60
293	280	104	60
295	279	105	60
295	279	105	60
296	279	104	61
294	279	105	61
297	279	104	61
296	279	105	61
300	279	102	60
298	279	104	60
300	277	102	61
300	278	103	61
300	277	102	61
301	277	102	61
301	277	102	62
303	277	102	62
303	276	102	63
304	276	101	62
304	276	102	61
305	274	101	62
306	275	99	60
378	232	93	39
378	232	86	41
363	232	98	42
358	233	97	42
309	274	100	61
310	276	102	58
335	233	103	47
341	236	92	41
313	274	100	61
312	274	102	58
311	233	106	57
313	236	97	65
312	264	101	68
303	237	102	74
313	260	101	69
313	262	99	66
277	237	113	63
268	239	101	57
319	269	98	62
320	271	97	57
255	246	104	53
319	269	99	61
322	271	96	55
324	269	96	58
226	251	104	53
210	252	110	54
213	256	105	49
224	255	85	49
199	258	104	51
199	259	97	49
185	260	107	53
184	262	98	48
186	264	88	41
149	261	119	56
147	264	117	56
164	266	91	50
158	269	87	45
153	270	86	43
141	270	91	43
131	271	95	45
127	273	91	45
83	271	127	59
88	274	117	55
100	276	94	51
55	276	132	57
85	277	94	51
39	278	132	55
41	280	126	57
60	283	97	48
31	284	117	55
44	286	95	49
21	288	111	52
28	290	102	45
17	290	116	48
7	291	99	49
0	293	101	52
0	294	92	52
0	297	80	49
0	299	73	49
0	299	65	47
0	300	56	47
0	303	50	47
0	303	43	48
0	307	38	43
0	306	27	39
0	310	24	33
0	316	39	30
0	301	45	47
100	213	24	38
138	241	51	50
126	240	90	52
120	242	88	52
114	240	96	53
105	242	94	52
97	242	94	54
97	234	101	64
82	241	94	56
75	244	101	57
73	241	133	62
60	236	112	67
75	231	104	82
48	248	107	58
38	249	97	55
35	254	95	52
25	239	108	70
93	211	63	45
6	252	103	59
52	148	90	67
90	207	53	50
145	206	35	39
136	203	53	52
96	211	32	40
88	206	42	48
145	207	32	39
96	213	28	38
96	209	28	42
95	208	30	47
97	210	28	43
93	207	34	46
96	211	32	43
97	210	28	42
93	207	35	48
95	209	34	45
90	159	29	32
90	160	33	31
93	162	30	31
90	158	33	32
94	160	27	33
95	162	27	29
95	161	28	30
94	160	31	33
95	162	28	30
97	161	29	31
88	158	46	44
92	210	38	46
96	210	29	44
96	210	33	43
91	207	41	49
96	151	41	45
104	163	27	31
58	160	43	35
90	208	43	49
146	206	33	39
141	205	38	44
95	210	31	41
97	209	29	43
91	206	40	48
93	212	33	42
92	208	35	45
96	211	31	42
96	211	29	42
94	209	33	44
95	209	35	44
92	210	36	45
95	209	33	45
96	211	33	43
94	210	33	45
92	206	41	47
92	209	43	49
94	211	32	42
94	208	34	45
96	210	34	43
92	208	37	46
89	205	49	51
95	212	32	41
92	210	36	44
93	208	40	48
96	214	29	39
96	212	29	41
94	211	33	42
141	204	34	42
141	203	44	47
97	212	26	39
96	213	27	41
92	208	46	48
95	212	35	42
92	208	37	46
93	209	39	45
95	210	32	44
94	209	32	44
94	209	37	45
95	211	30	41
93	207	35	47
94	210	36	44
140	202	45	49
96	213	26	39
96	213	28	38
96	211	27	40
96	209	28	43
92	209	36	46
94	210	35	43
95	210	33	46
143	204	33	44
142	206	38	45
97	214	26	35
94	208	34	45
96	209	30	44
94	210	30	43
95	211	29	42
95	210	30	42
95	210	33	44
86	204	52	56
90	209	40	45
92	210	35	46
90	207	43	48
93	210	31	44
96	212	27	41
95	213	27	39
95	213	28	39
93	211	30	41
96	210	27	41
93	210	27	41
95	210	27	42
95	211	27	40
95	209	27	43
95	212	26	42
93	211	30	41
96	211	27	41
94	209	28	42
95	212	26	41
94	212	27	39
94	210	27	43
94	211	27	43
93	213	30	41
94	213	30	41
93	212	30	43
93	211	29	42
92	211	32	43
91	211	34	45
92	211	31	43
93	210	29	44
139	207	36	41
135	186	35	58
92	212	30	41
88	207	45	50
92	214	29	40
90	209	34	47
138	182	36	63
135	179	39	68
135	188	43	61
94	214	26	38
93	211	31	43
138	182	35	65
139	180	35	66
137	190	37	59
92	215	29	41
139	204	32	41
94	212	26	41
90	212	34	43
136	183	35	64
92	212	29	42
