0.012111
0.167489
0.165266
0.181999
0.179348
0.176750
0.197206
0.185384
0.196557
0.208611
0.205219
0.191164
0.188410
0.191738
0.182140
0.196656
0.177036
0.202256
0.188016
0.190379
0.185254
0.183448
0.180887
0.190835
0.186220
0.209071
0.190235
0.194206
0.177241
0.189075
0.186975
0.175692
0.178937
0.197783
0.183875
0.187464
0.174998
0.193454
0.182142
0.194716
0.187406
0.181690
0.187742
0.178088
0.191541
0.180328
0.173853
0.187337
0.189779
0.200672
0.181775
0.183145
0.184812
0.184342
0.185066
0.185016
0.199769
0.194360
0.185038
0.183288
0.178241
0.172821
0.186483
0.188890
0.183811
0.184121
0.171835
0.186731
0.199854
0.185564
0.197354
0.210284
0.175131
0.184368
0.187645
0.187810
0.175749
0.188098
0.189275
0.195984
0.210505
0.198678
0.193647
0.187907
0.180023
0.188004
0.180166
0.190733
0.181809
0.189668
0.181300
0.176323
0.187117
0.176618
0.174655
0.185752
0.174837
0.190938
0.203367
0.201285
0.191063
0.213799
0.192056
0.190547
0.196708
0.176932
0.188148
0.186780
0.191403
0.196320
0.178501
0.195238
0.184219
0.196814
0.192347
0.192781
0.183518
0.175525
0.193790
0.171082
0.191668
0.193223
0.173867
0.189581
0.200829
0.175750
0.186679
0.198640
0.182884
0.181048
0.181063
0.191842
0.181916
0.183115
0.191538
0.187437
0.184814
0.183423
0.188458
0.185059
0.195405
0.171787
0.173052
0.184975
0.171889
0.204500
0.197765
0.210940
0.199132
0.182522
0.180663
0.185720
0.191419
0.201084
0.198115
0.197737
0.182543
0.188951
0.184717
0.179163
0.176593
0.173326
0.177734
0.177567
0.177521
0.180465
0.180224
0.180785
0.184846
0.193025
0.187602
0.199090
0.191643
0.181717
0.190129
0.187920
0.193618
0.194247
0.175791
0.172585
0.196416
0.173373
0.175825
0.186057
0.185747
0.176851
0.190252
0.204094
0.203773
0.188837
0.189063
0.189790
0.199390
0.188826
0.216767
0.189389
0.183941
0.182570
0.178514
0.186721
0.195351
0.179546
0.184259
0.212074
0.175824
0.169584
0.172716
0.194330
0.182186
0.173618
0.172153
0.170377
0.169910
0.172537
