0.00
0.80
0.64
0.73
0.58
0.79
0.66
0.56
0.70
0.57
0.54
0.58
0.64
0.57
0.61
0.61
0.61
0.72
0.67
0.54
0.69
0.62
0.57
0.61
0.64
0.60
0.56
0.61
0.59
0.59
0.54
0.71
0.65
0.55
0.61
0.57
0.55
0.55
0.61
0.47
0.56
0.73
0.62
0.63
0.67
0.65
0.66
0.70
0.59
0.65
0.68
0.58
0.73
0.68
0.57
0.63
0.65
0.74
0.72
0.74
0.63
0.80
0.76
0.74
0.81
0.79
0.83
0.82
0.84
0.86
0.86
0.86
0.86
0.85
0.83
0.85
0.87
0.84
0.86
0.84
0.82
0.87
0.81
0.84
0.79
0.66
0.75
0.69
0.76
0.50
0.46
0.57
0.43
0.33
0.68
0.41
0.65
0.34
0.55
0.55
0.35
0.24
0.35
0.20
0.32
0.20
0.18
0.05
0.02
0.07
0.22
0.34
0.34
0.27
0.27
0.37
0.34
0.47
0.21
0.43
0.57
0.42
0.53
0.34
0.40
0.32
0.37
0.27
0.37
0.52
0.43
0.41
0.24
0.06
0.05
0.44
0.44
0.44
0.45
0.38
0.34
0.45
0.27
0.26
0.36
0.43
0.46
0.62
0.42
0.49
0.42
0.45
0.50
0.38
0.39
0.37
0.48
0.51
0.50
0.41
0.46
0.58
0.53
0.53
0.47
0.46
0.37
0.27
0.17
0.05
0.12
0.27
0.13
0.03
0.05
0.30
0.13
0.03
0.01
0.01
0.61
0.73
0.64
0.66
0.68
0.63
0.63
0.65
0.56
0.77
0.72
0.59
0.49
0.65
0.61
0.62
0.51
0.56
0.52
0.60
