0.009696
0.181598
0.174687
0.179528
0.196132
0.178812
0.178423
0.176459
0.178633
0.181982
0.187157
0.204372
0.165956
0.175204
0.179399
0.180366
0.163870
0.170712
0.171751
0.178100
0.178554
0.170534
0.170063
0.179633
0.178798
0.166991
0.177433
0.167175
0.187710
0.176667
0.188810
0.173703
0.181562
0.171358
0.185300
0.169827
0.174432
0.170212
0.177129
0.177537
0.167980
0.179111
0.167768
0.176134
0.166344
0.174023
0.216233
0.199068
0.167142
0.177353
0.186211
0.180116
0.180873
0.175610
0.179862
0.182737
0.188722
0.167144
0.170383
0.187008
0.179146
0.166764
0.173239
0.174759
0.172194
0.171667
0.175471
0.165380
0.178504
0.167115
0.177563
0.169477
0.175270
0.165707
0.187366
0.164733
0.174184
0.192004
0.182501
0.174906
0.173444
0.172921
0.186008
0.164500
0.171023
0.172746
0.181959
0.169349
0.173960
0.171144
0.180899
0.162207
0.181608
0.171859
0.172350
0.223301
0.220030
0.172311
0.173393
0.177630
0.171248
0.185961
0.172349
0.180003
0.169025
0.174594
0.164866
0.164136
0.171740
0.163929
0.179379
0.186259
0.189547
0.182004
0.176386
0.160983
0.160085
0.160467
0.161813
0.186365
0.188531
0.194307
0.195932
0.182125
0.169685
0.167458
0.169116
0.172943
0.150019
0.162655
0.183180
0.166872
0.186273
0.185178
0.179284
0.164425
0.166222
0.172052
0.161384
0.161783
0.165481
0.179081
0.191788
0.177294
0.182073
0.162978
0.164066
0.173853
0.163702
0.164076
0.164178
0.161859
0.174146
0.162405
0.178847
0.170148
0.182761
0.180209
0.170021
0.160069
0.160634
0.161711
0.191252
0.188667
0.189375
0.193030
0.171743
0.154476
0.165721
0.165177
0.176679
0.179209
0.169149
0.171473
0.184062
0.184266
0.188408
0.178167
0.188900
0.190266
0.184785
0.196062
0.187716
0.164153
0.188895
0.179474
0.185288
0.192080
0.186883
0.206858
0.182746
0.181154
0.177517
0.176293
0.165740
0.166486
0.188337
0.163486
0.173621
0.168956
0.191388
0.181929
0.165830
0.175147
0.190279
0.185480
0.183645
0.178457
0.196432
0.171698
0.177099
0.166198
0.181603
0.166836
0.169389
0.171997
0.194222
0.170635
0.180917
0.185699
0.166346
0.219388
0.161724
0.171484
0.179828
0.187968
0.190304
0.183211
0.171640
0.177852
0.162885
0.190762
0.147976
0.146765
0.145409
0.155807
0.186871
0.179155
0.162012
0.154581
0.169675
0.165228
0.159248
0.167971
0.181739
0.179756
0.177873
0.184297
0.193576
0.178293
0.180261
0.182012
0.177203
0.190168
0.176873
0.179894
0.172459
0.180587
0.186433
0.186062
0.176152
0.188812
0.168200
0.179191
0.187140
0.175820
0.168979
0.183676
0.166780
0.167376
0.164414
0.178764
0.166624
0.176481
0.171942
0.163872
0.177862
0.191744
0.165022
0.181163
0.177440
0.181307
0.167134
0.177171
0.165357
0.166907
0.169096
0.173389
0.194555
0.175545
0.164528
0.164690
0.165546
0.178531
0.185152
0.197632
0.190032
0.174173
0.168338
0.161612
0.160895
0.160640
0.171616
0.184847
0.171774
0.177553
0.181582
0.160280
0.164778
0.166128
0.164711
0.159833
0.169612
0.161519
0.162423
0.180206
0.184454
0.183815
0.189628
0.176494
0.160732
0.170726
0.161150
0.185354
0.190535
0.182990
0.183617
0.182188
0.150640
0.157677
0.162146
0.162955
0.152023
0.161682
0.160747
0.166601
0.172398
0.201221
0.172608
0.181188
0.162642
0.162496
0.161934
0.178120
0.189718
0.182077
0.177937
0.180263
0.169125
0.168221
0.168083
0.166932
0.185296
0.169345
0.168750
0.165328
0.164638
0.171055
0.180123
0.179095
0.168796
0.168817
0.165849
0.165632
0.169484
0.173096
0.182683
0.170695
0.187551
0.167436
0.191569
0.163788
0.167979
0.173022
0.171873
0.187715
0.174639
0.181385
0.165660
0.183445
0.175747
0.188568
0.186541
0.179390
0.170951
0.174442
0.168347
0.176778
0.167816
0.174213
0.176146
0.183268
0.178137
0.170975
0.178088
0.167738
0.178572
0.164853
0.167977
0.173200
0.179122
0.179487
0.169782
0.176457
0.179165
0.176292
0.176287
0.171349
0.195471
0.188997
0.167010
0.179355
0.167196
0.188084
0.186128
0.175250
0.176547
0.181172
0.170020
0.176401
0.177081
0.167289
0.188112
0.176243
0.166767
0.178369
0.177316
0.167879
0.168251
0.171582
0.174890
0.177969
0.167477
0.179571
0.167471
0.165615
0.167213
0.171963
0.178157
0.179374
0.191802
0.168286
0.166687
0.168264
0.170681
0.185692
0.175321
0.178921
0.184199
0.187242
0.179992
0.189758
0.178700
0.183574
0.174217
0.171040
0.181209
0.178172
0.166105
0.167864
0.192626
0.168752
0.165278
0.166011
0.166385
0.165025
0.171979
0.166349
0.164795
0.166039
0.164109
0.165600
0.166535
0.169649
0.173534
0.175847
0.166334
0.167546
0.181935
0.170777
0.166129
0.165917
0.177545
0.173700
0.165742
0.165795
0.172923
0.163369
0.166796
0.165318
0.175399
0.168708
0.179194
0.165195
0.164167
0.169380
0.175861
0.175880
0.172091
0.164360
0.174763
0.166286
0.175923
0.165231
0.174190
0.176558
0.174721
0.176775
0.167171
0.186392
0.163816
0.162454
0.170344
0.166509
0.187243
0.167777
0.169037
0.179837
0.163660
0.163331
0.159392
0.172516
0.160273
0.169299
0.161345
0.162595
0.166080
0.157140
0.182805
0.172301
0.169185
0.166009
0.167149
0.166470
0.164117
0.176037
0.167404
0.181265
0.164156
0.168411
0.176412
0.177207
0.167805
0.164362
0.164831
0.174722
0.164589
0.184688
0.172935
0.167256
0.171320
0.167958
0.169756
0.176959
0.177814
0.180843
0.169448
0.186028
0.171017
0.176440
0.184639
0.178656
0.169658
0.181289
0.171325
0.176968
0.171879
0.164090
0.178906
0.179041
0.173318
0.180417
0.169099
0.169611
0.167733
0.162554
0.171753
0.176539
0.183535
0.174749
0.189615
0.195297
0.168984
0.173524
0.185136
0.162635
0.162437
0.162555
0.193380
0.178079
0.175006
0.170584
0.184193
0.179865
0.192371
0.178314
0.177983
0.185148
0.177772
0.178744
0.184895
0.187969
0.171502
0.183284
0.171549
0.180249
0.169433
0.179249
0.184127
0.182048
0.178663
0.180385
0.182817
0.188882
0.185287
0.190989
0.185213
0.189339
0.175552
0.177157
0.177812
0.177910
0.179651
0.171110
0.180810
0.185761
0.179636
0.169067
0.175792
0.181262
0.196181
0.177091
0.176114
0.180020
0.189308
0.182155
0.181697
0.197015
0.189766
0.187474
0.176781
0.180291
0.199713
0.181231
0.176032
0.188879
0.189068
0.181899
0.188446
0.178596
0.184094
0.186461
0.182447
0.182121
0.183749
0.184204
0.186279
0.183744
0.183008
0.184843
0.179726
0.177618
0.188525
0.174361
0.174831
0.184769
0.194613
0.176699
0.177209
0.174721
0.163076
0.193651
0.167408
0.176589
0.185261
0.181371
0.182751
0.188486
0.187573
0.189250
0.171494
0.167493
0.178743
0.186361
0.186234
0.172150
0.179147
0.184525
0.184551
0.184992
0.181925
0.189432
0.181586
0.194897
0.187913
0.172296
0.175597
0.180782
0.186421
0.191445
0.181976
0.180367
0.186628
0.182010
0.181818
0.199095
