0.010685
0.191528
0.174860
0.173537
0.173214
0.175057
0.186103
0.170949
0.173856
0.180943
0.173404
0.170453
0.172023
0.174989
0.173310
0.179881
0.172590
0.174091
0.171734
0.177952
0.176839
0.173281
0.180453
0.174117
0.171827
0.172604
0.171765
0.172432
0.183956
0.179625
0.191977
0.175128
0.182426
0.190501
0.176139
0.194459
0.179081
0.177560
0.193101
0.175524
0.178614
0.182703
0.177570
0.190370
0.173413
0.179973
0.182800
0.191015
0.195545
0.175777
0.184921
0.181379
0.181753
0.184242
0.192290
0.180669
0.180356
0.198879
0.178162
0.177438
0.179628
0.190577
0.179789
0.193292
0.172457
0.185054
0.176662
0.175913
0.190312
0.174786
0.191845
0.194748
0.192325
0.176448
0.186328
0.177437
0.173838
0.170033
0.180234
0.177347
0.179209
0.179739
0.167655
0.171704
0.180750
0.172588
0.172330
0.172106
0.171832
0.173071
0.175448
0.181009
0.169118
0.178083
0.175092
0.173078
0.172799
0.174586
0.167669
0.167855
0.168437
0.174528
0.171160
0.183044
0.176111
0.169719
0.169518
0.170008
0.180434
0.183917
0.199677
0.177482
0.181684
0.202040
0.174274
0.172126
0.173298
0.173565
0.173990
0.173269
0.177089
0.199910
0.176301
0.187159
0.181098
0.187801
0.170676
0.170581
0.169236
0.169507
0.166744
0.166880
0.171308
0.184659
0.174752
0.171922
0.178494
0.182193
0.174188
0.174153
0.173808
0.172338
0.168008
0.170367
0.172311
0.169843
0.180903
0.173211
0.179412
0.170525
0.174655
0.166993
0.175771
0.186741
0.169869
0.171669
0.182978
0.180830
0.180420
0.170950
0.178750
0.180554
0.173455
0.169446
0.183422
0.172408
0.170857
0.184310
0.193527
0.194895
0.173254
0.199771
0.174239
0.191965
0.188869
0.168012
0.174344
0.181392
0.176471
0.178361
0.174874
0.173273
0.175662
0.171588
0.181204
0.177579
0.171265
0.169345
0.171836
0.171379
0.182148
0.170224
0.181676
0.170650
0.197998
0.173929
0.177001
0.181149
0.194533
0.168405
