0.00
370.44
261.55
371.67
269.52
327.80
378.65
404.13
330.03
399.65
259.87
267.19
253.52
275.36
325.72
178.76
309.22
289.82
325.64
318.19
366.01
247.70
308.14
295.22
397.52
407.81
429.84
254.44
345.55
321.49
424.86
391.64
260.84
300.88
375.85
254.68
331.34
306.42
328.40
305.45
340.73
229.52
257.69
262.82
265.84
211.05
347.27
247.98
330.45
259.88
262.70
399.66
253.05
342.64
298.57
318.62
305.48
271.12
325.46
240.63
279.38
200.85
259.87
261.19
268.53
205.68
247.95
207.57
285.39
270.53
253.67
287.37
176.37
265.90
259.05
258.21
242.48
176.39
193.59
238.52
279.28
321.34
217.51
189.47
158.61
114.09
132.23
233.90
233.91
304.96
129.59
230.81
190.77
281.20
180.18
265.80
207.70
260.85
163.94
152.50
132.16
206.09
284.75
239.28
165.52
179.40
220.24
196.66
204.72
202.81
231.83
223.05
205.09
205.58
244.82
121.20
196.35
195.11
195.87
213.29
235.07
175.51
243.05
152.43
207.51
199.16
161.36
249.85
214.95
105.63
144.49
106.16
71.17
113.30
138.77
151.03
143.14
131.67
108.89
233.21
169.13
145.48
139.93
136.32
172.39
177.02
145.47
107.01
104.42
238.63
145.83
72.85
73.06
142.97
160.19
148.93
98.92
120.56
74.40
208.23
143.48
125.76
149.04
153.96
139.64
92.46
86.50
291.43
174.05
146.87
158.08
240.41
269.78
133.10
130.41
190.83
263.59
208.39
156.59
250.41
227.84
195.54
233.45
227.31
186.42
226.55
219.59
143.76
217.24
135.99
119.80
211.01
295.74
218.64
195.81
209.16
219.06
250.01
237.09
274.93
98.59
175.28
189.18
237.27
277.41
239.47
219.66
199.28
287.22
271.03
241.50
285.52
240.08
197.61
257.98
266.17
305.68
219.29
277.62
252.83
192.36
243.22
249.50
247.54
263.37
215.91
262.71
196.23
188.53
217.52
148.47
191.19
183.25
212.49
250.31
199.77
290.67
234.82
247.60
235.68
248.65
241.06
297.69
267.18
213.03
210.72
268.91
194.15
297.14
214.40
248.09
207.47
191.34
190.36
204.69
237.96
238.74
292.96
234.52
188.91
133.27
99.18
200.48
184.62
176.40
287.49
255.72
152.06
88.88
104.21
190.74
255.08
244.43
153.61
184.71
167.42
109.13
159.78
167.41
126.69
211.57
98.10
164.38
272.28
207.18
354.76
117.40
162.93
198.99
206.44
356.56
265.06
210.75
281.56
247.12
256.66
240.25
115.50
158.32
230.40
147.71
239.19
152.84
228.03
217.25
161.99
163.15
239.29
165.75
209.60
164.32
158.29
133.85
199.60
214.64
219.16
129.95
135.52
150.88
