0.034430
0.178550
0.170538
0.169465
0.163234
0.165812
0.174250
0.175228
0.179334
0.174656
0.172568
0.166678
0.180808
0.180387
0.183862
0.178590
0.190806
0.173714
0.194925
0.167269
0.180996
0.169246
0.182934
0.195547
0.177629
0.180370
0.170673
0.168714
0.171111
0.184052
0.181263
0.179535
0.182288
0.182599
0.177313
0.170383
0.181305
0.185516
0.174598
0.191490
0.179695
0.177943
0.184161
0.176296
0.183486
0.171188
0.171528
0.181588
0.181181
0.180981
0.176126
0.181918
0.176240
0.185988
0.176370
0.190767
0.197335
0.183085
0.172508
0.180485
0.176255
0.194364
0.198276
0.175010
0.182922
0.179329
0.184181
0.182947
0.178549
0.172727
0.169066
0.186045
0.183837
0.168213
0.181206
0.173516
0.177361
0.183906
0.173869
0.177481
0.181144
0.175112
0.176044
0.171592
0.166805
0.191375
0.177363
0.182940
0.185752
0.176537
0.173516
0.172490
0.181654
0.186215
0.181050
0.179371
0.186628
0.192569
0.184825
0.191688
0.188765
0.180071
0.179928
0.180512
0.177176
0.170235
0.173465
0.168125
0.179961
0.175128
0.170555
0.168992
0.168936
0.167328
0.166652
0.170070
0.168376
0.170427
0.170429
0.167362
0.168570
0.174103
0.172514
0.171412
0.176385
0.168936
0.167548
0.171829
0.174809
0.168649
0.169879
0.179500
0.172163
0.175235
0.168535
0.163141
0.172293
0.163950
0.172012
0.179083
0.165383
0.173943
0.169817
0.165013
0.185258
0.171446
0.173581
0.181873
0.177326
0.161728
0.169853
0.177896
0.173782
0.171582
0.175019
0.178417
0.176308
0.175611
0.176096
0.165493
0.166540
0.170963
0.175068
0.175025
0.164374
0.140803
0.153652
0.129628
0.130543
0.169458
0.169666
0.171929
0.171977
0.151419
0.160693
0.160636
0.163444
0.174217
0.174269
0.163373
0.164302
0.164668
0.167980
0.166071
0.166105
0.167274
0.169840
0.165974
0.168805
0.167061
0.171534
0.164625
0.165330
0.167078
0.165599
0.167037
0.174745
0.165863
0.174753
0.171863
0.162020
0.174357
0.176514
0.178049
0.170517
0.172237
0.169043
0.183518
0.173140
0.164231
0.181567
0.173731
0.174220
0.161951
0.169833
0.173281
0.162478
0.164257
0.179643
0.168312
0.169154
0.178578
0.166853
0.167982
0.164510
0.177347
0.168051
0.168340
0.169354
0.174200
0.183327
0.174033
0.169551
0.181697
0.160614
0.164027
0.160010
0.189583
0.171495
0.177836
0.167614
0.191521
0.188807
0.179909
0.180666
0.178145
0.179871
0.189856
0.181450
0.183226
0.167799
0.173550
0.171182
0.174642
0.182043
0.171408
0.177944
0.189679
0.181390
0.175030
0.177926
0.181911
0.198210
0.181544
0.184144
0.187176
0.184694
0.177026
0.174766
0.177799
0.176350
0.186310
0.167116
0.182840
0.196413
0.168239
0.165058
0.169291
0.168303
0.194583
0.175020
0.198808
0.176569
0.177011
0.194383
0.184980
0.196368
0.192854
0.173066
0.177211
0.176000
0.197129
0.177466
0.180846
0.188148
0.186291
0.182574
0.187396
0.190143
0.185103
0.180094
0.183886
0.177530
0.190830
0.179907
0.184700
0.180128
0.185424
0.184554
0.173764
0.186749
0.176143
0.174530
0.180797
0.190916
0.202868
0.202285
0.194322
0.180273
0.205887
0.197004
0.188762
0.192945
0.185707
0.184640
0.183406
0.173140
0.187294
0.182617
0.173047
0.181080
0.186570
0.187446
0.181718
0.178326
0.192230
0.195762
0.177525
0.196835
0.196576
0.176461
0.201249
0.177448
0.176963
0.187595
0.183490
0.184242
0.186840
0.185475
0.188381
0.185824
0.181302
0.190079
0.179251
0.179164
0.183679
0.189955
0.169767
0.170121
