0.00
0.92
0.92
0.90
0.90
0.88
0.89
0.89
0.88
0.88
0.88
0.87
0.87
0.87
0.85
0.88
0.87
0.85
0.86
0.85
0.88
0.88
0.85
0.84
0.85
0.86
0.82
0.85
0.88
0.83
0.87
0.86
0.86
0.85
0.85
0.86
0.86
0.86
0.87
0.86
0.86
0.84
0.87
0.78
0.87
0.85
0.86
0.87
0.82
0.86
0.87
0.83
0.85
0.84
0.84
0.85
0.86
0.85
0.88
0.84
0.86
0.87
0.86
0.83
0.84
0.84
0.84
0.88
0.83
0.84
0.86
0.83
0.87
0.88
0.86
0.86
0.83
0.87
0.85
0.84
0.86
0.85
0.86
0.84
0.84
0.81
0.86
0.85
0.80
0.86
0.79
0.83
0.81
0.85
0.86
0.86
0.84
0.86
0.84
0.84
0.85
0.83
0.83
0.84
0.80
0.79
0.76
0.81
0.75
0.82
0.82
0.81
0.83
0.86
0.84
0.73
0.81
0.84
0.83
0.81
0.82
0.85
0.78
0.81
0.82
0.85
0.82
0.83
0.68
0.79
0.81
0.82
0.73
0.83
0.81
0.76
0.74
0.83
0.83
0.81
0.65
0.80
0.78
0.80
0.75
0.79
0.67
0.65
0.70
0.62
0.75
0.68
0.77
0.72
0.79
0.62
0.83
0.70
0.75
0.71
0.69
0.74
0.65
0.71
0.74
0.75
0.76
0.71
0.81
0.71
0.73
0.79
0.80
0.79
0.78
0.74
0.73
0.76
0.77
0.64
0.77
0.67
0.77
0.79
0.80
0.73
0.76
0.79
0.76
0.80
0.76
0.76
0.79
0.75
0.76
0.76
0.74
0.72
0.76
0.80
0.79
0.78
0.56
0.65
0.78
0.74
0.68
0.75
0.74
0.77
0.72
0.75
0.70
0.78
0.71
0.74
0.74
0.76
0.56
0.75
0.41
0.74
0.62
0.68
0.68
0.72
0.67
0.74
0.67
0.75
0.71
0.72
0.73
0.44
0.65
0.65
0.72
0.18
0.68
0.61
0.77
0.71
0.67
0.70
0.74
0.66
0.68
0.73
0.69
0.24
0.73
0.64
0.64
0.72
0.73
0.71
0.70
0.76
0.65
0.59
0.74
0.71
0.33
0.73
0.59
0.22
0.09
0.73
0.48
0.31
0.69
0.66
0.58
0.15
0.04
0.13
0.50
0.63
0.75
0.68
0.51
0.64
0.68
0.63
0.72
0.75
0.71
0.17
0.66
0.57
0.58
0.71
0.74
0.65
0.63
