0.00
329.77
394.92
349.46
393.67
376.52
383.02
395.68
416.16
405.96
426.70
394.98
371.21
398.50
451.75
417.59
395.86
421.83
354.03
402.82
418.98
442.87
450.00
405.43
456.44
419.31
411.66
381.90
437.31
405.12
390.86
438.64
436.25
423.23
391.69
459.33
422.86
412.50
441.04
432.52
443.16
404.64
456.46
442.41
456.09
428.79
429.69
432.22
436.07
401.89
440.03
412.10
453.00
458.60
441.36
429.67
437.40
440.46
444.87
402.74
407.32
430.36
445.59
416.25
427.64
411.86
422.92
416.40
451.05
410.52
408.41
419.07
453.61
396.06
422.02
454.82
433.01
420.47
391.89
413.20
411.85
424.16
440.97
403.27
284.49
436.77
379.11
365.32
225.38
365.00
339.55
254.89
269.09
325.44
383.49
326.04
327.61
324.02
381.20
421.61
385.58
447.66
232.25
328.21
269.50
307.52
375.71
321.67
259.83
355.97
243.03
355.54
317.23
366.84
392.21
454.98
388.44
440.16
384.95
402.57
331.03
406.70
304.57
410.87
307.72
363.58
335.62
289.14
244.79
264.59
323.79
224.62
265.80
372.22
269.34
260.04
396.31
370.84
417.46
298.36
278.98
287.51
330.89
212.55
282.01
365.18
327.94
244.96
316.26
372.68
313.78
324.05
368.41
240.79
231.49
409.25
411.27
392.02
238.50
304.33
281.28
306.31
321.45
305.96
277.61
384.47
381.96
394.00
350.74
370.06
367.32
279.03
306.92
294.34
268.37
327.62
226.61
304.24
383.54
365.28
378.53
365.87
280.13
344.45
339.16
249.26
360.09
221.21
233.71
310.05
335.30
326.74
224.62
306.28
303.64
325.92
337.99
309.67
345.04
358.57
349.24
319.09
264.65
334.91
258.64
361.22
271.42
285.60
301.96
369.77
348.10
379.52
349.90
288.86
319.89
358.84
221.64
297.08
385.71
222.14
266.34
240.46
240.73
297.55
223.56
214.37
233.30
224.07
275.93
240.06
258.39
313.81
275.79
350.98
295.16
381.67
316.68
367.44
292.17
349.48
349.11
332.19
371.02
357.76
369.96
333.58
347.37
363.10
327.37
360.74
320.47
237.17
346.31
299.84
355.67
216.91
282.28
291.94
303.71
329.17
243.90
248.16
195.43
277.93
237.75
314.82
278.61
291.27
327.35
245.95
309.03
341.50
279.89
280.72
315.05
247.70
339.19
272.48
296.15
288.84
300.85
263.75
294.97
221.79
327.85
287.55
226.08
216.45
279.81
249.02
251.34
279.61
247.91
240.44
212.98
319.48
260.73
249.38
293.33
219.87
231.05
253.01
296.87
280.17
327.21
257.83
303.20
241.45
271.15
254.47
239.43
291.05
302.13
218.64
271.12
282.98
307.06
214.65
308.35
233.93
259.10
297.87
221.99
315.02
290.27
219.62
332.52
258.32
253.64
297.79
307.93
296.26
299.46
279.47
294.11
218.32
296.99
293.48
313.74
325.91
307.61
344.13
317.72
341.47
321.79
288.37
291.62
264.26
327.67
265.01
279.47
309.22
308.89
278.62
309.04
263.31
298.02
291.09
294.22
327.48
260.83
303.78
236.09
327.47
274.42
246.23
282.66
272.38
250.82
299.07
275.18
294.52
283.90
273.06
310.58
320.68
262.33
318.99
301.24
274.41
309.60
312.76
318.17
231.24
322.85
300.82
314.49
311.01
308.75
318.58
292.19
338.77
321.36
232.95
299.20
338.26
297.67
328.52
311.44
357.93
281.08
301.18
283.07
303.76
295.31
333.14
336.03
324.76
320.50
272.35
250.61
310.20
335.47
283.54
268.98
333.01
368.50
239.18
305.25
282.07
294.85
290.49
320.78
232.50
350.01
294.62
290.79
340.98
316.24
285.02
330.84
321.73
349.03
292.64
282.01
326.07
181.48
255.27
235.32
324.85
320.71
254.39
257.13
227.55
331.29
247.81
282.67
278.20
268.81
249.06
281.97
240.04
322.99
315.47
344.06
303.18
292.93
306.75
247.78
286.35
353.89
315.84
223.85
300.02
308.46
250.88
320.57
383.87
335.27
244.25
234.71
344.60
290.62
312.34
264.25
262.28
260.63
239.47
262.62
337.69
208.42
257.13
299.40
261.32
265.73
336.57
221.33
333.59
304.04
244.45
311.70
293.88
262.46
269.94
314.09
256.76
296.24
281.23
268.28
240.27
296.45
