0.00
0.62
0.70
0.64
0.68
0.66
0.66
0.67
0.70
0.69
0.71
0.69
0.66
0.69
0.74
0.70
0.68
0.72
0.64
0.68
0.71
0.74
0.74
0.69
0.75
0.70
0.70
0.67
0.72
0.68
0.68
0.73
0.71
0.71
0.68
0.75
0.73
0.70
0.74
0.72
0.73
0.70
0.74
0.75
0.75
0.72
0.72
0.71
0.73
0.69
0.72
0.70
0.74
0.75
0.73
0.71
0.71
0.71
0.73
0.67
0.70
0.72
0.73
0.69
0.70
0.69
0.70
0.69
0.73
0.69
0.69
0.71
0.74
0.70
0.71
0.74
0.73
0.72
0.69
0.71
0.71
0.72
0.75
0.70
0.59
0.73
0.67
0.67
0.52
0.66
0.62
0.55
0.57
0.61
0.67
0.62
0.62
0.62
0.66
0.71
0.67
0.73
0.51
0.61
0.55
0.60
0.67
0.61
0.54
0.64
0.52
0.63
0.61
0.64
0.62
0.73
0.66
0.71
0.68
0.67
0.61
0.69
0.59
0.68
0.61
0.62
0.61
0.58
0.52
0.57
0.60
0.51
0.57
0.66
0.56
0.54
0.69
0.65
0.70
0.58
0.56
0.57
0.61
0.50
0.56
0.63
0.57
0.51
0.56
0.57
0.51
0.52
0.55
0.44
0.44
0.60
0.64
0.62
0.51
0.56
0.53
0.58
0.57
0.56
0.55
0.64
0.65
0.66
0.62
0.63
0.64
0.58
0.58
0.58
0.57
0.61
0.53
0.60
0.68
0.65
0.65
0.64
0.58
0.63
0.62
0.55
0.64
0.52
0.53
0.60
0.60
0.61
0.51
0.57
0.57
0.58
0.59
0.58
0.59
0.62
0.61
0.59
0.54
0.61
0.54
0.63
0.57
0.58
0.59
0.66
0.62
0.67
0.65
0.60
0.63
0.66
0.53
0.60
0.68
0.52
0.57
0.53
0.53
0.58
0.52
0.51
0.52
0.51
0.57
0.53
0.54
0.60
0.57
0.64
0.60
0.65
0.55
0.64
0.58
0.63
0.59
0.60
0.64
0.62
0.64
0.62
0.65
0.64
0.61
0.65
0.61
0.52
0.65
0.57
0.65
0.50
0.58
0.60
0.59
0.62
0.55
0.55
0.49
0.58
0.53
0.60
0.58
0.58
0.60
0.52
0.58
0.59
0.53
0.53
0.57
0.51
0.59
0.56
0.56
0.55
0.57
0.50
0.53
0.46
0.54
0.53
0.49
0.49
0.52
0.49
0.52
0.54
0.51
0.50
0.47
0.59
0.53
0.52
0.56
0.50
0.51
0.53
0.56
0.54
0.57
0.51
0.56
0.49
0.52
0.49
0.48
0.53
0.54
0.46
0.50
0.54
0.57
0.47
0.58
0.47
0.51
0.53
0.46
0.54
0.54
0.47
0.61
0.50
0.50
0.58
0.59
0.57
0.60
0.57
0.58
0.49
0.61
0.59
0.61
0.60
0.60
0.62
0.60
0.62
0.62
0.57
0.60
0.56
0.61
0.55
0.57
0.56
0.60
0.57
0.56
0.55
0.56
0.58
0.57
0.58
0.55
0.57
0.51
0.56
0.57
0.54
0.60
0.54
0.53
0.59
0.57
0.60
0.58
0.57
0.60
0.59
0.58
0.59
0.56
0.57
0.60
0.58
0.58
0.53
0.59
0.60
0.58
0.58
0.55
0.58
0.56
0.58
0.54
0.50
0.57
0.59
0.52
0.56
0.48
0.58
0.52
0.56
0.55
0.39
0.54
0.56
0.54
0.53
0.56
0.55
0.50
0.30
0.46
0.38
0.44
0.44
0.51
0.48
0.41
0.52
0.54
0.51
0.49
0.30
0.53
0.56
0.54
0.54
0.51
0.50
0.47
0.45
0.58
0.57
0.57
0.61
0.45
0.55
0.52
0.60
0.60
0.53
0.53
0.50
0.60
0.53
0.57
0.54
0.55
0.53
0.55
0.50
0.59
0.60
0.60
0.58
0.54
0.58
0.53
0.55
0.59
0.58
0.50
0.59
0.59
0.52
0.57
0.61
0.59
0.51
0.52
0.59
0.56
0.56
0.53
0.54
0.52
0.50
0.54
0.58
0.49
0.53
0.55
0.52
0.50
0.55
0.45
0.47
0.47
0.42
0.40
0.39
0.37
0.36
0.35
0.33
0.34
0.33
0.34
0.31
0.33
