0.009144
0.165560
0.158564
0.176220
0.162330
0.166087
0.182918
0.192140
0.189399
0.173639
0.174393
0.159775
0.160385
0.181409
0.183589
0.184838
0.177619
0.189384
0.169931
0.149259
0.159605
0.163874
0.156489
0.170085
0.160882
0.172050
0.192992
0.180243
0.187656
0.188867
0.183593
0.158235
0.158845
0.165608
0.187390
0.173994
0.173936
0.183355
0.160129
0.166165
0.187953
0.175099
0.158818
0.164026
0.174373
0.180374
0.177520
0.175131
0.174707
0.175042
0.184259
0.190061
0.183189
0.175714
0.180594
0.169450
0.175352
0.187071
0.177572
0.183355
0.176822
0.167336
0.181396
0.165169
0.170786
0.169927
0.173536
0.173687
0.168128
0.180022
0.179798
0.171543
0.174534
0.186180
0.175838
0.169500
0.182204
0.169409
0.172712
0.171594
0.172047
0.173489
0.165273
0.168300
0.171627
0.167987
0.184865
0.176812
0.176294
0.174595
0.163799
0.174625
0.170476
0.180442
0.174817
0.170506
0.162479
0.179869
0.173386
0.164443
0.174757
0.171944
0.169862
0.176500
0.178180
0.166123
0.174655
0.178919
0.174802
0.177272
0.181244
0.181854
0.180757
0.185091
0.172492
0.199268
0.171758
0.179382
0.174308
0.180423
0.168929
0.166922
0.177115
0.181712
0.172718
0.168589
0.175167
0.175386
0.178015
0.185054
0.163952
0.175712
0.175118
0.171263
0.174529
0.194017
0.174640
0.166371
0.180999
0.180524
0.172764
0.179160
0.184491
0.182302
0.171076
0.181922
0.165660
0.177835
0.168503
0.171774
0.176309
0.178937
0.171705
0.183065
0.173396
0.173147
0.186956
0.175438
0.172664
0.166179
0.169805
0.173227
0.178129
0.170782
0.171968
0.173918
0.178925
0.175640
0.174717
0.175913
0.170685
0.181714
0.173551
0.167471
0.180103
0.179944
0.182810
0.177262
0.171211
0.167637
0.169529
0.181051
0.175144
0.169515
0.177454
0.176498
0.186049
0.177259
0.171587
0.182921
0.182307
0.178180
0.178668
0.177865
0.166764
0.167521
0.174524
0.172041
0.178803
0.177956
0.176210
0.174871
0.184148
0.168701
0.173815
0.172984
0.179996
0.176168
0.179481
0.173202
0.176321
0.181748
0.188399
0.315918
0.166794
0.199396
0.165274
0.187223
0.190251
0.176907
0.180627
0.179650
0.177461
0.184586
0.173374
0.190108
0.172527
0.180140
0.183232
0.176441
0.174673
0.193492
0.165422
0.189523
0.162145
0.176233
0.171012
0.173205
0.178792
0.177084
0.218559
0.190421
0.171078
0.184324
0.180135
0.174644
0.177644
0.174671
0.178104
0.174585
0.168497
0.174909
0.167083
0.183090
0.165762
0.168372
0.171848
0.173707
0.185271
0.169857
0.177600
0.169390
0.180993
0.169396
0.161390
0.170333
0.164378
0.176677
0.180277
0.180397
0.161596
0.171154
0.173991
0.171268
0.166735
0.164408
0.162472
0.167726
0.153358
0.155190
0.166460
0.156647
0.164805
0.158325
0.159164
0.168266
0.148951
0.165880
0.170119
0.180616
0.176881
0.172560
0.181254
0.181473
0.166737
0.185977
0.162778
0.162959
0.170114
0.175013
0.177485
0.170468
0.164508
0.171755
0.170823
0.177290
0.180343
0.185744
0.177050
0.178038
0.183578
0.174746
0.180811
0.180180
0.182679
0.172865
0.166470
0.147064
0.159430
0.151333
0.153426
0.159611
0.166259
0.159948
0.145821
0.153325
0.171862
0.169190
0.176119
0.166299
0.178991
0.167483
0.174230
0.177138
0.162278
0.175283
0.170433
0.171276
0.179229
0.173567
0.175198
0.177706
0.166579
0.179011
0.174377
0.171131
0.176777
0.174667
0.184779
0.162977
0.170774
0.174529
0.171822
0.176346
0.169289
0.183319
0.173548
0.171288
0.171947
0.175358
0.171255
0.164932
0.165968
0.179628
0.165096
0.181401
0.165574
0.178287
0.168982
0.162714
0.161649
0.179424
0.184205
0.169697
0.166663
0.178369
0.176520
0.168661
0.170753
0.169420
0.176535
0.176628
0.165610
0.178454
0.168537
0.182519
0.181663
0.180556
0.181113
0.175259
0.173299
0.166989
0.182006
0.177584
0.177066
0.162458
0.172165
0.160456
0.167795
0.170071
0.176449
0.183489
0.199159
0.173231
0.169067
0.170369
0.165169
0.187725
0.186569
0.185212
0.174676
0.174260
0.175064
0.163846
0.163614
0.162052
0.172930
0.163106
0.172338
0.170116
0.186978
0.175173
0.186912
0.184159
0.161630
0.178452
0.168192
0.209671
0.179033
0.204792
0.188842
0.189436
0.165878
0.166829
0.165538
0.172226
0.173496
0.162590
0.169933
0.183760
0.182058
0.189373
0.188015
0.173404
0.160228
0.161819
0.158203
0.182101
0.177754
0.171239
0.193222
0.169844
0.154607
0.160033
0.176295
0.180920
0.168928
0.173916
0.178082
0.170689
0.172669
0.173898
0.172859
0.170486
0.174683
0.182889
0.187276
0.205666
0.171245
0.184550
0.177928
0.188103
0.180811
0.168057
0.185189
0.163140
0.167750
0.182868
0.170557
0.177255
0.165266
0.177355
0.173162
0.186735
0.173399
0.180958
0.173287
0.165636
0.175963
0.174653
0.178249
0.172896
0.179878
0.171244
0.174256
0.166749
0.168384
0.170609
0.170512
0.172657
0.165638
0.230307
0.194151
0.173287
0.176095
0.186730
0.180537
0.175469
0.172488
0.189316
0.163898
0.184657
0.172685
0.177006
0.174297
0.168720
0.174873
0.185394
0.163586
0.173930
0.176672
0.164141
0.163727
0.168538
0.166193
0.173491
0.173140
0.166491
0.163767
0.175251
0.179041
0.176735
0.194339
0.184824
0.171161
0.166162
0.164061
0.172502
0.177792
0.174279
0.163457
0.180538
0.165216
0.181609
0.164313
0.173720
0.171700
0.173595
0.171764
0.167526
0.222575
0.224733
0.179682
0.167963
0.174239
0.167300
0.195156
0.166639
0.167321
0.176583
0.167898
