0.00
359.71
419.00
451.11
429.05
458.99
387.38
452.21
388.16
410.18
457.81
311.39
463.04
410.94
458.86
343.08
416.66
475.46
334.78
438.52
412.53
384.36
361.95
464.15
351.62
423.13
407.06
146.68
17.57
370.64
84.82
226.91
208.95
170.34
233.55
86.16
108.75
36.04
497.30
244.82
270.48
368.98
350.51
419.15
256.92
390.70
393.16
396.26
393.28
388.40
352.88
368.48
366.28
421.80
355.33
406.69
361.26
391.60
329.53
365.00
377.51
406.52
392.79
411.45
363.44
425.67
372.10
354.07
405.77
376.70
388.58
369.64
397.76
369.09
426.74
385.38
348.50
329.59
366.04
397.47
315.65
328.17
