613	369	19	27
613	366	18	26
614	365	18	26
614	363	19	27
615	362	18	26
616	361	19	27
616	359	19	26
616	358	19	26
617	357	19	26
617	355	20	26
618	355	19	26
618	353	20	26
618	353	19	26
620	352	19	25
619	350	20	26
620	349	19	25
622	348	19	26
621	348	20	25
621	346	20	25
622	345	20	25
623	344	20	25
623	343	21	25
625	342	20	25
624	341	21	25
625	340	21	25
627	339	20	24
626	338	22	25
626	337	21	25
628	336	21	25
628	336	21	24
629	335	22	24
629	334	22	24
630	333	21	24
630	332	22	24
632	331	21	24
632	329	22	24
632	329	22	24
634	328	22	23
634	328	22	23
634	327	22	24
637	326	21	23
637	325	22	23
637	324	23	23
638	324	22	22
639	323	22	22
640	321	23	22
640	322	23	22
640	320	24	22
642	320	24	23
642	319	24	22
644	318	23	21
643	318	24	22
645	318	24	21
644	316	25	22
646	316	23	21
647	315	25	21
646	315	25	20
648	314	24	20
649	314	24	20
649	314	25	20
651	313	24	21
652	312	25	20
652	312	25	20
653	311	25	20
654	311	25	19
655	311	25	19
656	310	26	19
657	310	25	18
657	309	26	19
658	309	26	18
658	308	26	18
660	308	25	18
661	308	26	18
661	307	26	18
662	307	26	18
663	306	26	18
664	307	26	18
665	305	26	18
665	306	25	18
666	307	25	17
666	305	27	18
668	305	27	17
668	304	27	17
668	304	29	18
669	305	28	17
671	304	26	17
672	305	26	16
672	304	27	16
674	303	25	16
675	303	26	17
674	299	29	24
675	300	30	20
677	301	27	20
679	302	26	17
684	298	30	29
680	302	28	17
682	300	28	22
683	302	28	16
683	299	27	22
683	296	32	28
684	300	36	29
680	294	42	36
678	300	37	22
687	302	25	16
688	294	27	28
684	266	34	33
700	252	43	32
687	299	40	21
687	299	31	24
687	298	35	24
690	300	31	18
684	270	36	33
680	270	43	38
690	291	50	42
686	292	43	35
688	299	41	26
695	241	58	49
684	298	71	41
689	294	49	34
672	262	50	46
698	256	78	76
679	231	100	113
515	146	230	246
489	0	159	212
631	0	222	221
462	271	213	256
298	60	280	258
480	0	155	182
449	52	168	159
483	318	148	125
365	203	139	172
484	345	131	102
538	201	148	170
654	61	203	160
650	0	194	202
535	18	79	140
475	48	169	167
166	21	329	266
195	75	207	182
207	69	162	179
528	6	93	113
692	12	105	112
750	45	147	148
528	0	94	129
510	36	186	168
666	0	259	317
472	0	155	261
395	248	352	291
367	31	355	429
451	0	207	322
469	0	153	210
243	92	132	107
240	128	59	50
252	130	35	28
256	133	28	22
256	133	29	21
256	134	29	22
258	134	28	21
259	134	28	21
258	135	28	21
258	134	28	21
258	134	29	22
258	135	29	22
261	135	27	21
261	135	27	22
261	135	27	21
262	136	26	21
260	135	29	21
261	136	27	22
262	136	27	21
262	136	27	21
262	136	28	21
264	136	27	21
263	136	28	22
264	136	28	22
263	136	28	22
264	137	28	20
264	137	28	21
265	137	27	21
265	137	27	21
266	137	26	21
267	138	26	21
266	137	28	20
265	138	28	22
266	138	27	21
267	137	27	22
268	138	26	21
269	138	26	21
270	138	26	20
269	139	25	20
270	139	26	21
269	139	26	21
270	139	26	21
271	140	25	21
271	140	26	21
270	140	27	22
271	140	26	21
272	141	25	21
272	140	25	20
271	140	26	21
273	141	26	21
273	141	26	22
272	141	27	22
272	141	27	22
273	141	26	21
274	141	26	21
274	141	26	23
274	142	26	20
273	142	28	23
274	142	26	23
275	142	27	21
276	142	26	22
276	143	27	23
276	143	26	20
276	142	28	23
277	142	25	22
277	142	26	23
277	143	26	22
278	143	25	21
278	144	25	21
278	144	26	21
279	144	25	20
279	143	25	21
279	144	25	21
279	144	25	21
278	144	26	21
280	145	25	22
281	144	25	19
280	145	24	21
280	145	25	21
280	144	26	20
281	145	25	21
281	145	25	21
281	144	25	23
281	145	25	22
282	145	25	20
282	146	24	20
282	146	25	20
283	146	25	20
281	146	25	20
282	146	25	20
283	145	25	21
283	146	25	20
284	147	25	20
284	146	25	20
284	146	25	21
284	146	25	21
285	147	24	20
284	147	24	19
285	146	24	20
285	146	24	20
285	147	24	20
285	147	24	20
285	147	24	20
285	147	24	20
286	147	24	20
285	147	25	20
286	147	25	21
286	147	24	21
286	148	24	19
287	148	24	20
286	147	24	20
287	147	24	22
286	146	25	22
287	147	25	21
287	147	24	21
287	148	24	20
287	148	25	20
287	147	25	21
288	149	25	20
287	148	24	19
288	149	25	20
287	149	24	20
287	148	25	20
288	148	25	19
289	149	24	20
288	148	25	22
288	149	24	21
289	149	24	21
289	149	25	22
289	150	24	21
290	150	24	21
289	150	24	19
289	150	24	21
290	150	24	20
289	150	24	20
289	149	24	21
290	150	24	21
290	150	24	20
291	150	24	20
291	149	24	20
290	150	24	20
290	150	24	21
290	149	24	21
290	150	24	21
290	150	24	20
291	150	24	21
291	151	24	22
290	150	24	19
291	151	25	21
291	150	25	20
291	150	24	21
292	151	25	21
291	150	24	20
292	150	24	21
291	150	25	21
292	150	24	21
292	150	24	21
292	150	24	20
292	151	23	20
292	151	24	20
292	151	24	21
292	151	24	22
293	152	23	20
293	152	23	20
292	151	24	20
292	152	24	20
293	152	24	21
292	150	24	22
293	151	25	22
292	151	24	20
293	150	23	21
293	151	23	20
293	151	24	21
293	151	24	20
294	151	24	21
293	152	24	20
294	151	24	21
294	151	24	19
294	152	23	21
293	151	23	20
293	151	24	20
293	151	24	21
294	151	24	20
294	151	23	22
294	151	23	20
294	151	24	21
294	151	24	21
294	152	24	21
294	151	24	21
294	152	23	20
294	152	24	22
294	152	24	20
294	152	24	21
294	152	23	20
294	152	24	21
294	152	24	21
294	152	24	22
294	151	24	21
295	151	24	22
294	153	23	21
294	152	24	20
295	152	24	21
294	152	24	20
295	152	24	21
295	153	23	20
295	152	23	20
295	153	23	20
295	152	23	19
295	152	24	20
294	152	25	20
295	153	24	21
294	152	24	19
295	152	24	20
295	153	23	20
295	152	24	21
294	152	24	20
294	153	24	20
294	152	24	20
294	151	24	21
295	152	23	21
294	152	24	20
295	152	24	21
295	152	24	21
294	152	23	20
294	152	23	19
294	151	23	20
294	150	24	22
295	151	24	20
294	151	24	21
293	151	24	21
294	152	24	20
294	151	24	20
294	152	24	20
293	151	24	21
293	151	23	21
293	151	25	21
292	151	23	20
293	152	24	21
293	152	24	20
293	151	24	21
292	151	23	20
292	150	25	22
291	150	24	20
291	150	25	22
291	149	24	21
290	151	24	21
290	151	24	21
289	150	24	20
290	149	25	21
290	149	24	21
290	149	25	23
289	150	25	20
290	149	24	23
290	149	24	20
289	149	25	22
288	149	25	20
288	149	24	20
288	148	24	20
289	147	24	20
288	147	24	21
288	147	25	21
287	148	25	20
287	147	25	21
287	146	25	22
287	146	24	21
287	147	24	21
286	147	24	20
286	146	24	20
287	147	24	19
287	147	24	21
286	146	24	20
286	146	24	21
286	147	23	19
285	146	24	21
285	147	25	21
284	145	25	21
284	147	24	19
284	145	24	22
284	146	24	20
282	144	25	23
282	144	26	21
283	145	25	21
284	146	24	20
283	145	24	21
282	146	24	20
283	146	24	21
282	145	24	20
281	145	25	21
281	145	25	21
281	146	25	21
281	146	25	20
281	145	24	21
281	145	25	21
280	144	24	20
281	144	24	20
281	146	25	21
280	144	24	20
280	144	24	21
279	144	25	21
280	144	25	21
279	143	24	21
279	143	25	23
279	143	25	22
278	144	25	22
277	142	25	23
279	143	26	22
278	143	25	20
278	143	25	21
278	143	25	22
277	143	25	21
277	142	26	22
276	142	26	21
276	143	24	21
274	142	27	22
275	143	25	21
274	142	26	23
272	141	29	24
276	142	25	21
275	142	25	22
274	142	26	21
274	142	26	22
273	142	27	22
274	141	26	20
274	141	25	21
272	140	26	23
272	141	27	21
273	141	27	24
273	140	26	20
273	139	26	23
274	140	26	21
273	140	25	21
272	140	26	21
272	140	26	20
273	140	26	21
272	139	25	21
271	138	26	23
271	139	26	22
272	139	25	21
272	139	25	21
271	138	26	22
271	138	27	21
271	139	25	21
270	138	25	21
270	139	25	21
269	138	25	20
268	137	27	22
266	137	29	21
267	138	28	21
269	138	26	21
268	138	26	21
268	137	26	21
267	136	28	22
268	137	26	21
266	137	27	21
267	137	27	21
266	137	27	22
266	137	26	21
267	136	26	21
267	136	26	22
265	135	28	23
265	136	28	22
265	135	28	22
265	135	28	23
265	135	26	21
265	136	27	21
265	135	27	22
265	135	25	20
264	135	26	21
263	135	26	22
262	135	28	22
263	135	27	22
262	135	27	21
260	135	29	22
262	135	28	21
263	135	27	22
263	135	26	20
262	134	27	23
261	134	27	22
262	134	27	21
261	134	26	22
262	134	27	21
261	134	27	21
261	134	28	22
261	133	28	21
261	133	27	22
260	133	28	21
259	133	28	21
261	133	27	21
260	132	28	21
260	133	27	22
258	133	29	22
259	132	28	21
259	132	28	22
259	132	28	21
257	132	29	23
257	131	28	21
257	131	29	21
257	131	29	21
257	130	29	21
257	130	28	22
257	130	29	22
256	130	29	21
256	130	29	21
257	130	27	21
256	129	29	22
256	129	28	21
257	129	27	22
255	129	29	22
256	129	29	22
255	129	29	21
255	129	28	21
256	128	27	22
256	128	26	22
254	128	28	21
253	127	29	21
254	128	28	22
252	128	29	22
252	127	28	22
251	127	29	21
252	127	29	22
253	127	27	21
251	127	28	22
251	126	28	21
250	127	29	23
250	126	29	21
251	126	28	21
249	126	29	22
252	126	28	21
252	126	27	22
250	125	29	22
249	125	30	22
249	126	29	22
249	125	29	22
249	125	29	23
248	125	29	22
249	125	29	22
247	124	31	22
249	125	28	22
248	125	28	22
247	124	30	22
248	125	29	22
249	124	28	22
249	124	27	22
249	124	28	23
248	124	28	22
