0.00
0.97
0.97
0.96
0.95
0.93
0.70
0.86
0.81
0.83
0.80
0.76
0.79
0.88
0.87
0.88
0.89
0.87
0.86
0.84
0.76
0.66
0.87
0.89
0.89
0.89
0.89
0.86
0.86
0.87
0.82
0.65
0.79
0.87
0.89
0.89
0.89
0.89
0.89
0.88
0.89
0.89
0.89
0.88
0.87
0.87
0.87
0.88
0.82
0.76
0.77
0.83
0.85
0.89
0.86
0.87
0.89
0.89
0.89
0.90
0.89
0.89
0.88
0.88
0.87
0.86
0.86
0.85
0.83
0.81
0.77
0.70
0.68
0.64
0.67
0.72
0.68
0.66
0.68
0.66
0.66
0.65
0.65
0.67
0.71
0.66
0.70
0.64
0.68
0.58
0.67
0.67
0.66
0.67
0.66
0.56
0.58
0.70
0.67
0.50
0.54
0.59
0.56
0.63
0.61
0.66
0.56
0.46
0.64
0.58
0.52
0.41
0.27
0.49
0.49
0.51
0.48
0.52
0.37
0.21
0.26
0.27
0.15
0.02
0.60
0.41
0.50
0.55
0.54
0.60
0.55
0.54
0.54
0.58
0.60
0.64
0.52
0.61
0.46
0.71
0.68
0.63
0.67
0.59
0.63
0.54
0.41
0.51
0.39
0.45
0.31
0.49
0.31
0.36
0.69
0.65
0.78
0.76
0.71
0.75
0.87
0.83
0.64
0.63
0.73
0.79
0.87
0.81
0.82
0.84
0.80
0.80
0.76
0.80
0.83
0.73
0.71
0.79
0.75
0.63
0.61
0.55
0.41
0.50
0.45
0.42
0.48
0.34
0.73
0.33
0.27
0.60
0.22
0.07
0.30
0.20
0.12
0.17
0.56
0.30
0.43
0.20
0.11
0.05
0.03
0.87
0.92
0.92
0.92
0.91
0.91
0.91
0.92
0.91
0.92
0.92
0.93
0.93
0.92
0.93
0.92
0.92
0.92
0.92
0.91
0.92
0.91
0.92
0.91
0.92
0.91
0.90
0.90
0.88
0.90
0.91
0.91
0.90
0.88
0.87
0.88
0.75
0.86
0.72
0.57
0.63
0.83
0.69
0.55
0.64
0.77
0.44
0.52
0.50
0.48
0.45
0.56
0.55
0.63
0.49
0.43
0.55
0.37
0.64
0.48
0.42
0.45
0.40
0.32
0.37
0.40
0.53
0.30
0.21
0.25
0.29
0.26
0.28
0.27
0.26
0.35
0.23
0.27
0.26
0.29
0.30
0.45
0.27
0.18
0.14
0.38
0.25
0.33
0.30
0.26
0.25
0.29
0.12
0.35
0.26
0.43
0.35
0.55
0.30
0.43
0.22
0.12
0.35
0.27
0.14
0.27
0.13
0.33
0.23
0.25
0.18
0.03
0.21
0.20
0.35
0.23
0.16
0.23
0.19
0.30
0.56
0.36
0.20
0.50
0.35
0.51
0.41
0.40
0.66
0.66
0.57
0.82
0.52
0.55
0.61
0.74
0.67
0.47
0.58
0.82
0.83
0.74
0.43
0.69
0.61
0.48
0.58
0.36
0.54
0.74
0.71
0.70
0.80
0.50
0.69
0.74
0.49
0.71
0.63
0.74
0.78
0.80
0.81
0.81
0.68
0.78
0.75
0.70
0.76
0.59
0.56
0.68
0.62
0.76
0.82
0.78
0.44
0.69
0.47
0.61
0.73
0.80
0.78
0.76
0.78
0.82
0.80
0.66
0.81
0.81
0.75
0.75
0.77
0.65
0.77
0.56
0.53
0.68
0.59
0.67
0.77
0.59
0.63
0.74
0.79
0.31
0.08
0.56
0.71
0.35
0.16
0.70
0.63
0.50
0.65
0.64
0.41
0.58
0.65
0.51
0.34
0.51
0.40
0.55
0.61
0.35
0.60
0.37
0.57
0.50
0.63
0.61
0.41
0.58
0.43
0.61
0.28
0.28
0.21
0.26
0.36
0.18
0.29
0.13
0.11
0.41
0.50
0.67
0.68
0.67
0.35
0.19
0.32
0.08
0.51
0.23
0.72
0.52
0.68
0.76
0.74
0.54
0.71
0.56
0.45
0.49
0.59
0.53
0.38
0.66
0.58
0.68
0.71
0.73
0.70
0.65
0.20
0.12
0.22
0.65
0.69
0.60
0.69
0.62
0.30
0.34
0.33
0.25
0.59
0.65
0.61
0.35
0.19
0.05
0.09
0.03
0.21
0.27
0.25
0.33
0.45
0.62
0.51
0.52
0.45
0.38
0.44
0.50
0.38
0.35
0.34
0.33
0.54
0.42
0.24
0.68
0.41
0.30
0.30
0.24
0.19
