0.00
575.83
575.80
575.57
574.42
572.15
441.94
550.19
529.83
533.17
515.12
492.16
505.16
549.87
549.49
553.80
554.73
548.66
542.06
530.18
482.74
411.60
553.67
558.72
561.47
556.86
561.48
547.85
545.25
552.79
525.59
388.41
510.19
549.87
556.65
558.35
557.97
561.02
559.03
553.87
562.65
559.32
557.82
552.93
548.50
555.46
554.83
560.45
527.37
487.93
487.16
524.39
541.39
558.89
545.50
548.59
558.83
561.00
559.16
564.98
560.51
559.72
556.89
554.52
553.13
548.58
550.72
546.91
539.01
520.43
491.87
439.29
418.01
380.03
399.72
450.26
418.39
393.83
413.89
395.14
381.52
386.34
378.64
404.27
455.33
404.99
451.00
386.38
447.73
356.23
406.83
414.35
441.81
433.89
426.15
470.93
467.99
451.89
428.03
426.75
437.19
373.98
459.02
424.36
403.90
460.22
348.84
483.61
453.78
468.99
505.07
477.92
488.95
499.76
483.95
462.34
486.43
474.42
480.33
483.78
512.15
473.67
471.03
124.08
286.55
163.00
245.69
289.10
277.72
336.70
314.34
294.20
260.88
315.58
374.67
397.70
294.48
348.94
405.68
500.47
470.97
510.66
476.14
487.27
450.14
395.90
282.33
318.70
207.55
231.99
342.54
412.21
292.21
355.92
470.43
474.27
508.20
507.27
517.87
514.94
555.84
535.91
403.06
364.37
463.70
511.01
558.22
542.57
544.25
552.50
536.08
533.06
505.43
543.44
550.12
531.75
508.27
535.65
540.89
489.64
428.59
404.39
264.21
320.28
256.00
219.22
269.37
250.21
484.18
245.80
283.72
422.17
149.63
172.34
232.95
252.51
115.40
171.21
339.13
136.70
206.10
299.37
183.24
97.24
215.75
562.77
570.43
570.09
570.17
569.38
569.03
568.88
570.36
569.80
571.23
570.69
572.61
573.12
572.42
572.60
572.18
571.64
572.90
572.38
571.08
571.88
570.51
572.13
571.36
572.70
570.73
571.44
571.02
570.69
571.13
571.74
571.49
571.13
568.77
569.95
569.37
569.11
568.64
570.36
566.50
568.21
570.06
570.03
567.98
569.55
570.06
566.60
565.14
555.58
549.90
555.78
557.48
559.27
560.38
519.74
548.80
536.79
533.31
539.98
548.03
515.90
535.64
518.76
528.79
536.72
524.04
546.68
525.16
543.93
522.16
521.37
535.67
541.71
525.09
549.17
525.87
535.73
518.75
544.55
530.88
511.22
537.86
528.00
535.31
515.73
519.20
526.53
520.99
526.43
527.46
523.73
495.27
512.01
525.31
494.23
492.07
515.20
521.72
503.64
543.15
528.20
489.59
509.84
474.05
512.84
511.33
442.06
528.59
497.61
506.63
508.02
150.42
494.78
509.65
505.10
510.63
514.94
506.98
473.45
519.59
496.44
510.08
457.71
521.20
498.13
480.12
520.02
474.14
536.04
494.52
512.77
528.14
503.48
509.86
516.81
514.49
508.86
496.88
521.42
528.24
534.20
530.56
480.80
527.68
510.88
500.45
514.91
487.98
510.13
510.40
516.02
528.28
493.80
478.86
506.67
507.25
490.87
500.49
503.82
485.63
488.75
513.28
515.47
494.61
486.05
495.09
495.33
444.14
511.78
503.63
473.74
511.08
498.07
478.84
517.15
515.53
466.38
510.16
471.38
469.75
507.53
491.98
512.68
504.21
502.20
523.09
499.11
485.91
510.27
500.04
502.50
492.86
511.65
451.05
515.98
455.91
485.94
474.09
483.26
481.57
514.67
448.79
480.64
446.71
497.36
403.82
168.90
315.79
491.42
415.53
322.22
438.39
482.23
439.95
453.84
427.72
420.48
374.25
449.17
403.54
296.29
405.13
360.33
341.52
423.84
255.74
434.24
324.15
307.12
372.21
414.11
347.84
372.44
315.18
341.17
353.78
293.58
309.21
176.67
262.68
315.84
206.19
237.38
178.90
142.87
340.13
347.12
416.55
395.29
422.92
302.41
236.27
208.06
137.40
303.67
210.41
423.74
361.86
407.00
454.04
445.99
396.96
422.87
420.72
340.05
387.76
392.70
331.03
269.84
387.38
387.50
392.71
410.12
424.04
401.06
378.39
177.98
132.07
165.01
344.52
393.50
318.22
375.16
329.67
92.81
248.83
265.99
183.90
324.15
366.34
332.43
226.03
254.09
130.34
227.73
73.56
262.86
323.14
289.55
432.18
483.91
509.74
519.33
503.17
509.51
475.71
490.36
489.58
474.57
484.58
477.80
451.29
511.74
488.37
385.97
508.51
483.07
426.77
462.20
300.35
176.10
