0.00
426.50
471.65
322.22
417.75
470.94
384.13
261.74
461.32
339.21
485.17
367.49
429.66
469.11
385.75
410.89
458.53
297.90
445.09
328.44
460.19
493.35
431.95
484.98
380.71
383.59
505.40
404.40
470.91
486.99
354.24
448.12
439.18
367.98
414.54
479.21
434.35
399.52
469.08
375.81
424.25
390.10
425.16
411.10
447.86
348.28
254.64
357.47
440.21
354.36
435.42
435.09
415.20
359.24
289.15
368.97
332.01
407.75
383.38
310.09
350.94
245.70
365.60
305.46
424.43
438.88
393.78
375.84
307.90
446.38
377.95
409.44
448.86
315.17
337.93
360.25
349.33
278.47
315.00
254.74
314.11
368.63
369.90
398.95
448.79
266.45
453.16
338.88
452.47
432.36
365.89
427.29
402.16
433.51
299.10
454.83
396.03
416.61
479.89
417.24
403.46
354.95
367.51
308.73
456.09
380.21
256.17
398.06
302.95
445.52
332.23
412.79
216.55
363.03
350.00
347.78
402.28
394.55
435.29
493.46
247.22
392.21
485.88
279.41
281.10
442.04
301.68
426.54
417.25
290.99
327.63
354.65
433.59
298.77
447.24
371.43
405.61
405.87
343.77
391.30
466.62
351.35
433.71
326.98
419.34
472.53
405.68
307.39
412.73
408.99
425.97
292.01
414.81
368.10
356.59
411.11
423.47
402.97
304.15
373.88
363.08
431.76
478.02
435.93
354.45
378.44
405.26
268.72
429.76
429.44
325.60
292.17
407.13
392.98
258.02
368.05
353.43
266.57
372.46
398.45
345.94
427.40
433.52
263.15
391.09
378.76
342.93
341.54
300.55
345.21
323.92
380.72
338.67
291.05
216.18
331.87
324.32
363.85
261.06
397.66
363.57
327.99
334.29
303.07
424.91
410.79
247.49
386.62
324.92
368.39
359.06
333.07
309.05
356.68
288.12
292.94
453.63
339.87
190.18
227.64
214.46
316.03
256.64
294.06
311.24
336.32
310.98
387.52
266.16
379.99
295.90
385.00
364.46
373.91
227.69
380.12
332.47
363.68
223.75
303.28
232.12
344.13
235.32
407.87
185.31
378.43
201.16
378.45
248.48
231.91
286.95
255.89
290.16
222.46
228.78
272.01
192.58
183.64
269.52
131.55
208.87
120.09
194.18
163.19
127.30
115.94
184.54
142.15
55.65
180.61
131.72
172.15
86.27
80.12
52.66
167.10
257.80
260.43
204.39
163.84
202.99
181.03
198.64
215.41
216.84
214.72
186.99
178.29
163.45
207.58
170.07
184.73
204.66
179.44
292.40
206.61
152.15
268.96
181.21
144.60
255.75
172.79
199.44
173.30
203.92
158.17
235.70
191.93
175.75
197.17
201.72
201.96
170.16
207.23
206.65
146.51
188.30
279.05
192.90
159.90
202.47
155.31
120.41
154.96
194.28
229.67
182.82
176.41
172.07
155.84
144.80
194.23
160.57
204.04
119.61
144.78
171.00
145.51
178.04
140.44
177.63
138.07
147.78
162.43
236.79
135.95
222.31
165.10
186.30
179.48
