0.00
0.83
0.86
0.85
0.87
0.87
0.87
0.85
0.69
0.67
0.87
0.81
0.86
0.85
0.87
0.87
0.87
0.80
0.86
0.88
0.89
0.86
0.87
0.88
0.83
0.87
0.88
0.85
0.87
0.87
0.88
0.85
0.87
0.83
0.87
0.87
0.87
0.85
0.85
0.75
0.64
0.81
0.83
0.90
0.92
0.88
0.84
0.86
0.73
0.90
0.87
0.56
0.82
0.82
0.84
0.75
0.57
0.63
0.73
0.86
0.88
0.83
0.83
0.77
0.78
0.86
0.86
0.72
0.82
0.68
0.86
0.72
0.65
0.59
0.52
0.54
0.60
0.61
0.66
0.56
0.50
0.51
0.53
0.77
0.87
0.68
0.88
0.87
0.87
0.88
0.85
0.81
0.75
0.56
0.87
0.84
0.83
0.53
0.80
0.64
0.65
0.55
0.59
0.52
0.59
0.61
0.54
0.55
0.60
0.74
0.81
0.54
0.58
0.55
0.61
0.64
0.72
0.60
0.73
0.73
0.68
0.63
0.75
0.82
0.86
0.80
0.71
0.78
0.53
0.70
0.59
0.60
0.51
0.73
0.58
0.59
0.66
0.65
0.73
0.67
0.67
0.61
0.55
0.55
0.60
0.70
0.65
0.63
0.54
0.50
0.65
0.63
0.60
0.53
0.56
0.47
0.54
0.39
0.45
0.49
0.16
0.22
0.07
0.15
0.35
0.18
0.15
0.19
0.36
0.19
0.31
0.32
0.25
0.30
0.38
0.21
0.30
0.40
0.29
0.33
0.33
0.39
0.32
0.36
0.33
0.30
0.35
0.31
0.32
0.34
0.24
0.39
0.21
0.39
0.28
0.29
0.33
0.32
0.25
0.28
0.43
0.30
0.30
0.35
0.33
0.27
0.28
0.33
0.33
0.33
0.40
0.34
0.27
0.31
0.30
0.24
0.37
0.22
0.35
0.35
0.10
0.34
0.35
0.23
0.22
0.12
0.17
0.23
0.21
0.32
0.39
0.45
0.42
0.38
0.32
0.35
0.28
0.32
0.29
0.27
0.25
0.21
0.24
0.32
0.10
0.11
0.36
0.54
0.38
0.50
0.46
0.44
0.52
0.47
0.43
0.35
0.20
0.30
0.48
0.32
0.24
0.29
0.34
0.35
0.32
0.17
0.36
0.25
0.27
0.14
0.51
0.35
0.49
0.41
0.43
0.25
0.54
0.27
0.27
0.41
0.48
0.28
0.37
0.39
0.46
0.47
0.41
0.50
0.52
0.26
0.35
0.52
0.40
0.36
0.40
0.13
0.26
0.31
