0.00
555.73
563.04
561.49
561.28
564.83
564.33
561.01
446.01
442.21
569.80
553.26
564.09
562.05
567.78
569.83
567.32
549.49
562.94
568.82
569.31
562.62
566.23
567.76
550.99
567.04
569.87
558.87
565.87
566.72
569.48
557.72
568.25
546.69
569.47
566.06
569.50
560.60
565.40
495.24
416.14
553.59
556.35
568.83
572.32
563.56
548.42
557.11
486.93
566.36
559.06
309.53
556.23
549.57
560.16
504.99
350.38
392.60
480.83
557.43
562.73
547.45
541.31
488.79
514.09
555.43
557.02
472.91
552.56
455.89
556.93
470.07
406.27
361.71
286.33
338.23
354.33
388.31
443.04
310.34
257.93
264.27
287.37
516.73
548.28
425.64
560.38
555.85
551.13
555.79
541.45
527.99
466.33
300.94
555.78
547.23
548.77
329.15
524.00
416.35
409.05
276.34
331.26
286.95
305.91
369.00
255.03
308.96
319.46
479.74
505.99
288.13
331.08
303.01
358.23
392.58
459.81
353.15
450.72
462.71
429.88
369.43
477.19
536.37
549.98
519.04
472.35
500.18
269.57
457.35
348.76
335.71
241.82
431.55
294.73
316.38
368.89
387.38
434.70
414.71
396.76
357.35
273.03
304.61
294.09
427.05
370.88
387.48
283.24
243.48
391.64
356.38
311.31
231.82
317.85
200.64
236.90
151.61
208.17
258.02
74.69
92.88
64.86
53.97
226.27
92.93
60.48
127.12
190.64
56.77
139.35
136.10
116.14
86.11
198.90
59.56
110.67
148.14
104.03
134.06
104.65
136.40
124.17
174.10
225.12
79.20
109.23
119.06
127.56
105.11
127.38
133.65
73.40
122.74
129.35
97.79
103.78
98.24
82.70
105.32
138.65
83.99
80.51
99.26
133.03
83.29
199.51
120.40
97.85
108.61
141.90
114.94
80.80
87.72
168.29
95.44
142.40
86.01
137.33
146.51
68.59
131.38
150.33
91.25
79.90
61.25
60.12
91.71
70.26
111.07
138.44
179.49
132.90
112.00
92.69
107.43
94.74
108.10
91.83
98.15
71.27
73.80
104.42
170.00
36.65
354.27
233.11
307.88
143.75
240.52
203.36
218.58
238.66
215.69
193.45
158.03
86.12
90.11
216.82
118.29
82.24
102.46
124.45
175.54
112.99
76.99
148.63
97.54
106.44
50.54
342.35
146.30
222.15
175.68
193.02
72.82
277.88
94.34
87.30
193.20
214.59
126.46
172.07
192.94
227.33
179.11
143.26
211.60
263.04
70.42
151.95
277.00
160.69
176.73
179.12
57.97
104.12
152.61
