0.169289
0.783740
0.869967
0.748198
0.855526
0.731221
0.941092
0.730047
0.690470
0.718296
0.616786
0.630205
0.658546
0.636844
0.620578
0.661082
0.677482
0.730483
0.638620
0.637092
0.780144
0.474928
0.601246
0.445894
0.801882
0.639605
0.622098
0.620717
0.619400
0.617488
0.620886
0.657721
0.689132
0.622760
0.642754
0.608353
0.628479
0.615771
0.630380
0.627681
0.615205
0.431402
0.598456
0.599473
0.594203
0.714920
0.676991
0.674503
0.818017
0.659849
0.736798
0.679603
0.638026
0.623751
0.637327
0.629759
0.662689
0.596964
0.663086
0.670100
0.629716
0.647454
0.446727
0.670103
0.658053
0.720453
0.631922
0.584751
0.618918
0.654241
0.719787
0.650897
0.659543
0.632616
0.695347
0.625178
0.640080
0.640151
0.642716
0.617999
0.621142
0.639677
0.773238
0.536034
0.708870
0.678866
0.648010
0.700863
0.767060
0.616508
0.624642
0.636838
0.626742
0.456663
0.613938
0.795717
0.635762
0.682339
0.633255
0.629395
0.625103
0.648583
0.627745
0.631042
0.617065
0.626960
0.630309
0.625600
0.618076
0.619812
0.627685
0.633344
0.615971
0.427136
0.807166
0.630407
0.623406
0.611443
0.622083
0.668562
0.615915
0.453539
0.861518
0.709962
0.688940
0.912127
0.721186
0.760856
0.708444
1.025290
0.722380
0.874615
0.703535
0.707206
0.584118
0.638973
0.667010
0.635444
0.645983
0.451101
0.694197
0.619249
0.629243
0.671664
0.627246
0.657909
0.609158
0.624792
0.622008
0.629671
0.624100
0.706777
0.687649
0.654489
0.671054
0.630770
0.803895
0.763435
0.708034
0.681899
0.713116
0.710524
0.654820
0.706092
0.888126
0.663397
0.491740
0.590680
0.654890
0.702834
0.675509
0.656862
0.648520
0.620405
0.630382
0.635921
0.612353
0.598696
0.644114
0.654278
0.670016
0.623429
0.640478
0.653325
0.635170
0.661601
0.650993
0.628247
0.626385
0.620471
0.623477
0.617440
0.628306
0.624220
0.618345
0.666487
0.830516
0.616148
0.635435
0.622873
0.661350
0.602456
0.628062
0.632738
0.625517
0.624260
0.634376
0.449025
0.625777
0.654632
0.647414
0.877049
0.640447
0.458012
0.553155
0.567384
0.634055
0.633689
0.615552
0.638403
0.673330
0.767751
0.652227
0.661735
0.723906
0.680845
0.859399
0.673304
0.635843
0.702388
0.690962
0.660413
0.698582
0.675004
0.672105
0.624067
0.637226
0.630496
0.457879
0.631102
0.634470
0.632595
0.664450
0.708059
0.638412
0.707797
0.674758
0.703287
0.634392
0.586483
0.598477
0.630122
0.612429
0.632324
0.670891
0.666938
0.609978
0.587695
0.756040
0.686237
0.616055
0.629555
0.631581
0.623474
0.707716
0.659338
0.698677
0.645050
0.683532
0.663750
0.685409
0.747431
0.705631
0.700302
0.637440
0.631856
0.637750
0.681685
0.660344
0.552001
0.635445
0.629437
0.651812
0.654740
0.626235
0.628319
0.615830
0.626666
0.626603
0.448755
0.612820
0.655936
0.688909
0.619232
0.625535
0.688225
0.575192
0.632076
0.784783
0.619974
0.653636
0.635412
0.510751
0.503096
0.466799
0.645272
0.662031
0.663005
0.629333
0.799772
0.668527
0.631273
0.640822
0.635745
0.621336
0.621926
0.658095
0.454472
0.594932
0.475427
0.681125
0.593947
0.444959
0.670174
0.618821
0.639105
0.617502
0.623644
0.693337
0.639478
0.838944
0.644361
0.620655
0.632752
0.705905
0.672287
0.642557
0.619417
0.647764
0.892258
0.665866
0.635457
0.631781
0.670715
0.662102
0.665272
0.652886
0.450945
0.743846
0.605335
0.421752
0.435680
0.627980
0.631581
0.673619
0.642534
0.709600
0.878549
0.659445
0.638475
0.629202
0.624983
0.623125
0.441490
0.626091
0.617087
0.655937
0.615877
0.638367
0.660853
0.650130
0.630094
0.595307
0.548283
0.434960
0.651999
0.656681
0.800809
0.650087
0.644746
0.623859
0.620419
0.630968
0.626987
0.615072
0.446208
0.653209
0.620290
0.691347
0.609818
0.698399
0.679152
0.668243
0.620561
0.709411
0.614696
0.823171
0.729700
0.496507
0.628688
0.716346
0.851327
0.671323
0.609143
0.624598
0.464525
0.674907
0.621652
0.636887
0.615207
0.689006
0.665877
0.634006
0.632535
0.641147
0.626636
0.645875
0.885722
0.765835
0.741624
0.720223
0.757227
0.660786
0.646751
0.635881
0.630605
0.636169
0.635060
0.742959
0.648117
0.640977
0.650387
0.621074
0.640268
0.628049
0.639883
0.670983
0.626500
0.632663
0.665233
0.615155
0.599268
0.581993
0.622500
0.469141
0.802848
0.487861
0.669863
0.619784
0.684442
0.705785
0.625389
0.620935
0.646781
0.630406
0.622103
0.633890
0.918538
0.626865
0.614282
0.629877
0.629497
0.448132
0.687933
0.658339
0.922684
0.461604
0.788050
0.765131
0.655764
0.647643
0.636242
0.630321
0.658860
0.645642
0.730622
0.519673
0.639006
0.886493
0.665720
0.615537
0.619582
0.627894
0.625468
0.627570
0.631042
0.710243
0.655273
0.676136
0.634875
0.688778
0.607476
0.644819
0.806988
0.700606
0.628621
0.635043
0.627075
0.647257
0.622702
0.666582
0.693210
0.724084
0.562681
0.436948
0.636273
0.622517
0.707390
0.648215
0.649813
0.628884
0.670110
0.586376
0.660597
0.713876
0.709523
0.639445
0.684103
0.819378
0.503484
0.625740
0.621872
0.693528
0.656046
0.681345
0.642380
0.668372
0.686983
0.668542
0.638608
0.631667
0.631047
0.641343
0.615515
0.642208
0.622369
0.652341
0.626410
0.643635
0.631345
0.624331
0.668855
0.681016
0.727463
0.678741
0.863822
0.468375
0.648950
0.600647
0.699854
0.656566
0.662914
0.683018
0.620612
0.662235
0.596431
0.861605
0.683222
0.645820
0.641997
0.638173
0.665193
0.773572
0.671293
0.628324
0.799011
0.507433
0.631548
0.628392
0.653992
0.642708
0.654547
0.633109
0.644034
0.623833
0.620108
0.636255
0.639174
0.639807
0.629142
0.643614
0.703214
0.894611
0.715312
0.667121
0.487189
0.640894
0.689356
0.661339
0.617755
0.808232
0.647948
0.670195
0.620943
0.627890
0.610966
0.638240
0.631816
0.667405
0.621341
0.628773
0.633922
0.610283
0.491540
0.706114
0.170870
0.149488
0.162731
0.158376
0.171767
0.171882
0.169570
0.160302
0.392208
0.178825
0.193104
0.247230
0.343872
0.188169
0.180113
0.396692
0.196629
0.173599
0.266615
0.247939
0.172734
0.192014
0.221406
0.291709
0.158978
0.172174
0.345465
0.187331
0.183681
0.163326
0.333921
0.197389
0.164918
0.169554
0.389194
0.163200
0.156105
0.394980
0.177369
0.162456
0.176039
0.169018
0.362436
0.158172
0.173930
0.407183
0.176796
0.157143
0.185611
0.350623
0.182627
0.170497
0.367840
0.163713
0.176885
0.161566
0.171313
0.157981
0.168241
0.347284
0.205785
0.161151
0.172381
0.152984
0.397818
0.160350
0.155243
0.158306
0.365967
0.152280
0.139020
0.166061
0.155851
0.362984
0.172421
0.161306
0.337392
0.190305
0.173253
0.159261
0.167740
0.368313
0.169702
0.157300
0.274462
0.251026
0.175912
0.166860
0.337168
0.182933
0.200983
0.179559
0.352987
0.215572
0.170351
0.217901
0.323941
0.167146
0.387451
0.185518
0.172493
0.400244
0.168629
0.167137
0.168205
0.399585
0.170273
0.167491
0.366868
0.172672
0.399819
0.164574
0.174850
0.209779
0.313108
0.218750
0.180737
0.398986
0.185021
0.177332
0.174346
0.373646
0.165564
0.163859
0.403842
0.169363
0.153401
0.164986
0.397560
0.166198
0.161447
0.270029
0.250980
0.168890
0.161162
0.217444
0.302417
0.185463
0.154810
0.232904
0.316880
0.169262
0.160783
0.381729
0.168830
0.389858
0.160056
0.171276
0.270877
0.273583
0.305944
0.157841
0.179210
0.387680
0.155267
0.391522
0.171404
0.158118
0.197655
0.419889
0.176228
0.163275
0.390038
0.155833
0.160742
0.152350
0.397619
0.175642
0.152623
0.143756
0.414109
0.171638
0.159050
0.168901
0.397055
0.172817
0.164934
0.290822
0.273429
0.188703
0.171590
0.386528
0.166180
0.390663
0.163968
0.290867
0.257135
0.153447
0.287040
0.216111
0.244578
0.234524
0.163252
0.232257
0.340499
0.188450
0.160162
0.227503
0.342636
0.194025
0.161493
0.218673
0.317473
0.175463
0.169462
0.181373
0.281393
0.245265
0.176508
0.171861
0.183010
0.356070
0.161186
0.163116
0.164071
0.390637
0.166988
0.167763
0.159253
0.399327
0.176786
0.174032
0.359868
0.169379
0.172825
0.174597
0.389397
0.163532
0.381018
0.163488
0.136144
0.162955
0.390433
0.160453
0.163997
0.227992
0.292043
0.161255
0.163231
0.281965
0.278381
0.156689
0.167083
0.418550
0.180536
0.178017
0.333649
0.190826
0.157869
0.166013
0.289505
0.250421
0.170944
0.392710
0.185402
0.159066
0.391773
0.155192
0.152458
0.219818
0.313219
0.169715
0.159952
0.169560
0.375025
0.164874
0.179448
0.160554
0.341128
0.177395
0.164656
0.347583
0.208271
0.171731
0.182827
0.397358
0.158248
0.175526
0.154144
0.364065
0.179318
0.210077
0.398343
0.166924
0.173675
0.166547
0.321339
0.176438
0.167516
0.171127
0.147846
0.149196
0.165871
0.221108
1.234776
0.499896
0.663781
0.633006
0.625349
0.640702
0.663007
0.661344
0.662893
0.584768
0.644566
0.619699
0.583817
0.513239
0.691456
0.730446
0.572595
0.448568
0.673635
0.637123
0.690426
0.687288
0.620171
0.654277
0.626579
0.693369
0.674955
0.575732
0.474186
0.596110
0.499218
0.633043
0.649139
0.482842
0.638016
0.617087
0.636487
0.721393
0.614088
0.613741
0.693983
0.663393
0.623262
0.832679
0.708444
0.442563
0.625660
0.594474
0.450675
0.624680
0.635941
0.624159
0.631830
0.624417
0.622753
0.611801
0.645531
0.644065
0.549587
0.415429
0.588708
0.487952
0.622705
0.653776
0.636710
0.803720
0.485525
0.637518
0.722298
0.579198
0.639703
0.624580
0.653180
0.716081
0.850908
0.530361
0.698035
0.658947
0.641529
0.640930
0.630126
0.704843
0.707291
0.714094
0.737375
0.730782
0.670596
0.710805
0.712510
0.609418
0.728869
0.505407
0.633857
0.628108
0.664547
0.645412
0.639328
0.631416
0.623084
0.650634
0.659710
0.633549
0.765724
0.544986
0.644816
0.654639
0.638447
0.631817
0.897368
0.665296
0.713229
0.478834
0.697283
0.713296
0.720041
0.729687
0.681736
0.637752
0.623879
0.732071
0.683026
0.656123
0.711059
0.627614
0.629596
0.646681
0.671642
0.691466
0.652057
0.632767
0.701885
0.709887
0.627121
0.639391
0.643668
0.649244
0.679333
0.648583
0.654062
0.636064
0.672097
0.637091
0.675936
0.665428
0.425523
0.660773
0.626799
0.703627
0.628929
0.670547
0.842083
0.669735
0.643196
0.454188
0.658209
0.618142
0.685656
0.689502
0.637617
0.422935
0.638371
0.670619
0.683112
0.458250
0.579357
0.675253
0.640282
0.708212
0.656208
0.611222
0.488385
0.601462
0.603117
0.687664
0.649286
0.458016
0.634033
0.620140
0.623171
0.703309
0.852677
0.441264
0.780332
0.725578
0.641894
0.590676
0.447905
0.833747
0.455653
0.629638
0.653368
0.646410
0.653135
0.661942
0.615440
0.683295
0.631083
0.631535
0.853576
0.743193
0.706715
0.872926
0.664222
0.689249
0.692025
0.673167
0.652658
0.674631
0.652280
0.640288
0.807845
0.684924
0.688819
0.669582
0.692483
0.838596
0.565002
0.746334
0.651392
0.445831
0.655578
0.647121
0.731026
0.831729
0.702499
0.669176
0.481264
0.597214
0.683654
0.642294
0.648397
0.900744
0.714592
0.476089
0.733951
0.664563
0.901753
0.655268
0.438021
0.635139
0.627583
0.657241
0.604267
0.666173
0.692240
0.854738
0.501558
0.642248
0.627346
0.642813
0.641187
0.672475
0.680932
0.687190
0.675212
0.684116
0.917663
0.643569
0.727216
0.720237
0.694947
0.665415
0.710955
0.697483
0.655520
0.631889
0.860300
0.548787
0.656356
0.662643
0.637019
0.722413
0.720502
0.657831
0.748622
0.708003
0.669746
0.611215
0.698133
0.792371
0.473631
0.595621
0.646667
0.665493
0.647231
0.812451
0.677129
0.727304
0.688432
0.874089
0.710783
0.650868
0.666983
0.678768
0.740321
0.470662
0.675779
0.652678
0.892212
0.675577
0.496630
0.458637
0.576886
0.643539
0.643746
0.645955
0.653186
0.651894
0.613655
0.449379
0.610729
0.663055
0.612729
0.636634
0.633241
0.783540
0.704787
0.526216
0.639206
0.620321
0.644881
0.622092
0.621592
0.629825
0.630901
0.672368
0.642066
0.618807
0.654466
0.639352
0.627222
0.669317
0.662641
0.634332
0.678203
0.662825
0.635145
0.643358
0.637587
0.603814
0.451747
0.620171
0.895785
0.706238
0.626535
0.632522
0.658731
0.633646
0.630901
0.736413
0.655181
0.634438
0.471653
0.620945
0.655858
0.632208
0.847279
0.656164
0.638986
0.646859
0.640627
0.752617
0.681684
0.747885
0.592614
0.656312
0.665855
0.764455
0.685476
0.671289
0.648828
0.452415
0.638777
0.786036
0.677077
0.638490
0.465822
0.831424
0.654196
0.655154
0.731451
0.682920
0.651228
0.661479
0.654045
0.463699
0.635583
0.835696
0.651993
0.662682
0.639915
0.652190
0.668254
0.471919
0.651950
0.751601
0.526506
0.623358
0.652283
0.601369
0.661125
0.660221
0.469933
0.611632
0.623980
0.635595
0.642224
0.638833
0.634523
0.636081
0.696796
0.636518
0.603035
0.497859
0.641155
0.857926
0.479065
0.642299
0.681431
0.709747
0.578936
0.695506
0.687277
0.455245
0.847072
0.765061
0.465298
0.635089
0.643512
0.643805
0.635941
0.649554
0.627644
0.658144
0.705041
0.605758
0.634954
0.638415
0.862329
0.719543
0.681559
0.671486
0.681969
0.618957
0.657260
0.663884
0.658188
0.633684
0.654738
0.685308
0.761986
0.631356
0.652813
0.849621
0.651843
0.646711
0.637909
0.439741
0.674939
0.751788
0.527830
0.698848
0.638430
0.636274
0.642096
0.633066
0.670495
0.626026
0.626717
0.638354
0.618551
0.636720
0.630317
0.622065
0.622231
0.625135
0.632864
0.638502
0.659855
0.649696
0.729302
0.708025
0.697022
0.646659
0.644794
0.671518
0.673522
0.650826
0.661088
0.633993
0.622143
0.630033
0.630269
0.663838
0.941616
0.538574
0.661636
0.604702
0.821849
0.666114
0.478456
0.645279
0.602270
0.629131
0.650433
0.671757
0.637571
0.648894
0.637217
0.668267
0.729209
0.631173
0.637192
0.666564
0.664479
0.643625
0.633608
0.640725
0.639838
0.644602
0.635497
0.630948
0.692606
0.641506
0.647609
0.711837
0.656156
0.664595
0.641464
0.684041
0.473594
0.638423
0.733130
0.706620
0.700113
0.638046
0.725366
0.899334
0.680317
0.646975
0.637491
0.637966
0.722515
0.663106
0.687609
0.652390
0.637601
0.644610
0.657404
0.642704
0.663598
0.648551
0.684169
0.460081
0.843347
0.653377
0.674991
0.453830
0.674438
0.634101
0.676198
0.703076
0.614869
0.611935
0.840234
0.681219
0.647516
0.613789
0.643890
0.485218
0.671445
0.886550
0.652836
0.504715
0.651825
0.682346
0.713448
0.711395
0.643224
0.644579
0.708122
0.638288
0.655713
0.630598
0.882737
0.478743
0.641578
0.657026
0.670106
0.647659
0.669051
0.746102
0.651723
0.662525
0.641582
0.619418
0.638104
0.532427
0.579530
0.602545
0.645955
0.631652
0.642628
0.665545
0.584599
0.463845
0.649426
0.658719
0.639292
0.693878
0.676889
0.673191
0.660069
0.645741
0.641242
0.593623
0.645186
0.636428
0.633682
0.620760
0.648633
0.619187
0.460351
0.655759
0.632407
0.648006
0.679261
0.651934
0.633474
0.628278
0.855633
0.690737
0.649453
0.488417
0.647298
0.568461
0.449111
0.722509
0.859571
0.735801
0.676043
0.461710
0.592504
0.628698
0.656689
0.648294
0.653100
0.649575
0.624912
0.632842
0.654781
0.635071
0.652957
0.622624
0.642190
0.666737
0.645569
0.627995
0.633439
0.619032
0.647568
0.630176
0.674922
0.649093
0.733200
0.664374
0.863489
0.649678
0.641949
0.649563
0.630976
0.650017
0.635877
0.650762
0.647213
0.654837
0.645076
0.635839
0.454421
0.643072
0.677153
0.683022
0.650445
0.664645
0.695312
0.692313
0.805170
0.671921
0.450081
0.621180
0.630071
0.661392
0.626365
0.661171
0.729847
0.635753
0.699858
0.654949
0.688973
0.689809
0.668870
0.857856
0.741897
0.651988
0.662509
0.634153
0.641869
0.622390
0.657289
0.656091
0.610922
0.682880
0.622870
0.634642
0.823989
0.499571
0.653054
0.772812
0.654338
0.683215
0.619000
0.685915
0.643383
0.646168
0.470129
0.644680
0.637246
0.649944
0.634550
0.661435
0.620068
0.480252
0.708397
0.630969
0.625599
0.475376
0.641333
0.628387
0.662575
0.607548
0.653250
0.733941
0.674475
0.684671
0.651099
0.643013
0.647541
0.683854
0.680757
0.661239
0.741015
0.666611
0.654763
0.648483
0.620207
0.699109
0.690656
0.497955
0.645315
0.864806
0.638606
0.640510
0.644707
0.655866
0.677485
0.734770
0.669609
0.487360
0.639761
0.597512
0.643268
0.642265
0.496315
0.617290
0.654223
0.827387
0.709477
0.664552
0.746094
0.694380
0.656196
0.625176
0.652481
0.654670
0.658855
0.706230
0.718152
0.650402
0.637415
0.679478
0.661741
0.711649
0.835521
0.824291
0.721909
0.667820
0.624859
0.463402
0.641906
0.805972
0.641855
0.624123
0.486940
0.649272
0.746038
0.618729
0.663544
0.676582
0.660454
0.676924
0.684522
0.650401
0.633864
0.621834
0.891040
0.633608
0.648105
0.694294
0.639313
0.659985
0.654000
0.647015
0.663871
0.647277
0.722867
0.658223
0.644382
0.686974
0.613778
0.700362
0.635162
0.649001
0.652798
0.626600
0.649973
0.637456
0.644677
0.706980
0.676784
0.644010
0.642882
0.652026
0.483376
0.581999
0.662043
0.662756
0.645729
0.805737
0.592588
0.811409
0.624243
0.669740
0.863662
0.657891
0.662776
0.659749
0.635238
0.692456
0.457138
0.621094
0.667847
0.820411
0.534389
0.616059
0.643530
0.663834
0.713884
0.683693
0.695991
0.916802
0.751516
0.659631
0.485883
0.661228
0.673745
0.755708
0.714963
0.769703
0.650986
0.735635
0.522466
0.639622
0.693555
0.668852
0.673528
0.558819
0.651537
0.753603
0.665150
0.655636
0.659921
0.714866
0.667290
0.703474
0.650438
0.699662
0.604839
0.631872
0.677318
0.579266
0.634817
0.712436
0.625202
0.658761
0.601358
0.729775
0.683807
0.701004
0.631088
0.625367
0.637743
0.620332
0.623988
0.458302
0.448973
0.639001
0.607016
0.465637
0.615789
0.662006
0.643555
0.618941
0.648911
0.676862
0.727438
0.667960
0.606276
0.619414
0.647462
0.622128
0.626517
0.623817
0.624994
0.637373
0.612827
0.617290
0.622585
0.623450
0.808981
0.643325
0.460463
0.799638
0.760834
0.831966
0.725592
0.927757
0.699953
0.770859
0.189541
0.164544
0.177596
0.203934
0.211813
0.203670
0.443270
0.287694
0.238466
0.250442
0.333818
0.190683
0.196170
0.200517
0.402993
0.174330
0.163307
0.185664
0.377401
0.187586
0.152734
0.227841
0.308973
0.180755
0.163948
0.392052
0.176126
0.229761
0.242290
0.262409
0.159389
0.233766
0.218374
0.282725
0.179667
0.232137
0.334093
0.179878
0.219241
0.174017
0.354930
0.201838
0.225674
0.354288
0.172361
0.148778
0.303390
0.242758
0.172974
0.179223
0.218960
0.295531
0.154540
0.153473
0.207718
0.395214
0.173004
0.168618
0.376424
0.178952
0.187083
0.350279
0.196455
0.167836
0.172336
0.155910
0.239346
0.327265
0.164110
0.167994
0.162472
0.229828
0.306901
0.184173
0.330810
0.198710
0.161834
0.391840
0.156748
0.168829
0.173911
0.330247
0.202304
0.169728
0.172225
0.419921
0.175904
0.173576
0.335352
0.192225
0.166455
0.180956
0.377986
0.173293
0.180695
0.167494
0.372431
0.174255
0.174853
0.405046
0.166937
0.408092
0.181610
0.393966
0.172742
0.280330
0.264686
0.161883
0.331933
0.197042
0.169456
0.192981
0.404532
0.171544
0.166263
0.168856
0.386964
0.175190
0.165297
0.156710
0.380267
0.181328
0.160534
0.394064
0.168029
0.168694
0.164685
0.391023
0.186433
0.158540
0.394856
0.170736
0.157991
0.169302
0.393427
0.184853
0.168169
0.376669
0.169769
0.277842
0.284831
0.175768
0.167356
0.158819
0.360494
0.169721
0.167143
0.175192
0.292051
0.232486
0.181327
0.170199
0.384635
0.181646
0.181318
0.390919
0.176640
0.192110
0.187824
0.369126
0.160794
0.176883
0.293494
0.254433
0.168121
0.196909
0.355490
0.163842
0.286634
0.272112
0.322596
0.162578
0.153037
0.341774
0.209369
0.171524
0.175161
0.402717
0.172583
0.182889
0.231599
0.328856
0.225626
0.186677
0.398527
0.203978
0.159678
0.346473
0.174999
0.160968
0.171885
0.400434
0.177805
0.175702
0.179222
0.288233
0.242709
0.172964
0.249279
0.311265
0.170834
0.167434
0.192557
0.363966
0.165002
0.154391
0.352592
0.202101
0.142279
0.147210
0.282752
0.242508
0.174604
0.158857
0.333415
0.181357
0.177759
0.171208
0.391877
0.160218
0.161081
0.393838
0.188665
0.214449
0.323435
0.174926
0.316437
0.234032
0.296620
0.239712
0.230028
0.180027
0.332582
0.220865
0.165628
0.226608
0.344306
0.169099
0.178751
0.219704
0.352029
0.176028
0.235098
0.356927
0.206485
0.174253
0.392701
0.157224
0.184392
0.215891
0.297699
0.164574
0.175919
0.165600
0.369786
0.206842
0.165912
0.219121
0.294486
0.163244
0.168648
0.223190
0.293575
0.169060
0.181972
0.406496
0.176589
0.182493
0.235596
0.220773
0.260849
0.241738
0.180474
0.365713
0.200835
0.156843
0.166185
0.376130
0.167230
0.180963
0.214777
0.153214
0.166597
0.170355
0.162404
0.152720
0.237125
4.096973
0.735990
0.628956
0.542589
0.659057
0.596863
0.632781
0.625957
0.854427
0.748518
0.640352
0.616593
0.627511
0.506800
0.650139
0.652714
0.680541
0.682438
0.718413
0.778757
0.544983
0.558187
0.442887
0.599010
0.870248
0.498838
0.611181
0.597085
0.635412
0.620965
0.639951
0.630356
0.663034
0.683198
0.854002
1.036679
0.473181
0.631691
0.887646
0.641739
0.673474
0.654063
0.690008
0.492381
0.580904
0.467809
0.671637
0.667323
0.632671
0.686034
0.621871
0.649847
0.692661
0.701810
0.635605
0.627063
0.637682
0.682127
0.648958
0.682417
0.674639
0.638694
0.632866
0.643884
0.670451
0.675145
0.661196
0.869843
0.648757
0.621363
0.632581
0.697330
0.645408
0.641404
0.635794
0.648530
0.628359
0.657529
0.755859
0.867688
0.699935
0.639484
0.629821
0.637856
0.649807
0.636886
0.703833
0.499334
0.720300
0.646479
0.635445
0.890293
0.656226
0.630894
0.684071
0.455317
0.571881
0.462448
0.569490
0.476098
0.640643
0.667140
0.952914
0.525288
0.651785
0.630414
0.710267
0.673086
0.667438
0.707494
0.635773
0.668894
0.678061
0.626735
0.822836
0.513614
0.658741
0.681527
0.545073
0.671599
0.795772
0.658319
0.668895
0.706517
0.651621
0.676408
0.601567
0.631758
0.845332
0.790609
0.696255
0.675723
0.659425
0.658722
0.833478
0.704213
0.677574
0.718410
0.683104
0.675012
0.707833
0.677601
0.643116
0.664311
0.846263
0.475129
0.850744
0.643052
0.642004
0.620297
0.622225
0.660165
0.611329
0.633101
0.649704
0.638064
0.648960
0.626741
0.644140
0.643491
0.597098
0.700011
0.641616
0.899215
0.428387
0.670298
0.812443
0.634608
0.622360
0.632977
0.672329
0.657942
0.613851
0.625962
0.629659
0.660940
0.738633
0.707090
0.663178
0.650572
0.618750
0.626773
0.647972
0.645382
0.659796
0.621647
0.606356
0.622147
0.616592
0.621880
0.627164
0.673764
0.589366
0.593923
0.472851
0.588664
0.438701
0.658116
0.619499
0.625044
0.667520
0.603217
0.625731
0.483830
0.574026
0.782331
0.840599
0.919655
0.808238
0.547785
0.659016
0.735706
0.887131
0.650331
0.658086
0.649761
0.642223
0.460789
0.627381
0.678952
0.637203
0.706485
0.698774
0.896553
0.693916
0.626942
0.662998
0.613029
0.655913
0.672459
0.655107
0.491772
0.620273
0.823734
0.614208
0.637634
0.689972
0.676840
0.623453
0.720501
0.615100
0.644609
0.645748
0.635656
0.523787
0.592637
0.724187
0.644859
0.679891
0.649999
0.668225
0.660569
0.644263
0.723241
0.639520
0.653920
0.640072
0.624654
0.673490
0.638288
0.737018
0.628376
0.641135
0.828649
0.675838
0.679869
0.731882
0.667407
0.614299
0.704110
0.672668
0.478856
0.608587
0.734437
0.701540
0.661975
0.759762
0.467021
0.612937
0.456317
0.584143
0.458232
0.703213
0.717054
0.643487
0.705457
0.905308
0.737811
0.667949
0.618937
0.631471
0.638319
0.629501
0.692112
0.856102
0.638498
0.626976
0.626297
0.672567
0.640670
0.656075
0.653331
0.702447
0.620969
0.662522
0.663975
0.634727
0.624649
0.462470
0.619567
0.615889
0.633033
0.663692
0.646468
0.660219
0.629727
0.623120
0.786213
0.662683
0.670756
0.728984
0.689227
0.635999
0.680348
0.651587
0.635185
0.474637
0.672027
0.634409
0.698203
0.712071
0.639645
0.674210
0.694664
0.666693
0.657186
0.665736
0.630302
0.624375
0.659236
0.670387
0.698108
0.616888
0.632299
0.641840
0.622707
0.623172
0.608145
0.629712
0.613907
0.619965
0.619249
0.593976
0.452350
0.674911
0.598004
0.676260
0.616826
0.689822
0.641402
0.452377
0.642944
0.628338
0.829611
0.648587
0.646782
0.640205
0.625654
0.627315
0.637164
0.626035
0.641278
0.670201
0.645455
0.673191
0.633352
0.613718
0.638278
0.666894
0.666739
0.855137
0.694732
0.714560
0.685525
0.932833
0.539687
0.621303
0.643228
0.484397
0.662214
0.621452
0.490707
0.600451
0.457369
0.645355
0.639375
0.630912
0.642333
0.662845
0.664644
