0.00
489.74
451.27
362.79
469.48
405.30
434.81
401.60
379.91
393.76
408.41
363.39
414.28
308.30
322.30
325.04
290.72
350.66
360.29
271.38
386.82
386.71
379.03
328.17
342.71
330.04
304.56
295.62
228.93
283.55
248.97
192.87
303.76
265.32
322.97
360.60
347.69
295.67
377.70
369.67
283.82
382.28
243.04
318.64
322.86
223.53
167.82
319.72
273.39
275.93
259.81
218.10
229.55
196.75
279.18
330.51
264.59
273.63
294.61
291.42
308.54
181.07
172.87
203.43
246.86
315.19
227.32
222.81
231.78
96.70
180.99
109.27
190.48
202.64
96.55
231.94
243.55
301.21
150.28
103.97
250.01
203.47
147.06
141.80
209.36
183.79
135.29
161.84
169.63
243.31
259.39
117.98
238.90
253.55
151.90
195.14
192.37
193.40
195.08
245.59
177.83
170.87
145.23
213.57
126.08
262.57
189.95
173.40
183.06
244.72
196.18
196.86
208.77
214.18
184.49
178.96
170.09
168.20
232.22
202.47
180.13
144.80
168.37
199.44
178.11
86.62
188.33
186.89
70.35
164.35
129.55
94.86
211.99
84.01
137.97
68.00
83.57
104.88
126.10
112.96
113.16
52.66
107.25
44.19
124.65
52.95
101.14
146.21
292.27
256.54
430.20
162.90
280.01
350.60
413.35
277.29
246.99
256.81
275.42
289.82
119.49
151.77
192.28
52.80
113.53
133.70
194.76
103.25
136.18
136.59
221.26
292.14
123.14
120.41
294.43
159.53
68.26
82.31
238.18
349.31
386.24
372.53
402.46
120.74
369.74
235.20
224.44
188.11
238.91
367.87
242.02
265.61
255.77
205.40
206.17
294.44
281.13
117.97
44.34
18.63
20.27
30.59
112.59
110.40
138.16
151.07
198.32
224.00
128.96
92.93
164.98
105.68
135.43
139.62
200.03
64.27
20.50
15.45
38.73
243.92
236.50
476.54
194.97
147.03
197.25
201.55
142.38
164.42
181.02
128.39
179.12
139.17
150.63
165.50
159.08
211.59
146.44
164.24
160.06
198.42
169.99
188.50
112.44
190.56
162.65
220.55
151.18
164.95
164.67
174.71
219.06
166.66
185.66
169.80
238.23
159.25
143.04
117.88
167.11
199.32
187.84
216.94
218.03
109.63
155.05
199.27
235.75
121.34
225.58
151.61
195.65
99.43
221.66
178.36
145.00
186.54
269.54
288.32
136.64
168.83
199.21
117.01
97.95
306.65
64.55
231.64
374.42
164.29
89.85
424.18
125.65
205.12
229.09
230.75
329.44
259.42
180.69
230.68
170.20
173.49
106.28
311.47
196.70
306.83
92.42
12.46
258.07
14.04
15.99
46.22
213.36
172.06
167.71
166.21
155.30
73.99
71.51
49.79
98.12
80.13
403.26
167.82
44.36
290.45
128.84
47.59
79.48
124.63
95.68
