0.024588
0.624818
0.644894
0.630471
0.637201
0.632702
0.693780
0.639704
0.452265
0.636398
0.648610
0.612985
0.696721
0.634782
0.630807
0.675881
0.617206
0.644215
0.603519
0.409557
0.453874
0.621248
0.659969
0.606724
0.637517
0.665775
0.579616
0.628910
0.639725
0.668394
0.729354
0.467937
0.639979
0.673494
0.596808
0.455732
0.668333
0.660768
0.682086
0.635944
0.692805
0.628563
0.648269
0.619455
0.700063
0.606683
0.693417
0.681624
0.651788
0.613042
0.673321
0.483605
0.629139
0.652959
0.647996
0.648167
0.702923
0.634505
0.637732
0.632919
0.629878
0.658010
0.590531
0.635550
0.664293
0.636856
0.627102
0.617974
0.628752
0.661547
0.652453
0.439009
0.614077
0.634007
0.613970
0.645548
0.639772
0.633215
0.662062
0.621898
0.593450
0.649898
0.643791
0.716064
0.662397
0.712645
0.665557
0.714775
0.691962
0.686378
0.664577
0.635485
0.623398
0.648451
0.635030
0.800445
0.788636
0.719893
0.699507
0.752527
0.636743
0.638695
0.622987
0.650770
0.624493
0.629318
0.650361
0.795262
0.472659
0.678512
0.652299
0.614048
0.643111
0.658270
0.635842
0.627902
0.605274
0.664677
0.663324
0.716034
0.664729
0.648169
0.614771
0.636883
0.638234
0.677258
0.662932
0.668796
0.690240
0.711972
0.697581
0.678340
0.620914
0.668007
0.642832
0.667668
0.706257
0.645890
0.631236
0.637309
0.643674
0.694441
0.537990
0.458751
0.630278
0.710062
0.645345
0.637344
0.625674
0.794386
0.485228
0.628011
0.614611
0.656922
0.646770
0.619809
0.653242
0.451769
0.566383
0.693994
0.676965
0.618213
0.485932
0.633821
0.661517
0.645387
0.644477
0.629517
0.641303
0.646644
0.700770
0.678014
0.638978
0.628109
0.682546
0.624826
0.609375
0.432218
0.738124
0.678093
0.677916
0.632149
0.653662
0.650485
0.695817
0.708913
0.654982
0.668795
0.629436
0.641996
0.595812
0.449200
0.652058
0.703507
0.717238
0.704658
0.725768
0.664248
0.651926
0.650544
0.642824
0.693823
0.718861
0.661713
0.635753
0.456634
0.583801
0.613162
0.419904
0.476467
0.692025
0.622188
0.676219
0.735544
0.668223
0.751678
0.669079
0.946291
0.685352
0.445076
0.642356
0.663995
0.597087
0.471439
0.688488
0.669776
0.668472
0.728390
0.666314
0.647262
0.671859
0.626368
0.617625
0.692618
0.673770
0.693189
0.696503
0.655820
0.675908
0.699506
0.632926
0.705949
0.671103
0.728103
0.677580
0.643645
0.618813
0.676973
0.628571
0.644099
0.684162
0.733072
0.658068
0.714081
0.653698
0.605562
0.442352
0.619865
0.418504
0.614196
0.632128
0.638371
0.697925
0.716309
0.710296
0.729015
0.681858
0.689713
0.650288
0.586479
0.471001
0.641966
0.691500
0.626857
0.731938
0.584803
0.481046
0.652655
0.664376
0.667795
0.635928
0.649225
0.639071
0.838968
0.755012
0.736672
0.793400
0.663774
0.647747
0.688820
0.622478
0.435600
0.566270
0.625898
0.722647
0.461965
0.844781
0.677603
0.677475
0.662192
0.466202
0.642279
0.653053
0.700946
0.711375
0.627032
0.646937
0.645922
0.663846
0.711975
0.678956
0.683928
0.634714
0.602949
0.675593
0.632287
0.489630
0.686984
0.693540
0.639809
0.747780
0.642007
0.641559
0.691929
0.636097
0.672054
0.455344
0.660964
0.655307
