0.00
0.96
0.96
0.95
0.95
0.95
0.94
0.93
0.92
0.90
0.86
0.86
0.83
0.83
0.77
0.79
0.77
0.77
0.76
0.79
0.77
0.79
0.76
0.78
0.66
0.74
0.70
0.78
0.74
0.74
0.76
0.77
0.76
0.74
0.79
0.75
0.78
0.75
0.80
0.78
0.78
0.78
0.78
0.73
0.77
0.78
0.81
0.79
0.78
0.79
0.81
0.76
0.82
0.81
0.81
0.82
0.83
0.83
0.83
0.83
0.82
0.83
0.82
0.80
0.80
0.77
0.81
0.76
0.80
0.78
0.79
0.74
0.84
0.77
0.79
0.78
0.81
0.82
0.81
0.79
0.84
0.84
0.81
0.84
0.82
0.86
0.84
0.83
0.85
0.81
0.83
0.83
0.81
0.76
0.84
0.80
0.80
0.77
0.84
0.76
0.80
0.78
0.77
0.80
0.80
0.81
0.85
0.84
0.83
0.81
0.83
0.84
0.82
0.86
0.81
0.85
0.83
0.83
0.81
0.82
0.77
0.79
0.80
0.78
0.77
0.79
0.76
0.79
0.75
0.83
0.78
0.79
0.80
0.80
0.80
0.82
0.77
0.78
0.83
0.81
0.80
0.82
0.80
0.84
0.85
0.83
0.83
0.84
0.84
0.81
0.85
0.83
0.83
0.83
0.84
0.84
0.86
0.84
0.85
0.84
0.85
0.83
0.87
0.85
0.86
0.84
0.85
0.83
0.81
0.81
0.81
0.84
0.83
0.86
0.84
0.85
0.82
0.87
0.88
0.88
0.87
0.88
0.87
0.88
0.86
0.87
0.86
0.86
0.87
0.84
0.86
0.84
0.87
0.85
0.87
0.85
0.87
0.85
0.87
0.88
0.87
0.88
0.88
0.88
0.88
0.87
0.87
0.85
0.87
0.87
0.85
0.87
0.86
0.88
0.85
0.88
0.87
0.85
0.88
0.87
0.89
0.87
0.88
0.88
0.88
0.88
0.88
0.86
0.87
0.87
0.87
0.87
0.86
0.87
0.87
0.84
0.87
0.86
0.86
0.86
0.86
0.84
0.86
0.86
0.86
0.87
0.86
0.86
0.86
0.88
0.87
0.86
0.87
0.86
0.87
0.86
0.87
0.87
0.87
0.86
0.85
0.86
0.86
0.85
0.86
0.86
0.87
0.86
0.85
0.87
0.86
0.84
0.80
0.82
0.76
0.81
0.79
0.76
0.79
0.75
0.76
0.61
0.75
0.61
0.69
0.60
0.62
0.65
0.66
0.78
0.77
0.78
0.75
0.64
0.71
0.74
0.62
0.79
0.73
0.79
0.68
0.78
0.73
0.80
0.82
0.78
0.80
0.82
0.80
0.75
0.81
0.60
0.70
0.72
0.71
0.72
0.75
0.77
0.81
0.79
0.84
0.85
0.86
0.82
0.75
0.83
0.84
0.85
0.86
0.85
0.78
0.74
0.69
0.66
0.69
0.82
0.83
0.81
0.85
0.82
0.80
0.77
0.83
0.84
0.85
0.86
0.85
0.83
0.81
0.81
0.84
0.81
0.83
0.82
0.84
0.83
0.84
0.85
0.84
0.86
0.85
0.86
0.86
0.87
0.85
0.87
0.86
0.88
0.87
0.87
0.87
0.87
0.86
0.86
0.86
0.86
0.88
0.88
0.88
0.83
0.84
0.80
0.82
0.82
0.84
0.77
0.78
0.71
0.80
0.75
0.82
0.66
0.74
0.74
0.60
0.57
0.82
0.85
0.89
0.83
0.82
0.85
0.85
0.88
0.83
0.85
0.85
0.84
0.86
0.80
0.84
0.82
0.83
0.85
0.84
0.86
0.86
0.88
0.86
0.87
0.85
0.83
0.82
0.80
0.82
0.82
0.79
0.83
0.83
0.82
0.77
0.81
0.84
0.83
0.82
0.85
0.85
0.86
0.85
0.86
0.86
0.85
0.86
0.86
0.88
0.86
0.86
0.86
0.84
0.84
0.85
0.84
0.85
0.85
0.86
0.84
0.85
0.84
0.85
0.85
0.82
0.82
0.80
0.80
0.81
0.78
0.76
0.75
0.63
0.74
0.78
0.74
0.70
0.74
0.70
0.77
0.83
0.74
0.79
0.70
0.73
0.73
0.65
0.71
0.78
0.55
0.76
0.79
0.81
0.78
0.75
0.83
0.79
0.79
0.74
0.71
0.67
0.65
0.72
0.70
0.68
0.73
0.65
0.71
0.76
0.73
0.78
0.68
0.69
0.74
0.78
0.66
0.64
0.67
0.70
0.60
0.74
0.80
0.83
0.83
0.73
0.67
0.66
0.65
0.70
0.71
0.80
0.77
0.71
0.81
0.74
0.77
0.69
0.70
0.72
0.75
0.62
0.70
0.77
0.76
0.81
0.84
0.80
0.81
0.82
0.81
0.85
0.83
0.75
0.79
0.75
0.74
0.77
0.72
0.73
0.78
0.76
0.77
0.81
0.83
0.81
0.76
0.74
0.73
0.72
0.75
0.79
0.80
0.81
0.80
0.81
0.82
0.82
0.78
0.84
0.81
0.81
0.81
0.83
0.82
0.81
0.82
0.80
0.83
0.84
0.83
0.82
0.81
0.82
0.79
0.80
0.81
0.81
0.76
0.76
0.75
0.79
0.77
0.77
0.78
0.80
0.81
0.78
0.75
0.72
0.75
0.76
0.82
0.81
0.83
0.82
0.81
0.82
0.81
0.79
0.83
0.84
0.84
0.83
0.84
0.82
0.82
0.81
0.81
0.78
0.79
0.80
0.81
0.79
0.82
0.78
0.78
0.76
0.79
0.77
0.79
0.80
0.80
0.77
0.75
0.77
0.77
0.79
0.81
0.77
0.81
0.82
0.80
0.80
0.79
0.82
0.78
0.80
0.80
0.73
0.75
0.76
0.77
0.73
0.76
0.78
0.82
0.77
0.78
0.79
0.82
0.82
0.78
0.79
0.82
0.79
0.80
0.79
0.79
0.82
0.85
0.84
0.84
0.82
0.83
0.84
0.85
0.85
0.84
0.84
0.85
0.85
0.83
0.84
0.83
0.84
0.84
0.83
0.85
0.85
0.84
0.84
0.84
0.84
0.84
0.83
0.84
0.85
0.84
0.83
0.83
0.84
0.83
0.82
0.83
0.83
0.83
0.83
0.82
0.82
0.82
0.82
0.83
0.80
0.81
0.82
0.82
0.82
0.83
0.83
0.84
0.84
0.83
0.83
0.84
0.83
0.83
0.83
0.81
0.83
0.83
0.83
0.82
0.82
0.84
0.82
0.83
0.83
0.84
0.83
0.83
0.83
0.83
0.84
0.83
0.83
0.83
0.84
0.83
0.84
0.84
0.83
0.85
0.84
0.84
0.85
0.85
0.85
0.86
0.84
0.85
0.85
0.85
0.84
0.86
0.85
0.85
0.85
0.85
0.85
0.85
0.84
0.85
0.83
0.83
0.84
0.81
0.82
0.80
0.81
0.80
0.82
0.82
0.82
0.84
0.81
0.82
0.83
0.83
0.83
0.84
0.85
0.85
0.83
0.84
0.85
0.84
0.86
0.83
0.86
0.85
0.85
0.86
0.85
0.85
0.87
0.85
0.87
0.87
0.87
0.86
0.85
0.87
0.85
0.85
0.86
0.85
0.86
0.86
0.85
0.86
0.87
0.87
0.86
0.86
0.85
0.85
0.87
0.86
0.86
0.85
0.87
0.85
0.85
0.85
0.85
0.86
0.85
0.86
0.85
0.85
0.84
0.85
0.87
0.84
0.86
0.85
0.83
0.84
0.82
0.86
0.84
0.85
0.84
0.83
0.86
0.85
0.85
0.85
0.83
0.84
0.83
0.84
0.85
0.84
0.85
0.84
0.84
0.84
0.84
0.84
0.85
0.85
0.84
0.84
0.84
0.85
0.84
0.84
0.87
0.85
0.85
0.86
0.85
0.85
0.85
0.83
0.85
0.85
0.84
0.83
0.84
0.85
0.86
0.85
0.84
0.85
0.84
0.85
0.85
0.84
0.85
0.85
0.85
0.85
0.85
0.84
0.85
0.84
0.85
0.84
0.84
0.84
0.85
0.84
0.84
0.85
0.84
0.82
0.84
0.84
0.83
0.83
0.84
0.85
0.85
0.84
0.85
0.84
0.84
0.84
0.84
0.84
0.84
0.84
0.84
0.84
0.84
0.83
0.83
0.84
0.84
0.85
0.85
0.82
0.84
0.84
0.85
0.83
0.84
0.85
0.85
0.83
0.85
0.85
0.84
0.83
0.85
0.85
0.84
0.84
0.84
0.84
0.84
0.85
0.84
0.85
0.83
0.84
0.84
0.85
0.85
0.85
0.84
0.85
0.86
0.85
0.86
0.85
0.86
0.86
0.86
0.87
0.86
0.86
0.86
0.85
0.86
0.86
0.86
0.86
0.86
0.86
0.86
0.86
0.87
0.86
0.87
0.87
0.85
0.86
0.86
0.87
0.86
0.87
0.87
0.86
0.86
0.87
0.85
0.87
0.86
0.85
0.87
0.86
0.87
0.86
0.88
0.87
0.86
0.86
0.86
0.85
0.86
0.87
0.87
0.86
0.88
0.87
0.87
0.86
0.86
0.86
0.87
0.87
0.87
0.86
0.87
0.87
0.87
0.86
0.86
0.86
0.86
0.87
0.87
0.87
0.85
0.87
0.85
0.87
0.86
0.86
0.86
0.86
0.86
0.86
0.84
0.85
0.87
0.87
0.87
0.84
0.86
0.85
0.85
0.85
0.87
0.85
0.86
0.87
0.85
0.86
0.85
0.88
0.86
0.87
0.86
0.87
0.86
0.87
0.87
0.86
0.86
0.85
0.87
0.87
0.88
0.86
0.86
0.85
0.85
0.88
0.85
0.85
0.86
0.86
0.86
0.84
0.86
0.87
0.87
0.87
0.86
0.86
0.86
0.85
0.87
0.85
0.86
0.86
0.86
0.87
0.86
0.87
0.87
0.87
0.88
0.88
0.87
0.88
0.87
0.88
0.89
0.88
0.88
0.88
0.89
0.88
0.88
0.88
0.89
0.89
0.89
0.87
0.89
0.89
0.90
0.88
0.87
0.89
0.89
0.88
0.89
0.88
0.88
0.87
0.86
0.86
0.84
0.82
0.84
0.85
0.83
0.84
0.81
0.84
0.83
0.83
0.82
0.82
0.82
0.81
0.83
0.85
0.84
0.83
0.85
0.86
0.85
0.87
0.85
0.85
0.85
0.86
0.86
0.85
0.85
0.86
0.84
0.84
0.86
0.85
0.82
0.84
0.83
0.82
0.84
0.79
0.81
0.83
0.84
0.83
0.83
0.84
0.82
0.84
0.85
0.85
0.84
0.84
0.84
0.84
0.83
0.81
0.82
0.81
0.83
0.85
0.82
0.81
0.82
0.79
0.80
0.81
0.81
0.81
0.81
0.80
0.82
0.82
0.80
0.86
0.84
0.85
0.81
0.81
0.79
0.82
0.73
0.80
0.78
0.79
0.82
0.82
0.81
0.86
0.83
0.83
0.85
0.82
0.85
0.82
0.86
0.85
0.85
0.85
0.85
0.86
0.85
0.86
0.83
0.83
0.85
0.85
0.82
0.86
0.88
0.84
0.86
0.84
0.88
0.87
0.86
0.85
0.84
0.84
0.82
0.67
0.63
0.60
0.62
0.53
0.36
0.40
0.55
0.51
0.54
0.78
0.57
0.53
0.75
0.51
0.87
0.77
0.81
0.58
0.77
0.80
0.62
0.76
0.68
0.61
0.83
0.56
0.30
0.58
0.63
0.79
0.82
0.88
0.86
0.88
0.90
0.88
0.89
0.88
0.87
0.86
0.87
0.87
0.88
0.87
0.88
0.88
0.89
0.89
0.89
0.89
0.89
0.88
0.89
0.89
0.89
0.88
0.88
0.89
0.88
0.89
0.89
0.88
0.88
0.88
0.88
0.86
0.88
0.88
0.87
0.87
0.87
0.85
0.86
0.85
0.87
0.84
0.85
0.87
0.86
0.82
0.83
0.82
0.83
0.84
0.84
0.85
0.85
0.85
0.84
0.83
0.82
0.82
0.80
0.81
0.82
0.81
0.84
0.83
0.81
0.82
0.83
0.81
0.77
0.75
0.80
0.81
0.78
0.80
0.74
0.79
0.78
0.80
0.82
0.82
0.81
0.79
0.82
0.66
0.78
0.80
0.76
0.80
0.82
0.82
0.85
0.85
0.81
0.83
0.82
0.80
0.81
0.82
0.83
0.79
0.82
0.82
0.83
0.81
0.83
0.84
0.77
0.81
0.82
0.80
0.79
0.81
0.78
0.81
0.76
0.78
0.77
0.74
0.74
0.77
0.72
0.76
0.70
0.69
0.68
0.58
0.58
0.67
0.58
0.50
0.65
0.49
0.57
0.51
0.50
0.53
0.55
0.52
0.55
0.49
0.56
0.56
0.58
0.56
0.57
0.61
0.59
0.60
0.62
0.61
0.66
0.62
0.60
0.59
0.67
0.58
0.65
0.68
0.65
0.72
0.74
0.74
0.75
0.75
0.71
0.74
0.75
0.74
0.76
0.81
0.79
0.77
0.81
0.82
0.82
0.82
0.82
0.83
0.81
0.85
0.85
0.79
0.86
0.85
0.86
0.86
0.88
0.84
0.89
0.84
0.88
0.83
0.80
0.82
0.80
0.77
0.82
0.68
0.70
0.73
0.72
0.74
0.70
0.66
0.60
0.63
0.64
0.64
0.59
0.57
0.58
0.54
0.56
0.53
0.55
0.53
0.50
0.47
0.55
0.50
0.55
0.51
0.57
0.56
0.65
0.58
0.56
0.77
0.88
0.86
0.87
0.88
0.89
0.88
0.87
0.86
0.85
0.87
0.84
0.86
0.83
0.84
0.81
0.82
0.85
0.86
0.83
0.85
0.85
0.85
0.84
0.82
0.83
0.84
0.83
0.84
0.83
0.82
0.82
0.82
0.80
0.80
0.81
0.77
0.78
0.79
0.79
0.80
0.80
0.80
0.81
0.81
0.83
0.82
0.82
0.81
0.80
0.82
0.80
0.81
0.82
0.83
0.80
0.78
0.77
0.80
0.81
0.80
0.79
0.82
0.82
0.79
0.81
0.81
0.83
0.82
0.83
0.82
0.83
0.80
0.81
0.81
0.80
0.78
0.76
0.80
0.78
0.79
0.79
0.83
0.80
0.80
0.79
0.79
0.82
0.83
0.83
0.82
0.82
0.85
0.83
0.83
0.85
0.85
0.77
0.82
0.82
0.83
0.82
0.81
0.80
0.79
0.81
0.81
0.81
0.81
0.83
0.81
0.82
0.81
0.77
0.75
0.78
0.80
0.80
0.82
0.78
0.81
0.77
0.80
0.81
0.83
0.79
0.81
0.81
0.82
0.80
0.80
0.75
0.72
0.72
0.73
0.55
0.71
0.67
0.50
0.73
0.57
0.61
0.53
0.39
0.47
0.56
0.60
0.68
0.85
0.78
0.75
0.80
0.79
0.81
0.81
0.77
0.80
0.78
0.81
0.82
0.79
0.83
0.82
0.84
0.83
0.84
0.83
0.83
0.82
0.82
0.82
0.83
0.82
0.81
0.80
0.79
0.81
0.78
0.79
0.80
0.82
0.81
0.81
0.83
0.82
0.82
0.82
0.81
0.82
0.83
0.80
0.83
0.83
0.83
0.83
0.81
0.81
0.80
0.84
0.81
0.81
0.79
0.82
0.81
0.81
0.81
0.81
0.79
0.81
0.80
0.78
0.80
0.78
0.81
0.81
0.78
0.80
0.77
0.82
0.81
0.84
0.83
0.85
0.84
0.85
0.82
0.84
0.84
0.84
0.83
0.84
0.85
0.82
0.84
0.84
0.85
0.80
0.79
0.83
0.80
0.80
0.81
0.80
0.81
0.81
0.81
0.81
0.80
0.83
0.78
0.82
0.83
0.84
0.85
0.84
0.85
0.84
0.86
0.86
0.87
0.87
0.84
0.86
0.86
0.83
0.85
0.85
0.83
0.84
0.86
0.84
0.82
0.83
0.83
0.85
0.80
0.85
0.79
0.83
0.81
0.80
0.81
0.79
0.82
0.77
0.81
0.75
0.79
0.79
0.81
0.78
0.79
0.81
0.80
0.80
0.79
0.79
0.80
0.81
0.80
0.78
0.79
0.79
0.79
0.80
0.80
0.80
0.79
0.80
0.77
0.78
0.79
0.77
0.79
0.79
0.77
0.78
0.82
0.80
0.78
0.80
0.79
0.81
0.81
0.80
0.81
0.77
0.80
0.82
0.82
0.80
0.81
0.80
0.80
0.81
0.82
0.80
0.82
0.80
0.82
0.81
0.82
0.81
0.82
0.79
0.83
0.82
0.83
0.84
0.81
0.83
0.83
0.82
0.81
0.84
0.82
0.79
0.80
0.82
0.84
0.84
0.84
0.83
0.83
0.83
0.81
0.83
0.82
0.81
0.81
0.83
0.81
0.82
0.80
0.80
0.81
0.78
0.80
0.84
0.81
0.80
0.81
0.80
0.80
0.82
0.83
0.84
0.83
0.84
0.84
0.84
0.82
0.82
0.82
0.82
0.83
0.82
0.82
0.82
0.82
0.82
0.82
0.82
0.81
0.84
0.81
0.83
0.80
0.84
0.82
0.84
0.82
0.83
0.84
0.83
0.84
0.83
0.83
0.82
0.82
0.82
0.83
0.81
0.83
0.83
0.84
0.83
0.83
0.81
0.83
0.81
0.82
0.81
0.83
0.84
0.83
0.84
0.84
0.82
0.83
0.83
0.85
0.84
0.85
0.83
0.83
0.84
0.83
0.82
0.83
0.82
0.83
0.82
0.84
0.82
0.82
0.83
0.82
0.82
0.80
0.83
0.81
0.83
0.82
0.82
0.82
0.79
0.81
0.81
0.82
0.81
0.82
0.79
0.81
0.80
0.81
0.82
0.81
0.81
0.82
0.82
0.79
0.79
0.81
0.80
0.79
0.80
0.78
0.80
0.77
0.81
0.82
0.82
0.81
0.82
0.81
0.82
0.81
0.81
0.81
0.81
0.80
0.81
0.81
0.81
0.82
0.80
0.81
0.81
0.79
0.78
0.80
0.82
0.82
0.81
0.81
0.80
0.80
0.79
0.81
0.81
0.79
0.81
0.81
0.81
0.80
0.80
0.80
0.82
0.81
0.79
0.80
0.81
0.81
0.80
0.82
0.80
0.82
0.82
0.83
0.83
0.83
0.82
0.82
0.81
0.81
0.81
0.80
0.81
0.82
0.81
0.81
0.81
0.81
0.81
0.82
0.82
0.81
0.82
0.82
0.82
0.82
0.81
0.81
0.81
0.81
0.82
0.83
0.81
0.81
0.80
0.81
0.81
0.80
0.81
0.81
0.81
0.82
0.81
0.81
0.82
0.80
0.80
0.79
0.80
0.80
0.81
0.80
0.79
0.79
0.79
0.80
0.80
0.79
0.80
0.79
0.80
0.81
0.81
0.80
0.81
0.80
0.80
0.79
0.82
0.81
0.81
0.81
0.79
0.80
0.80
0.80
0.80
0.81
0.80
0.81
0.80
0.81
0.81
0.81
0.82
0.80
0.81
0.81
0.81
0.81
0.81
0.81
0.81
0.81
0.80
0.80
0.80
0.81
0.82
0.81
0.83
0.81
0.83
0.82
0.82
0.81
0.82
0.81
0.81
0.80
0.80
0.82
0.79
0.81
0.80
0.80
0.81
0.80
0.80
0.81
0.81
0.81
0.79
0.81
0.80
0.79
0.79
0.79
0.80
0.80
0.79
0.79
0.79
0.80
0.80
0.80
0.79
0.80
0.82
0.80
0.79
0.79
0.81
0.80
0.80
0.80
0.81
0.81
0.80
0.80
0.80
0.80
0.81
0.80
0.80
0.81
0.80
0.79
0.81
0.81
0.80
0.79
0.81
0.80
0.80
0.80
0.80
0.79
0.79
0.79
0.80
0.78
0.80
0.80
0.79
0.79
0.80
0.79
0.80
0.79
0.79
0.80
0.79
0.78
0.78
0.79
0.78
0.78
0.79
0.79
0.79
0.79
0.78
0.79
0.79
0.77
0.80
0.79
0.78
0.79
0.80
0.79
0.80
0.79
0.79
0.77
0.79
0.79
0.80
0.79
0.78
0.80
0.77
0.79
0.80
0.78
0.77
0.76
0.77
0.80
0.77
0.79
0.76
0.78
0.76
0.79
0.74
0.78
0.73
0.74
0.76
0.76
0.74
0.78
0.76
0.75
0.78
0.74
0.75
0.75
0.74
0.75
0.74
0.75
0.76
0.75
0.77
0.76
0.76
0.77
0.75
0.76
0.76
0.75
0.77
0.77
0.73
0.77
0.76
0.76
0.75
0.76
0.78
0.76
0.77
0.77
0.75
0.76
0.77
0.77
0.78
0.79
0.76
0.75
0.77
0.75
0.75
0.79
0.77
0.74
0.77
0.76
0.77
0.77
0.76
0.77
0.78
0.78
0.77
0.79
0.77
0.79
0.77
0.77
0.78
0.79
0.78
0.78
0.77
0.80
0.78
0.79
0.78
0.77
0.78
0.77
0.78
0.79
0.78
0.77
0.76
0.78
0.79
0.78
0.78
0.77
0.77
0.77
0.78
0.77
0.75
0.76
0.76
0.79
0.77
0.79
0.78
0.78
0.77
0.77
0.77
0.78
0.77
0.77
0.77
0.78
0.75
0.77
0.76
0.79
0.77
0.78
0.79
0.78
0.77
0.78
0.77
0.77
0.78
0.77
0.79
0.79
0.77
0.78
0.79
0.78
0.77
0.79
0.80
0.79
0.80
0.80
0.82
0.78
0.77
0.78
0.79
0.78
0.78
0.81
0.80
0.80
0.79
0.80
0.78
0.79
0.79
0.79
0.79
0.80
0.79
0.80
0.80
0.80
0.80
0.81
0.81
0.81
0.80
0.80
0.81
0.81
0.81
0.79
0.81
0.81
0.81
0.79
0.80
0.82
0.79
0.81
0.80
0.80
0.79
0.80
0.81
0.80
0.79
0.80
0.79
0.81
0.81
0.81
0.81
0.82
0.82
0.82
0.82
0.80
0.81
0.81
0.82
0.81
0.81
0.82
0.81
0.81
0.82
0.82
0.82
0.82
0.82
0.81
0.82
0.81
0.81
0.83
0.83
0.82
0.83
0.83
0.84
0.82
0.83
0.83
0.81
0.83
0.83
0.83
0.85
0.83
0.84
0.82
0.82
0.83
0.84
0.84
0.82
0.84
0.83
0.82
0.83
