579	251	47	46
577	252	46	43
576	253	47	43
575	253	47	43
575	254	46	43
575	254	46	43
574	255	47	42
574	255	47	42
572	255	48	42
572	255	47	42
572	256	48	43
572	256	48	42
571	257	49	43
571	257	48	43
569	256	49	44
569	256	48	43
568	256	50	44
568	256	49	44
567	253	52	48
568	253	51	47
567	252	52	48
567	251	52	49
566	251	53	49
566	250	53	50
564	253	52	47
565	250	54	50
564	250	54	51
563	248	54	52
563	248	53	52
562	248	54	52
562	247	54	53
562	247	54	54
561	246	54	53
560	245	55	53
561	245	55	53
560	244	55	53
560	244	54	52
559	243	54	53
559	243	55	53
559	242	55	53
559	241	56	54
558	240	56	55
558	239	55	55
558	239	54	55
558	239	55	56
558	237	55	56
557	236	55	56
557	235	56	57
557	235	56	57
556	234	56	58
556	233	56	58
556	233	56	57
556	232	57	58
555	231	56	59
556	231	56	59
555	230	56	59
556	230	56	60
555	229	56	59
554	228	56	60
554	227	56	60
554	226	56	61
553	226	57	61
553	225	57	61
553	224	57	61
553	224	57	61
553	223	57	62
552	223	58	61
551	223	58	61
551	222	58	61
551	222	58	60
551	222	58	61
550	223	58	61
550	221	58	61
550	222	58	62
549	222	58	61
548	222	58	61
549	222	59	62
548	221	58	62
548	221	59	62
546	222	59	62
546	221	59	62
546	221	59	62
545	221	59	63
546	221	59	63
546	221	59	63
544	221	59	63
544	220	59	63
543	221	60	65
543	220	60	63
543	220	60	65
542	220	60	64
542	220	60	64
543	219	60	64
541	220	61	65
541	219	60	64
541	219	61	65
541	218	61	64
541	219	61	65
540	218	61	64
541	218	61	65
539	218	62	64
540	217	62	65
539	218	62	64
540	217	62	65
540	218	62	65
539	218	62	64
539	216	62	65
539	217	62	65
539	216	62	65
540	216	62	65
539	216	62	65
539	215	62	65
539	216	62	66
539	215	62	65
539	214	63	66
539	214	62	66
539	214	63	66
539	214	63	65
539	213	63	65
539	213	63	65
539	213	63	65
539	212	63	65
539	212	63	66
539	211	63	65
540	211	63	65
539	211	64	65
539	211	64	65
540	211	64	65
540	211	64	65
539	210	64	64
540	210	65	65
541	209	64	65
540	209	64	64
541	208	64	65
542	208	65	65
541	208	65	65
541	208	65	66
542	208	65	66
542	207	64	66
543	206	65	67
543	207	65	67
544	206	64	67
544	207	64	67
545	206	65	66
545	206	65	66
545	205	65	67
546	205	65	67
546	205	65	67
546	205	65	66
547	204	66	67
547	204	65	66
547	204	66	66
548	204	66	66
549	203	67	66
549	203	66	66
549	203	67	66
550	202	66	66
551	202	66	65
551	201	67	66
552	202	67	65
552	201	67	65
554	201	67	65
554	200	66	65
554	201	67	65
555	200	67	65
556	200	67	64
556	200	67	64
558	199	67	65
558	198	67	65
559	198	67	65
559	199	67	65
561	197	67	65
561	198	67	65
561	197	66	65
562	197	67	64
563	197	67	64
564	197	67	64
565	196	67	64
565	196	66	64
564	195	66	64
564	196	66	64
564	194	66	65
563	194	67	65
563	194	66	64
562	194	66	64
563	193	66	64
562	193	66	65
562	192	66	64
562	191	66	64
562	191	66	64
562	190	66	64
562	190	66	65
562	190	65	64
562	190	66	64
561	190	65	64
562	189	66	64
562	188	65	64
562	189	66	63
562	188	65	63
561	188	65	63
561	188	65	63
561	188	65	63
561	187	65	63
561	187	65	63
561	187	65	63
561	187	65	63
561	187	65	62
562	187	65	62
561	187	65	62
561	186	65	62
562	186	64	62
562	186	64	62
562	186	64	62
562	185	64	61
562	186	64	61
563	185	64	62
562	184	64	62
563	185	64	62
563	184	63	62
563	185	64	62
563	184	63	62
563	185	63	61
563	184	63	61
564	184	63	61
564	184	63	61
564	183	63	61
564	184	63	60
564	183	63	60
564	183	62	60
564	183	63	60
564	183	63	60
565	183	62	59
565	183	63	60
565	183	62	60
565	182	62	60
566	183	62	60
565	183	62	59
566	183	62	59
565	183	62	59
566	184	61	59
566	184	62	59
567	184	62	59
566	184	62	59
566	185	62	60
567	186	61	59
566	186	61	59
566	186	61	59
567	186	61	59
566	187	62	59
565	188	62	59
565	188	61	59
566	188	61	59
565	189	62	59
566	190	61	59
565	190	61	59
565	191	61	59
564	192	61	59
564	192	61	59
564	193	61	60
564	194	61	59
564	195	61	59
563	196	61	59
563	196	61	59
563	197	61	60
563	197	61	60
562	198	61	60
562	199	61	60
561	199	62	60
561	200	61	60
560	200	62	60
559	202	62	60
560	203	61	59
559	206	59	57
558	204	60	60
559	208	58	56
557	206	60	59
558	206	59	59
556	206	61	60
556	206	61	61
555	208	60	59
554	208	60	59
554	215	54	54
553	211	62	60
553	214	55	56
552	212	62	59
553	216	54	56
551	214	62	59
551	213	63	61
549	213	65	62
549	213	63	63
549	214	63	62
548	214	64	63
548	215	63	63
547	215	63	63
546	216	63	63
545	216	63	64
545	217	62	63
544	217	63	63
544	217	64	64
543	218	64	64
542	218	65	66
542	219	63	65
542	220	62	64
542	220	62	65
542	220	63	66
541	220	63	67
541	221	63	66
540	221	63	65
539	222	63	65
540	223	62	68
539	222	64	68
539	222	64	68
539	222	64	68
539	223	63	68
539	223	64	68
539	223	64	69
538	225	64	69
538	224	64	69
538	224	64	69
537	224	64	69
538	225	65	71
537	225	65	70
537	226	65	70
537	226	65	70
537	226	66	70
537	226	65	70
536	227	65	69
536	227	65	70
537	227	66	73
536	227	66	72
536	227	67	72
536	227	66	71
536	228	66	71
535	228	66	72
536	228	66	72
535	229	67	73
536	228	67	72
535	228	67	73
536	228	67	73
535	229	67	73
535	228	68	72
535	228	68	74
535	229	68	74
536	229	68	74
536	228	68	75
536	228	68	75
536	228	69	76
536	228	69	75
537	227	69	75
537	228	69	77
537	228	69	74
538	227	69	76
538	228	69	77
538	227	70	77
539	227	70	76
539	227	70	76
538	226	70	75
539	226	70	77
539	226	70	75
539	226	71	76
539	226	71	76
540	226	71	76
540	225	71	76
540	225	71	77
542	224	72	77
541	225	72	76
542	224	72	77
542	224	72	77
543	223	73	77
543	223	73	78
542	223	73	77
544	222	73	78
544	222	74	78
544	221	74	79
545	221	74	79
546	221	74	78
546	221	74	78
545	220	74	78
546	220	75	78
546	220	74	78
548	219	75	79
548	219	75	79
548	219	76	79
548	218	76	79
549	218	76	81
549	218	76	80
551	222	70	74
550	218	78	79
551	216	76	80
551	217	77	78
552	215	78	79
552	217	77	78
554	217	76	77
554	214	77	80
555	216	75	78
555	214	77	78
556	211	78	81
557	211	79	81
559	209	77	81
559	209	78	83
560	207	79	82
561	207	78	83
562	206	78	82
562	204	79	81
565	204	77	82
565	203	78	81
566	202	80	82
567	201	78	82
568	199	78	82
570	198	78	81
571	197	78	81
572	196	79	81
573	195	79	80
575	194	79	79
576	192	78	80
577	192	78	80
579	190	78	80
580	189	78	80
582	188	78	80
583	187	78	80
585	185	78	79
586	184	76	78
587	182	77	79
590	183	75	77
590	181	77	78
592	179	77	78
593	179	76	76
594	176	77	77
596	174	77	77
597	173	76	77
599	173	77	76
600	172	76	76
601	168	76	77
603	168	75	77
604	167	75	75
605	164	75	76
607	163	75	76
608	162	73	76
609	161	74	76
611	159	73	75
611	158	74	76
612	157	73	76
613	156	73	76
614	155	73	76
614	154	72	75
615	153	72	75
616	152	71	75
617	152	71	74
618	151	71	74
618	151	71	73
619	149	70	73
618	149	71	73
619	149	71	73
620	149	70	73
620	148	70	72
620	148	69	72
620	147	69	72
620	148	69	72
621	148	69	72
620	147	69	72
620	148	68	71
620	148	68	71
619	148	67	71
619	149	66	70
620	149	66	70
619	149	66	70
618	149	65	70
619	151	65	68
619	155	59	64
617	151	65	69
616	151	64	68
616	152	65	67
615	153	64	67
615	153	63	66
614	152	63	68
613	152	65	70
614	153	64	69
612	154	62	69
612	155	62	68
611	156	61	67
610	156	63	68
609	157	61	66
609	158	59	67
608	158	58	66
607	158	62	68
606	159	60	67
606	159	61	66
605	161	62	65
605	161	60	67
603	162	60	67
604	162	59	67
602	164	61	68
601	164	61	67
600	165	59	66
600	165	58	66
599	166	58	66
598	168	58	67
598	168	57	66
597	169	57	66
596	169	58	66
593	170	58	68
593	171	58	65
593	170	58	68
593	171	58	67
593	172	56	66
592	173	55	65
591	173	56	65
590	173	56	65
589	175	56	64
589	175	54	63
588	175	55	65
587	177	55	64
586	177	54	62
585	177	55	65
585	177	55	64
584	177	55	64
584	178	54	65
584	179	54	63
583	179	54	63
582	180	55	65
581	180	55	63
580	180	54	64
580	180	55	66
579	180	53	65
579	181	54	67
579	182	53	65
579	182	53	64
579	182	53	64
578	182	53	64
577	183	53	64
577	183	52	65
577	183	51	65
576	183	50	64
576	185	52	65
575	185	51	65
575	186	51	64
573	186	51	65
574	186	51	65
573	187	51	65
573	187	52	65
572	187	52	64
572	189	52	65
570	189	51	65
570	190	51	64
569	190	51	64
569	190	51	64
569	191	51	64
569	191	51	64
568	192	49	65
569	192	51	64
568	193	49	64
567	193	48	63
566	193	49	63
566	194	46	63
565	194	49	64
566	194	51	64
565	195	50	65
566	196	49	64
565	197	51	65
565	197	51	64
564	197	50	65
563	197	50	65
564	197	50	65
563	198	50	65
563	198	49	64
563	199	50	65
563	198	51	65
562	199	50	64
563	199	50	65
562	199	50	65
562	200	50	67
563	200	51	67
562	200	50	67
562	201	50	67
563	201	50	66
563	201	50	66
562	201	50	67
563	202	50	67
563	201	50	67
563	201	50	67
563	201	49	67
562	202	49	66
562	203	51	67
563	202	50	67
563	203	50	67
563	203	50	67
563	204	49	67
563	204	49	67
563	204	49	67
563	205	48	67
563	204	48	67
563	204	49	68
564	205	49	67
564	206	48	67
564	206	48	67
564	206	49	67
565	206	48	67
564	206	49	67
565	206	48	68
565	206	48	67
565	205	49	68
566	207	49	67
566	207	48	69
566	206	48	68
567	208	48	68
566	206	48	68
566	207	49	69
566	207	48	69
566	207	48	69
567	207	48	69
566	206	48	69
567	207	48	68
567	207	48	69
568	208	48	69
567	207	48	70
567	207	48	70
567	207	48	69
567	207	48	69
567	206	49	70
567	207	48	69
568	207	48	69
567	207	48	69
568	207	48	69
567	206	47	69
568	207	47	70
568	207	47	69
567	207	48	70
567	206	48	69
567	207	47	70
567	206	48	70
567	206	48	70
567	206	48	70
567	206	48	71
567	207	48	71
566	206	47	70
566	207	47	71
567	206	47	71
567	206	47	73
567	206	46	72
567	207	44	72
566	206	46	72
566	205	46	72
566	206	47	71
566	206	47	72
566	206	46	72
565	205	47	72
565	206	47	72
565	205	47	73
565	206	48	73
564	206	47	73
564	205	47	74
563	206	47	74
564	205	48	74
564	206	48	74
563	205	47	74
562	205	48	74
562	205	47	75
563	206	47	75
562	206	48	75
563	205	46	75
562	206	46	75
563	206	46	75
562	206	47	75
562	206	46	75
562	205	46	75
562	206	46	75
563	206	47	76
562	206	47	76
562	206	47	76
562	206	47	77
562	207	47	77
563	206	47	77
563	206	47	77
563	206	47	79
562	207	47	78
563	207	47	77
563	207	47	78
563	207	47	79
563	208	47	79
562	208	47	78
562	208	47	79
563	209	47	79
563	209	47	79
562	209	48	79
563	209	47	79
563	209	48	79
563	209	47	79
563	209	47	80
563	210	47	80
564	211	47	80
563	211	48	80
564	211	48	80
563	211	48	81
563	212	48	81
565	212	47	81
565	213	48	81
564	214	48	82
565	213	48	82
564	214	48	82
564	214	48	82
564	215	48	82
565	215	48	83
565	215	48	83
565	216	48	84
565	216	48	84
565	216	48	84
565	216	48	84
566	216	48	85
566	216	48	85
567	216	48	85
566	216	48	86
567	216	48	86
567	216	48	86
567	217	48	86
567	217	49	87
568	217	48	87
568	217	49	87
568	217	48	87
568	217	49	88
568	217	49	88
568	217	49	88
568	217	49	89
569	218	49	89
569	218	49	90
570	218	49	90
569	217	48	90
570	218	49	90
569	218	50	91
570	217	49	92
570	217	49	91
570	217	50	92
570	218	50	93
571	217	50	93
570	218	50	93
571	218	50	93
571	217	50	93
571	217	50	94
572	217	50	94
572	218	50	94
571	217	51	95
571	217	51	95
571	218	51	96
572	218	51	96
571	217	52	96
571	218	52	96
571	218	52	97
571	218	52	97
572	218	52	97
572	218	52	97
571	219	52	98
572	218	53	99
572	219	52	98
572	219	53	99
572	219	54	98
573	219	53	99
572	218	54	99
572	218	54	100
572	219	54	100
573	218	55	100
572	219	55	101
572	218	55	101
572	218	56	101
573	218	56	101
573	217	56	102
573	218	57	103
573	218	58	103
573	217	58	103
574	217	58	103
574	217	59	104
574	217	59	104
573	216	59	104
574	217	60	105
574	216	59	105
574	215	60	105
574	215	60	105
574	214	60	105
574	213	61	106
574	213	61	106
573	212	61	106
574	210	61	106
574	210	62	106
574	208	61	107
573	207	62	107
573	206	62	107
573	205	62	107
574	203	62	107
573	201	63	107
572	200	63	107
573	198	64	107
572	196	64	107
572	194	63	107
570	192	64	107
571	190	65	107
569	189	66	107
569	187	65	107
567	185	65	107
568	183	65	107
567	181	66	107
565	179	67	107
565	177	66	107
564	175	66	106
562	172	67	106
562	171	67	106
560	168	67	106
560	167	67	106
559	165	67	106
557	163	67	106
556	161	67	106
555	159	67	106
554	157	67	105
553	155	68	105
552	154	67	105
550	152	68	105
550	150	68	104
549	149	68	104
548	147	68	104
546	146	68	103
545	145	68	104
543	144	68	103
542	143	68	103
541	142	68	103
539	140	69	102
538	141	69	102
537	140	69	102
535	139	68	101
534	139	69	101
533	138	69	101
531	138	69	101
531	137	69	100
529	138	69	99
528	136	69	99
526	136	69	99
524	135	69	99
524	135	69	99
524	134	69	99
521	135	69	98
520	136	70	97
520	134	69	97
518	134	69	97
517	134	70	96
516	133	69	96
515	133	70	96
514	133	69	95
513	133	69	95
512	134	69	95
511	133	69	95
510	133	69	94
510	132	68	94
509	134	68	93
508	132	68	94
507	133	68	93
506	133	68	92
506	132	68	92
505	133	69	91
504	132	68	91
503	132	68	91
502	133	67	90
501	133	68	90
501	132	68	90
500	132	67	89
499	133	67	90
499	132	67	89
499	132	67	89
498	133	67	88
498	132	66	87
497	133	66	87
497	132	67	87
496	133	65	86
495	134	66	86
495	133	65	86
495	134	66	85
494	134	65	85
494	133	65	85
493	134	64	84
493	134	65	84
493	134	64	83
492	135	64	84
492	135	64	83
492	135	64	83
491	135	64	82
491	135	64	82
491	136	63	82
491	136	63	82
490	136	62	81
491	136	63	81
490	137	63	81
490	137	63	80
490	138	62	80
490	138	62	80
489	139	62	79
489	139	62	79
489	140	62	79
489	140	62	79
489	140	61	78
489	141	61	78
488	142	61	78
488	143	61	77
488	143	61	77
489	144	60	77
489	144	60	77
489	145	60	76
490	146	60	76
489	147	59	76
489	148	60	75
489	148	60	75
489	149	60	75
490	150	59	75
490	151	59	74
490	152	59	74
490	153	59	74
490	154	58	74
490	154	59	74
491	155	58	73
491	156	58	74
491	157	58	73
491	158	58	73
492	159	57	73
492	160	57	73
492	161	57	72
492	162	57	73
492	163	57	73
493	163	57	72
493	164	57	72
494	166	57	72
494	166	57	72
494	167	57	72
495	168	57	72
495	169	57	72
496	170	57	72
496	170	56	72
497	171	56	72
497	172	56	72
498	174	56	72
498	175	56	71
499	174	56	71
499	176	56	72
499	177	56	72
501	178	56	71
501	178	56	72
502	179	55	71
502	180	55	72
503	181	55	71
504	182	55	72
504	183	55	71
504	184	56	72
505	184	55	72
505	186	55	72
506	186	55	71
506	187	55	72
506	188	55	72
507	189	55	72
508	190	55	72
509	190	55	72
509	191	55	72
509	192	55	72
510	192	55	72
510	193	55	73
510	194	55	73
511	194	55	72
511	195	55	74
511	196	55	73
511	196	55	74
512	197	54	73
512	198	55	74
513	198	55	73
512	200	55	74
513	200	55	74
514	201	55	74
514	202	55	75
515	201	55	74
514	202	55	75
516	202	55	75
515	204	55	75
515	203	55	75
516	205	55	76
516	204	55	75
517	205	55	76
518	205	55	76
518	206	55	76
518	206	55	76
519	206	55	77
519	207	55	77
520	207	55	77
520	207	55	77
520	207	55	78
521	209	55	78
521	208	55	78
521	208	55	78
522	209	55	78
522	209	55	78
522	210	55	79
524	209	55	79
524	210	55	79
524	210	55	79
524	210	55	80
526	210	55	80
526	210	56	80
527	211	55	80
527	210	55	81
528	211	56	81
528	210	55	81
529	211	56	81
528	210	56	82
529	211	56	82
530	211	56	82
531	212	56	82
531	212	56	83
532	212	56	83
532	212	56	83
532	212	57	83
533	212	56	84
534	213	56	83
534	213	57	84
535	212	57	84
535	212	57	85
536	213	57	85
536	212	57	85
537	213	57	85
537	213	57	85
537	213	57	86
538	213	58	86
538	214	57	86
539	214	58	86
540	214	58	87
540	214	58	87
541	215	58	87
541	215	58	87
541	216	58	88
541	216	58	88
542	216	58	89
542	216	59	89
543	217	58	89
543	218	59	89
544	217	60	90
544	218	59	90
544	219	60	91
544	219	60	91
545	220	61	91
546	220	60	92
547	221	60	92
547	221	61	93
547	222	60	93
547	223	61	93
547	222	62	93
548	223	61	94
549	223	61	94
548	223	63	95
550	224	62	96
549	225	63	95
549	225	63	96
550	226	64	97
551	226	63	97
551	227	64	97
551	227	64	98
552	228	65	98
552	227	65	99
553	228	65	99
553	228	65	100
553	229	65	100
554	229	67	100
553	229	66	101
554	229	67	101
555	229	67	102
554	230	67	102
555	230	68	103
555	230	68	103
555	230	69	104
555	232	69	104
556	231	69	104
555	232	69	105
556	232	70	106
556	232	70	106
556	231	70	106
556	231	71	107
557	232	70	107
557	231	71	108
557	232	71	108
557	231	72	108
557	232	72	109
557	231	73	109
557	232	72	109
558	231	72	110
557	231	73	111
558	230	73	111
556	230	75	111
558	230	74	111
558	229	75	112
559	230	75	112
557	228	75	113
557	229	75	113
558	228	75	113
558	227	76	114
558	226	77	114
558	227	76	114
558	225	77	115
558	225	78	115
558	225	77	115
558	223	78	116
558	222	79	116
558	221	78	116
558	221	79	116
558	219	79	117
558	218	79	117
557	217	79	117
557	216	80	117
557	214	80	117
557	214	80	118
557	211	81	118
557	210	80	118
556	209	81	118
556	207	81	118
556	205	81	118
556	205	81	119
555	203	82	119
555	202	82	119
554	201	82	119
554	198	82	119
554	197	82	119
553	196	82	120
552	194	83	120
553	193	83	120
552	191	83	120
551	190	83	120
552	190	82	120
551	188	82	119
550	186	83	120
550	185	82	120
549	183	83	119
550	182	83	120
549	181	83	119
548	180	83	119
548	178	83	120
548	177	83	120
547	176	83	120
547	174	83	120
545	173	84	120
545	173	83	120
545	171	83	120
544	170	84	120
543	168	83	120
542	168	83	120
542	166	83	120
543	165	83	120
541	164	83	120
539	163	84	120
539	162	83	120
539	160	83	120
537	160	84	120
538	159	83	120
537	158	83	120
536	157	84	120
536	156	83	120
534	156	85	120
534	155	84	120
533	154	85	120
532	155	84	120
531	153	85	121
531	153	84	120
530	152	84	120
531	152	84	120
530	152	84	120
530	151	84	120
529	151	83	120
528	150	83	120
529	151	82	120
528	151	82	120
528	149	81	120
527	150	82	120
528	149	81	120
528	149	80	120
526	149	80	119
528	149	80	119
527	149	80	119
527	150	80	119
527	149	79	119
527	149	80	119
527	149	78	118
526	149	78	118
527	149	78	118
526	148	77	119
526	149	78	120
526	149	77	119
527	150	77	119
527	148	76	119
526	150	75	119
526	150	76	119
526	150	75	119
525	149	75	120
526	150	75	120
527	151	73	119
526	151	73	118
527	152	73	119
527	152	72	118
527	152	72	118
528	152	71	118
528	152	71	118
528	154	69	117
528	154	69	117
529	155	69	117
529	155	68	117
529	155	67	117
531	155	66	117
531	155	66	116
532	156	65	116
532	156	64	117
532	157	64	116
531	156	63	116
532	157	63	116
532	158	63	117
532	158	62	117
531	158	63	117
532	158	62	117
532	158	62	117
533	160	61	117
532	159	61	117
533	159	60	118
532	160	60	117
532	159	59	118
532	160	59	117
532	160	59	117
531	161	59	117
531	162	59	116
530	162	60	117
530	162	60	117
530	163	60	117
530	163	60	116
529	164	60	116
529	164	61	117
528	165	61	117
528	165	62	118
527	165	62	118
527	166	63	118
526	167	63	118
526	166	64	118
525	168	64	118
525	168	65	118
524	168	65	119
524	169	66	118
523	170	67	118
522	169	68	118
522	171	68	118
521	171	70	118
520	172	71	118
520	172	71	119
519	173	72	118
518	173	72	119
518	174	73	118
517	174	75	119
518	175	75	120
517	176	76	119
516	176	77	120
515	177	77	119
515	178	78	119
515	178	79	119
515	179	80	119
515	180	80	119
515	180	81	119
514	180	82	119
514	181	82	119
513	181	84	120
512	181	84	120
513	182	85	121
512	182	86	120
513	183	86	121
511	184	87	120
512	185	88	120
511	185	88	118
511	186	90	120
511	186	91	117
511	187	92	117
511	188	92	116
511	189	93	116
511	190	94	117
511	199	94	108
511	208	89	99
509	201	95	107
510	203	95	106
511	211	92	99
508	212	97	100
509	202	104	109
510	204	102	105
509	199	108	112
511	196	110	114
511	197	106	113
510	198	109	114
510	198	113	114
513	200	108	112
509	200	117	114
513	201	110	109
512	205	111	108
512	204	113	108
513	209	114	109
515	205	114	109
513	206	117	108
514	212	118	107
513	209	119	111
515	209	121	111
514	207	122	110
516	211	119	108
515	212	127	108
510	213	131	113
517	219	116	104
520	215	120	105
523	217	118	105
524	217	116	104
523	219	120	102
521	220	123	101
521	221	124	102
522	222	123	102
521	223	126	102
522	224	127	101
523	225	127	100
522	226	129	100
523	227	130	102
525	228	129	99
525	229	130	99
525	229	130	99
524	231	133	97
526	232	132	98
526	233	133	97
527	235	133	96
527	234	133	96
528	236	134	95
528	237	134	95
529	238	135	95
528	239	135	94
530	239	134	94
530	241	136	93
530	242	135	93
531	243	136	93
531	244	136	93
532	244	136	92
531	245	137	92
532	248	137	91
532	247	138	91
532	249	139	91
534	249	138	91
532	250	139	91
533	251	140	91
533	252	140	90
533	253	140	91
534	253	140	90
534	254	140	90
533	255	141	90
534	256	141	90
534	257	141	90
534	258	140	90
534	258	140	89
534	259	141	90
534	260	141	89
535	259	142	89
534	260	140	89
534	261	142	89
534	261	141	89
534	262	141	89
534	263	142	89
533	263	142	90
533	264	141	89
533	264	141	88
532	265	142	89
532	265	141	89
532	266	140	88
531	266	142	89
530	267	142	87
529	268	142	87
529	268	143	89
528	268	142	90
527	268	143	88
528	268	143	88
527	269	142	89
526	269	142	88
525	270	143	88
525	270	142	87
525	270	142	88
524	270	143	87
523	271	142	87
521	270	145	88
521	271	144	87
521	271	143	87
519	271	144	87
519	270	143	87
518	271	143	87
517	271	143	86
516	271	142	86
515	271	143	86
513	271	143	86
512	270	143	86
511	271	144	86
511	270	143	86
509	271	143	85
507	271	143	84
507	272	143	85
505	271	144	84
504	270	143	85
502	270	142	84
500	270	143	84
499	270	144	83
497	270	143	83
495	270	143	83
494	269	143	82
492	269	143	82
490	269	144	82
489	269	143	82
486	268	144	81
485	267	143	82
485	268	143	81
482	267	143	81
479	265	144	82
478	265	144	81
476	265	144	80
474	263	143	80
473	263	143	79
470	262	142	79
469	260	142	79
466	261	142	78
464	259	142	77
462	260	142	77
460	258	142	77
457	258	143	76
455	258	142	76
452	256	142	75
450	256	142	75
447	255	142	74
445	254	142	74
442	253	142	74
440	252	143	73
437	251	142	72
435	251	142	72
432	248	142	72
429	248	142	71
426	248	142	70
424	247	142	69
421	246	142	69
418	244	142	68
415	243	141	68
413	243	141	66
409	242	141	65
405	240	141	65
403	239	141	64
400	238	140	63
397	237	140	63
393	236	140	62
390	234	141	63
386	233	141	61
384	231	141	63
380	230	141	62
376	228	141	63
372	226	141	64
369	224	142	64
365	221	142	65
361	220	142	66
357	217	143	66
353	215	143	68
350	212	143	69
345	210	143	70
342	207	143	71
337	204	144	72
333	201	144	73
329	198	144	74
326	196	144	75
321	193	145	77
317	189	145	78
312	186	145	80
309	182	145	82
304	179	144	83
301	175	145	85
295	172	145	86
292	168	144	88
288	164	144	89
283	160	144	91
279	156	145	93
275	151	144	96
270	147	145	98
265	143	146	99
261	139	146	100
257	134	145	103
254	129	145	105
250	124	145	108
248	120	143	109
243	115	143	110
240	111	142	112
236	105	142	115
232	99	142	116
230	95	142	118
227	90	140	120
225	84	140	122
222	79	139	124
220	74	137	125
219	68	136	128
217	63	133	129
217	57	133	132
216	52	130	133
216	46	128	135
217	42	126	136
218	38	125	138
218	33	121	140
220	28	121	141
221	24	119	144
224	19	118	145
225	16	115	145
228	12	114	146
231	6	112	147
235	1	111	149
240	0	107	143
244	0	104	139
250	0	100	132
257	0	95	126
265	0	90	120
270	0	88	115
279	0	81	111
285	0	79	107
293	0	75	103
300	0	73	100
309	0	69	98
316	0	67	98
322	0	66	95
329	0	66	96
336	0	65	95
343	0	64	96
350	0	65	97
358	0	66	97
366	0	69	97
372	0	71	99
380	0	74	99
388	0	77	102
396	0	81	103
403	0	84	107
413	0	85	108
420	0	88	111
429	0	91	115
436	0	95	118
445	0	97	121
453	0	99	124
462	0	101	129
471	1	104	132
478	4	103	129
479	3	103	129
480	2	103	129
480	0	103	129
482	0	103	129
483	0	103	127
483	0	103	126
484	0	102	125
485	0	102	123
486	0	102	122
487	0	101	120
489	0	102	119
490	0	101	118
490	0	102	117
491	0	102	116
492	0	102	114
493	0	101	114
494	0	102	112
494	0	102	112
495	0	102	110
496	0	101	109
497	0	101	108
498	0	100	107
499	0	100	105
500	0	99	105
501	0	100	104
501	0	100	102
501	0	100	101
502	0	100	101
504	0	99	100
504	0	100	99
505	0	99	98
505	0	99	97
506	0	99	97
507	0	99	96
508	0	99	96
508	0	98	95
508	0	98	94
509	0	98	94
509	0	98	94
510	0	98	94
510	0	97	93
510	0	98	93
510	0	97	93
510	0	98	93
510	0	98	94
509	0	99	93
510	0	99	94
510	0	98	95
509	0	99	95
509	0	98	95
509	0	98	96
509	0	98	97
508	0	99	97
508	0	99	99
507	0	99	99
507	0	99	100
506	0	99	102
505	0	100	103
504	0	100	104
504	0	100	105
502	0	100	107
501	0	101	108
501	0	101	109
500	0	101	111
500	0	101	112
498	0	101	113
498	0	100	115
496	0	100	117
495	0	101	118
493	0	101	121
492	0	101	121
492	0	101	124
490	0	101	126
490	1	101	127
487	3	101	127
486	4	101	127
486	7	101	127
484	9	100	127
483	11	101	128
481	13	101	128
479	16	101	128
478	18	100	127
476	21	101	128
475	23	101	127
473	25	101	128
472	27	101	128
470	30	101	128
468	33	102	128
467	35	101	127
465	38	101	128
463	41	101	128
461	43	101	128
460	46	101	128
457	49	102	128
456	51	101	127
454	54	101	127
452	57	101	128
450	59	102	128
448	62	102	128
447	65	101	127
444	67	102	128
442	70	101	128
441	73	101	127
440	76	101	127
437	78	102	127
435	81	102	127
434	84	102	127
432	86	102	127
430	88	102	127
428	91	102	128
427	93	102	127
425	96	102	127
423	99	102	127
421	101	103	128
420	103	102	127
419	106	102	128
417	108	103	127
415	111	102	127
415	112	102	126
412	115	101	126
411	117	102	127
410	120	101	126
407	121	103	126
406	124	101	127
406	126	101	126
404	128	102	126
403	129	101	126
401	132	102	126
400	134	102	126
397	135	103	126
368	137	101	136
341	155	88	141
321	185	72	143
304	221	69	147
284	261	87	149
274	305	104	144
272	350	120	135
282	397	133	125
305	440	141	97
334	479	146	60
372	505	146	34
429	509	126	30
502	507	93	32
535	494	97	43
561	474	102	63
584	443	102	94
605	414	90	123
614	389	79	140
619	374	69	142
622	367	67	141
625	362	65	141
626	360	65	140
627	358	64	139
627	355	65	140
627	353	65	139
627	352	65	139
628	350	65	139
628	349	64	139
628	349	64	139
628	347	65	139
628	346	64	139
627	344	65	139
627	344	65	139
628	343	65	139
628	343	64	138
628	342	65	138
627	341	64	138
628	339	64	138
628	339	65	138
628	339	65	138
628	337	64	138
628	336	65	137
629	336	64	137
628	335	64	137
628	335	64	136
627	334	64	137
628	332	64	137
627	332	64	136
628	330	63	136
628	329	63	136
629	327	62	136
628	326	63	136
628	325	64	136
628	323	64	136
628	322	64	136
628	321	63	135
629	319	63	135
628	318	63	135
629	315	63	135
628	315	64	135
630	312	62	135
629	310	63	135
630	310	63	134
630	308	62	134
630	305	62	134
629	304	62	133
629	302	63	133
630	300	62	133
630	298	63	132
630	296	62	133
630	294	62	133
630	291	62	132
631	290	62	132
630	286	63	132
631	284	63	132
631	281	63	132
632	279	63	131
631	276	62	131
632	274	61	131
632	271	63	131
632	268	63	131
633	266	62	130
634	263	61	131
633	260	62	130
632	257	62	130
634	253	62	131
635	251	60	130
635	247	61	132
633	243	62	132
634	241	61	131
635	237	62	131
635	234	61	131
634	231	63	130
634	228	64	130
635	223	62	130
635	221	62	130
635	216	62	130
635	213	63	129
635	210	62	129
635	206	63	129
636	203	61	128
636	198	61	129
636	195	61	128
636	191	61	128
636	187	61	128
637	187	61	128
638	188	61	127
641	188	61	127
642	188	61	127
643	187	63	128
644	185	64	127
644	183	65	127
646	181	66	127
647	179	66	127
648	176	66	127
649	175	67	126
650	173	67	126
651	170	68	125
653	168	67	125
652	165	68	125
655	162	67	125
655	160	67	124
655	157	67	124
656	155	67	124
656	152	67	124
657	150	66	123
658	147	66	123
658	145	66	123
658	143	66	122
659	140	66	122
659	139	65	122
660	136	66	122
661	135	65	121
661	134	64	121
662	133	64	120
662	131	64	120
663	131	64	119
663	129	64	120
663	129	63	119
664	128	63	118
665	127	62	118
665	127	62	117
665	127	61	117
665	127	61	116
665	128	61	115
666	127	61	115
666	128	60	114
666	127	60	114
665	128	60	114
667	129	59	113
666	130	59	113
666	131	59	113
666	131	59	113
665	132	59	113
665	132	59	112
665	133	58	111
665	135	58	110
665	135	58	110
665	136	57	109
665	136	57	109
664	138	57	108
664	139	57	108
664	139	56	107
664	141	56	106
663	142	57	107
662	144	57	106
663	145	55	105
663	145	56	106
662	147	55	105
663	148	55	104
662	150	54	104
661	151	55	103
661	152	55	103
662	154	54	103
661	154	54	103
660	157	55	102
660	158	54	102
660	159	53	101
660	162	54	101
659	163	53	101
658	164	55	101
658	167	55	100
658	169	54	100
658	171	53	100
657	173	55	100
657	175	54	99
657	176	53	99
655	178	55	99
655	181	55	99
655	182	52	99
654	184	54	99
654	187	53	99
654	189	54	98
653	191	54	98
653	193	53	98
652	195	53	98
652	195	54	100
652	198	54	99
652	200	53	98
650	202	54	98
650	205	54	98
650	207	54	98
649	209	54	98
649	210	54	98
649	211	54	99
648	214	54	98
648	216	54	98
647	217	54	98
647	219	54	98
647	222	55	98
646	223	54	98
645	226	55	98
646	227	54	99
645	229	54	99
646	230	54	99
645	233	54	99
644	234	55	99
644	236	53	99
643	238	55	99
643	239	55	100
643	241	55	100
643	243	55	100
642	244	55	100
641	245	55	101
640	247	55	102
641	249	56	104
641	251	54	101
640	252	56	102
640	254	55	102
640	255	56	102
640	257	55	102
639	258	55	103
638	259	56	103
638	261	56	103
637	263	58	104
637	264	56	104
636	264	57	104
636	266	57	105
635	268	57	105
636	269	57	105
635	271	57	105
635	272	56	105
634	273	57	106
634	275	57	106
635	275	57	107
633	277	58	106
632	278	58	108
633	279	58	107
633	281	57	108
633	282	58	108
632	282	57	109
632	283	57	110
632	284	57	110
632	284	57	110
631	284	58	111
631	285	58	110
630	285	59	111
630	286	59	111
630	286	58	111
630	286	58	112
629	286	58	112
630	286	58	112
629	285	58	112
629	286	58	112
630	285	59	112
629	284	59	113
628	283	58	113
628	283	59	113
628	282	59	113
629	281	58	113
628	281	59	113
628	278	58	113
628	278	59	114
629	277	57	112
629	276	58	113
629	275	58	113
628	274	57	113
629	271	58	112
628	270	59	113
629	268	58	113
628	266	58	113
629	265	57	113
629	263	58	113
628	262	58	114
629	260	57	112
629	257	58	113
629	256	58	113
629	254	58	113
628	252	58	113
629	250	58	112
630	248	57	112
629	247	57	112
630	245	57	112
629	243	57	112
630	241	58	112
630	239	57	112
630	238	58	112
629	237	58	112
630	235	58	111
630	232	57	111
630	231	58	112
631	230	57	111
631	228	57	111
630	226	57	110
630	225	58	110
631	223	57	110
632	222	57	110
630	219	58	109
630	218	58	110
630	217	57	110
631	216	57	109
631	214	56	109
631	212	57	109
631	211	58	109
631	209	57	109
632	208	57	109
632	208	56	108
632	205	57	108
632	205	56	108
633	204	56	107
632	203	57	108
633	201	56	107
633	200	57	107
633	199	56	107
633	198	56	107
633	198	57	106
633	196	56	106
634	195	56	105
634	194	56	106
635	194	55	105
634	193	56	105
635	193	56	105
634	191	56	105
634	191	56	105
636	191	56	104
634	189	57	104
635	190	56	103
635	190	56	103
635	190	55	103
635	189	55	103
635	189	55	103
635	189	55	102
636	189	55	102
635	188	55	102
636	188	56	102
636	188	55	101
636	188	55	101
637	188	54	100
636	189	55	100
636	189	55	100
637	189	55	99
637	189	54	99
638	189	54	99
638	190	54	98
637	190	54	99
638	191	54	98
638	190	54	98
638	191	54	98
638	191	52	97
638	191	53	97
638	191	53	97
639	192	53	96
639	193	54	96
639	193	52	96
639	194	53	96
640	194	53	95
639	194	52	95
639	195	53	95
640	196	53	94
640	196	52	95
639	197	52	94
641	197	52	93
640	197	52	94
640	198	52	93
641	199	52	93
640	199	52	92
641	199	51	93
641	200	51	92
641	201	51	92
640	200	51	92
640	200	52	91
640	202	52	91
641	201	51	90
641	201	51	90
640	202	51	90
640	202	51	90
640	203	51	89
640	202	51	90
640	203	51	89
640	203	51	89
641	203	51	88
641	204	50	88
641	204	50	88
640	204	50	88
640	204	50	87
640	205	50	87
641	204	50	87
641	205	49	86
640	204	50	87
640	205	50	86
640	205	50	86
640	206	49	85
640	205	50	85
640	205	49	85
639	206	49	84
639	206	49	84
640	206	49	84
639	206	48	84
639	207	48	83
639	207	48	83
639	208	48	82
639	207	48	82
638	207	48	82
639	208	48	81
638	207	47	81
638	208	48	81
638	208	47	80
639	208	47	80
638	209	47	80
638	209	47	80
638	210	48	79
638	210	47	79
638	210	47	78
638	211	47	78
638	211	47	78
638	212	47	77
638	212	47	78
639	213	47	77
638	214	47	78
639	215	47	77
638	215	46	76
639	215	46	77
638	216	47	77
639	218	46	76
640	218	46	76
639	218	46	76
639	219	46	76
640	220	46	76
640	221	46	76
640	222	46	75
640	223	46	74
641	224	45	74
640	224	46	75
640	225	46	74
641	226	46	74
641	227	46	74
641	228	46	74
641	229	45	74
641	230	45	73
641	230	45	73
642	231	45	73
641	232	45	74
641	233	46	73
642	233	45	72
642	234	45	72
642	235	45	72
642	236	45	73
642	237	45	72
642	237	45	72
643	238	45	71
643	238	45	72
643	239	45	72
644	239	44	72
643	239	44	72
643	240	44	72
642	241	45	72
642	242	45	71
643	243	45	71
644	242	44	71
643	243	44	71
643	244	44	71
643	245	44	71
644	244	43	70
643	246	44	70
643	246	44	70
643	246	44	70
644	247	44	71
644	247	43	70
644	248	44	70
644	247	44	70
644	248	44	70
644	248	44	70
644	249	44	70
644	249	43	70
645	250	44	70
645	250	43	70
644	250	43	70
644	251	44	70
645	251	44	69
645	252	44	70
645	251	43	69
645	252	44	69
645	253	43	69
645	252	43	69
646	252	43	69
646	253	43	69
646	253	43	69
646	253	42	68
645	254	43	69
646	254	43	68
646	254	43	68
645	254	43	69
646	254	43	69
646	254	43	69
646	254	43	69
647	255	43	69
646	255	43	69
646	255	43	68
646	255	43	68
646	255	43	68
646	255	43	68
646	256	43	69
646	255	42	68
646	256	43	69
646	255	43	68
646	255	43	68
647	256	42	68
646	255	43	68
647	256	42	67
647	256	43	68
647	256	43	68
646	257	42	67
646	256	43	68
646	256	42	67
647	256	42	67
647	256	43	67
647	256	42	67
647	256	42	67
648	256	42	67
647	256	42	67
647	256	42	66
647	256	42	66
647	255	42	66
647	256	42	66
647	256	42	66
647	256	42	66
648	255	42	66
648	256	42	66
648	256	42	65
648	256	42	66
648	256	42	65
647	256	42	66
648	256	42	65
649	255	41	65
649	256	42	66
648	256	42	65
648	256	42	65
649	256	41	64
648	256	41	65
648	255	42	65
648	256	42	64
648	255	41	64
649	256	41	64
649	255	41	64
649	255	41	64
649	255	41	64
649	256	41	64
649	254	41	64
649	255	41	64
649	255	41	64
649	254	41	63
649	255	41	63
649	255	41	63
649	255	41	63
649	255	41	63
649	255	41	63
649	255	41	63
650	255	41	63
649	254	41	63
649	255	41	63
649	255	41	63
650	254	41	62
650	254	41	62
650	255	41	62
649	255	41	62
650	254	40	62
650	255	41	62
650	255	40	62
650	255	40	61
650	256	40	61
650	256	41	61
650	255	40	61
650	256	40	61
650	256	40	61
650	256	40	61
650	257	40	61
650	256	40	61
650	256	40	60
650	257	40	61
650	257	40	60
650	257	40	60
650	257	40	60
650	257	40	60
651	257	40	60
650	257	40	60
650	257	40	60
650	257	40	60
651	258	40	60
650	258	40	60
650	257	40	60
651	258	39	60
650	257	40	60
650	257	40	60
651	258	39	59
650	258	40	60
650	258	40	60
650	259	40	59
650	258	40	59
650	259	40	59
649	258	40	59
650	259	39	59
649	259	40	59
650	258	39	59
649	259	39	58
649	259	40	58
649	260	39	58
649	259	39	58
649	259	40	58
649	260	40	58
649	259	39	58
648	260	40	58
648	260	40	58
648	260	40	58
647	260	40	58
647	260	40	58
648	261	39	58
647	260	39	58
648	261	39	57
648	261	40	58
648	261	40	58
647	260	39	57
647	262	39	57
647	261	39	57
647	261	39	57
647	262	39	57
647	262	39	57
647	262	39	57
648	263	39	57
647	262	39	57
647	262	39	56
648	263	39	56
647	263	39	56
647	263	39	56
646	263	39	56
647	263	39	56
646	263	39	55
647	263	38	55
647	264	38	55
648	263	38	55
647	264	38	56
647	264	38	55
647	264	38	56
647	264	38	55
647	265	38	55
647	264	38	55
647	265	38	56
648	265	38	55
647	265	38	55
647	265	38	55
647	265	38	55
647	265	38	55
648	266	38	55
647	266	39	55
647	266	38	54
646	266	39	55
647	266	38	54
647	266	38	54
647	266	38	54
647	267	39	55
647	266	38	55
647	266	38	54
646	267	38	54
647	267	38	54
647	267	38	54
647	267	38	54
647	267	38	54
647	266	38	54
647	267	38	54
647	268	38	53
647	267	38	54
647	268	38	53
647	268	38	53
646	268	38	54
646	268	38	53
647	268	38	53
647	268	38	53
647	269	38	53
646	268	38	53
646	268	38	53
647	269	38	53
646	269	38	53
646	269	38	53
647	269	38	53
647	269	38	53
646	269	38	53
646	270	38	53
646	269	38	53
647	269	38	53
646	269	38	53
647	269	38	53
647	270	37	52
647	270	38	52
646	270	38	52
647	270	37	53
647	270	37	53
647	270	37	53
647	269	38	53
646	270	38	53
647	270	38	52
647	270	38	52
647	270	37	52
647	271	37	52
647	271	37	53
647	271	38	52
647	271	37	52
647	272	38	52
647	272	37	52
647	272	37	53
646	272	38	52
647	272	38	52
647	273	38	52
646	273	38	52
647	274	37	52
646	273	38	53
646	273	38	53
647	274	37	52
647	274	38	52
646	275	38	52
647	275	38	52
647	276	38	52
647	276	38	53
647	277	38	52
647	277	38	52
648	278	38	52
647	279	38	53
647	279	38	52
647	279	38	53
647	280	38	53
647	280	38	53
648	280	38	53
648	280	38	53
647	281	38	53
648	282	38	53
648	283	38	53
648	282	38	53
648	283	37	53
648	284	38	53
648	284	38	54
648	284	38	53
648	285	38	54
648	286	38	54
648	286	38	54
648	286	38	54
649	286	38	54
648	287	38	54
648	287	38	54
648	287	39	54
649	289	38	55
649	288	39	55
649	289	38	54
649	289	39	54
649	290	39	55
649	290	39	55
649	291	39	55
650	290	39	55
649	291	39	55
649	292	39	56
649	291	39	55
649	292	39	55
649	292	39	55
650	293	39	55
650	294	39	56
650	294	39	56
650	294	39	56
651	293	39	57
650	295	39	56
650	294	39	56
650	295	39	56
650	295	40	57
650	296	40	57
650	296	40	57
650	296	40	57
651	297	40	57
650	296	40	57
650	297	40	57
650	298	40	58
650	297	40	58
650	298	40	58
650	297	40	58
650	298	40	58
650	299	41	58
650	298	41	59
650	299	40	59
650	299	41	59
650	299	41	59
650	300	41	59
650	300	41	59
650	300	41	60
649	299	41	60
650	300	41	60
649	299	41	60
649	300	41	61
650	301	41	60
650	300	41	61
650	299	41	61
650	300	42	61
650	300	42	61
650	300	42	61
650	299	42	62
650	300	42	61
650	299	42	62
650	299	42	62
650	299	42	62
650	299	43	62
650	299	42	63
651	299	42	63
651	298	42	63
651	298	42	63
651	297	42	63
650	297	43	63
650	298	43	64
650	297	42	64
651	297	42	64
651	297	42	64
650	296	43	64
650	296	43	65
650	295	43	65
651	296	43	65
650	296	43	65
651	295	43	65
651	295	43	65
651	295	43	65
651	295	43	65
651	294	43	66
651	295	43	66
651	294	43	66
651	294	44	66
651	294	44	67
651	294	44	67
650	295	44	67
651	294	44	67
651	293	44	67
651	293	44	67
651	293	44	67
650	294	44	67
650	294	44	67
650	294	44	67
651	293	44	68
650	293	44	68
650	293	44	68
650	293	44	68
650	292	45	69
650	292	44	69
651	291	44	69
651	291	44	69
650	291	44	69
650	290	45	69
649	290	45	69
650	289	44	69
650	288	44	69
650	288	44	69
649	288	44	69
650	287	44	69
650	286	45	69
649	286	45	69
650	284	45	69
650	284	45	69
649	283	45	69
