0.00
575.49
575.27
575.27
575.08
574.44
573.70
572.60
571.40
564.86
548.10
548.16
531.95
528.43
482.06
492.53
481.58
474.49
456.06
485.94
475.67
490.18
467.25
478.74
380.91
438.02
421.41
480.22
451.79
452.33
475.31
482.00
473.62
462.59
490.99
470.49
483.70
462.40
493.82
489.83
491.23
488.78
483.53
448.21
483.56
492.96
512.52
496.69
489.67
499.70
516.01
503.96
529.29
524.79
527.11
532.70
538.31
543.17
540.10
547.18
542.92
546.12
546.49
542.00
537.02
531.08
538.84
514.23
532.23
535.91
536.91
514.68
547.11
527.91
520.96
532.00
545.67
534.61
531.33
506.68
548.29
544.28
532.94
548.23
543.01
549.29
547.56
537.03
554.51
536.45
541.44
543.47
547.61
524.86
551.54
543.42
546.79
538.47
553.60
542.96
537.76
540.88
526.64
547.03
533.63
528.62
553.31
550.16
544.60
544.03
542.65
546.24
539.99
558.08
545.51
550.90
555.91
548.86
547.62
538.17
537.63
542.23
544.56
533.92
548.66
540.91
538.44
539.97
534.23
548.48
544.60
545.63
547.52
546.79
546.71
545.89
542.41
533.79
546.53
543.65
539.93
548.55
531.33
551.80
558.23
555.77
554.05
556.79
558.38
543.71
559.29
551.73
551.24
556.85
560.42
558.04
564.43
562.62
560.08
564.16
561.08
563.59
566.24
567.28
563.40
557.98
561.42
558.64
558.96
557.20
559.74
561.51
557.91
564.91
561.61
561.04
556.77
564.92
566.98
565.07
564.46
569.11
566.26
567.84
563.91
566.52
565.48
566.31
566.96
559.68
565.03
563.57
565.05
562.97
565.26
564.08
565.13
566.00
563.51
566.47
564.01
567.40
567.56
565.24
566.21
562.68
563.73
558.53
564.25
561.87
557.52
562.93
558.23
565.36
556.32
565.54
561.70
558.19
566.75
562.62
568.45
563.52
564.26
565.16
565.72
565.80
565.80
560.65
562.38
562.74
561.88
560.86
557.90
559.43
563.06
551.84
560.72
556.82
557.19
559.34
557.83
556.08
556.59
557.81
558.77
562.51
559.34
560.04
553.18
560.01
558.29
556.73
558.92
553.15
560.19
555.23
559.79
558.96
554.99
556.29
551.80
559.26
557.07
551.94
555.81
555.79
557.81
553.19
554.16
557.40
551.81
544.20
514.73
537.51
503.77
525.94
523.02
494.78
534.96
479.19
486.04
312.12
470.32
357.48
449.43
348.16
412.09
438.13
445.52
515.42
508.67
512.79
522.16
507.61
476.95
508.66
420.06
522.70
504.30
526.01
501.79
528.62
492.05
528.91
543.85
547.55
553.88
548.04
533.09
504.79
538.99
506.02
539.95
548.70
546.70
540.58
536.49
554.39
556.13
564.03
559.70
561.16
565.89
565.56
546.08
561.05
559.45
562.47
562.96
566.84
561.06
556.10
543.82
542.95
555.68
550.21
558.65
550.95
562.58
560.21
562.24
554.51
560.21
561.88
566.90
565.08
564.89
562.77
558.92
552.14
567.75
556.80
564.98
560.67
561.84
564.77
566.07
555.65
565.34
559.35
561.30
557.39
565.08
557.18
559.49
565.58
560.91
566.39
562.57
563.25
562.01
565.72
560.55
562.91
558.54
567.53
565.54
573.77
569.96
562.96
550.63
544.64
541.36
556.74
554.78
537.68
521.15
521.05
541.84
501.41
544.04
481.88
506.42
532.05
460.87
507.13
551.95
558.74
571.34
568.40
562.31
567.18
566.57
569.77
569.07
567.58
563.84
563.01
567.92
559.55
560.39
545.45
539.88
553.87
555.90
558.92
553.94
564.08
555.30
560.45
550.88
538.90
535.11
520.55
546.87
536.31
518.95
557.65
542.93
535.91
542.72
539.18
538.98
554.47
528.31
548.92
542.27
553.35
554.38
551.49
552.24
549.29
555.05
552.05
561.67
554.12
556.02
554.01
547.07
549.17
551.75
543.05
549.87
549.54
553.57
551.04
549.07
552.98
550.32
547.98
545.55
533.46
527.74
527.08
526.04
511.96
487.33
503.35
349.81
461.61
492.95
453.86
430.29
449.04
426.81
499.10
531.70
465.23
502.92
422.02
468.89
468.90
386.80
441.72
516.75
328.86
522.26
511.11
520.36
511.59
503.43
553.77
537.70
531.42
542.92
537.82
502.99
522.30
517.44
520.63
478.88
525.97
508.59
518.19
521.02
501.59
527.51
493.10
486.72
490.32
502.98
433.84
401.32
467.79
448.34
454.94
510.97
535.27
543.36
536.49
532.49
516.01
523.62
459.81
507.78
477.78
525.85
541.11
535.18
538.30
536.03
522.24
479.98
496.47
492.74
509.17
454.51
503.58
522.80
510.64
536.02
548.42
533.54
531.41
536.18
534.23
538.89
527.95
463.18
497.64
478.62
464.06
481.60
437.02
474.91
500.97
472.41
488.78
518.81
534.78
521.01
490.57
498.86
493.02
460.08
480.48
513.53
515.82
529.62
530.51
517.60
529.07
542.78
526.89
539.39
520.96
524.22
522.32
531.15
531.23
521.65
524.87
512.97
534.62
535.06
527.13
526.37
516.96
518.29
514.97
509.99
510.34
520.66
484.06
494.02
502.57
518.34
506.91
513.70
521.75
517.89
532.21
521.63
510.61
506.76
514.15
509.26
525.40
528.22
531.06
529.00
527.12
529.15
523.61
511.93
530.04
531.62
535.41
523.58
533.73
512.76
516.11
511.67
515.14
502.24
500.15
513.33
510.95
504.17
515.80
512.74
521.69
509.04
511.68
501.04
501.80
505.70
500.85
491.95
460.97
476.27
493.18
505.04
509.40
498.40
508.75
513.66
506.14
501.99
507.32
515.13
514.31
516.15
510.23
487.90
482.61
495.82
503.37
476.78
494.18
505.75
514.98
507.19
510.03
520.19
523.88
525.81
516.91
515.62
528.97
517.71
522.61
526.63
519.09
528.72
531.84
532.03
532.88
534.11
534.15
534.64
533.13
535.04
534.25
529.47
534.26
536.54
526.27
533.27
525.67
532.78
533.93
528.96
534.02
540.31
535.52
534.65
535.21
538.50
536.11
530.35
531.58
531.65
530.99
528.88
525.83
528.20
523.91
521.44
527.39
529.04
525.18
523.81
519.89
519.28
518.36
519.53
526.40
511.75
515.95
525.25
524.91
518.50
527.22
526.27
530.29
528.42
523.84
526.85
532.85
527.10
527.53
526.93
525.73
527.70
531.52
530.99
527.93
523.21
528.66
527.29
528.67
533.35
532.07
528.04
526.97
526.37
524.33
528.72
524.63
520.84
531.62
531.04
527.36
539.37
537.45
534.05
540.47
533.24
534.75
539.77
537.77
542.62
546.37
539.47
543.12
544.49
544.86
538.99
548.93
539.76
546.18
544.16
543.48
543.95
545.14
543.52
544.67
543.55
545.00
547.27
543.05
542.96
539.06
539.48
544.33
547.47
544.85
548.84
546.22
544.19
541.12
550.71
543.45
550.70
548.24
556.87
553.49
549.83
555.21
554.80
555.07
555.92
545.83
555.77
551.98
555.14
556.64
555.92
556.57
563.43
556.87
557.77
562.61
560.38
558.93
555.32
560.18
553.65
552.72
550.04
550.43
554.23
558.55
556.82
553.94
560.62
558.49
559.44
556.32
555.83
557.35
559.98
559.78
557.80
558.69
560.79
549.23
555.11
554.57
550.85
558.00
557.23
558.88
556.90
553.73
555.21
556.71
561.03
556.76
562.73
560.73
551.73
557.17
553.05
557.58
554.68
558.55
558.48
557.67
558.45
560.51
560.34
562.73
555.44
563.49
555.73
564.52
557.84
555.70
559.17
559.31
559.89
558.62
559.16
554.85
558.26
560.69
558.43
556.53
561.73
557.61
562.79
561.62
564.00
556.35
562.22
560.89
560.20
558.66
557.34
553.58
556.30
557.37
558.76
555.23
557.43
558.61
559.68
557.68
555.45
556.67
557.87
555.13
556.97
554.31
555.30
554.83
553.50
556.64
556.03
551.42
555.61
550.41
557.20
551.16
552.59
553.39
553.43
553.05
552.76
552.48
549.78
544.69
552.24
551.68
548.12
549.24
548.47
548.27
553.33
550.32
550.54
551.92
546.93
542.29
549.98
549.32
549.16
549.50
551.24
551.45
552.45
550.97
548.87
550.51
552.61
550.59
552.55
546.70
550.07
550.43
549.32
544.82
548.91
552.34
549.60
546.03
546.12
550.14
547.14
546.21
549.73
545.80
543.17
546.51
548.36
546.03
546.08
546.27
547.91
546.49
545.15
543.52
549.55
550.96
548.14
550.69
551.05
548.31
549.35
550.18
552.07
550.23
552.13
552.39
552.35
552.72
551.71
552.48
552.69
547.57
554.56
553.97
551.04
550.00
552.06
554.22
552.35
548.68
554.35
551.19
555.02
555.06
549.89
554.37
555.82
554.61
556.98
555.17
556.79
550.05
553.42
552.22
552.74
551.69
551.81
552.89
555.36
555.16
552.91
557.74
556.64
556.88
555.29
553.39
553.87
553.97
554.94
557.03
556.07
556.79
556.21
555.73
556.07
552.26
555.34
551.20
556.86
554.30
552.30
554.36
558.70
559.68
559.29
559.42
552.01
552.05
556.65
554.98
557.00
558.80
554.04
557.45
553.24
557.20
556.06
559.01
556.97
553.12
554.56
558.05
551.56
554.40
558.10
558.70
559.84
554.43
557.11
555.14
554.64
555.16
555.80
557.12
557.71
559.81
556.95
555.53
557.80
560.62
559.15
559.78
559.99
559.98
559.20
560.11
557.43
560.38
558.11
559.63
561.41
561.60
560.21
560.04
558.53
557.43
560.45
561.12
559.15
560.51
559.07
560.19
560.11
559.43
560.18
561.91
562.45
562.85
559.62
561.42
560.72
560.99
562.68
560.05
562.38
563.90
563.95
564.73
561.59
564.37
563.63
565.11
564.85
566.09
564.22
565.99
566.44
567.84
567.15
566.26
567.90
565.88
567.98
566.63
566.53
566.50
567.99
564.74
566.84
561.97
565.06
566.93
567.17
564.86
560.82
563.64
565.16
563.36
565.72
561.78
564.18
565.39
562.58
563.78
561.24
558.88
560.35
561.15
558.30
560.04
556.01
561.20
560.54
561.84
561.66
559.53
556.09
557.13
561.66
562.99
560.36
562.44
562.20
562.36
561.50
560.56
558.02
555.01
548.07
556.24
551.93
556.35
550.92
557.33
552.30
551.02
551.30
553.09
550.46
555.03
553.15
553.31
553.99
550.39
554.62
558.04
558.34
556.90
557.76
552.06
555.24
554.22
559.48
554.20
549.09
552.45
553.14
549.99
543.32
543.86
536.23
545.52
541.52
544.70
540.12
542.80
545.60
534.21
535.95
535.79
535.91
535.61
540.58
544.84
543.57
547.83
549.31
554.88
551.88
556.19
552.95
551.55
554.25
557.82
546.19
559.12
553.54
555.49
561.10
561.57
561.02
564.02
562.37
559.87
565.15
564.33
562.37
565.17
566.00
566.23
562.22
565.66
560.53
566.31
565.18
565.47
562.48
567.00
566.65
565.53
565.33
562.54
568.80
562.09
567.75
566.48
569.37
568.63
568.51
565.82
559.48
557.94
544.75
418.25
380.67
368.06
424.92
350.29
279.91
257.71
364.97
391.86
473.63
526.54
414.48
437.67
555.53
435.65
566.80
526.66
550.27
395.99
532.68
536.18
436.85
518.38
526.47
528.90
555.89
455.66
213.44
407.03
475.16
562.56
562.22
568.08
568.26
570.21
569.90
569.22
569.32
571.57
566.15
565.14
568.17
566.24
569.53
567.48
568.25
569.71
570.11
569.94
570.00
570.63
570.25
568.63
569.31
567.61
569.44
568.00
567.09
567.96
567.63
567.85
567.66
567.51
569.12
568.37
567.74
568.34
567.93
567.36
568.65
566.87
567.68
565.71
567.41
568.02
569.54
567.75
565.94
568.56
564.30
559.98
563.39
560.88
563.89
568.19
566.23
566.94
565.32
565.59
566.84
561.50
563.24
563.03
563.83
563.13
564.08
562.38
568.79
564.59
565.25
564.96
563.31
565.09
559.57
559.68
562.89
565.67
563.93
566.11
563.95
563.42
564.65
565.46
564.73
566.07
565.64
565.17
566.41
531.23
557.03
565.41
559.75
563.94
563.27
562.41
565.49
567.50
562.07
564.13
563.36
556.90
559.28
561.96
562.26
557.64
562.20
561.77
564.58
561.84
561.51
566.63
563.42
562.53
565.81
562.97
562.37
565.39
560.85
565.28
560.82
563.08
560.70
558.23
558.12
563.53
552.51
559.07
557.55
555.48
559.25
549.82
551.10
557.06
550.01
530.75
548.80
526.48
534.10
523.94
517.37
532.62
537.24
537.79
540.65
528.06
545.35
536.73
544.49
536.13
547.83
552.84
552.08
555.18
551.78
551.22
553.85
553.06
545.95
545.31
547.82
544.01
544.20
552.02
538.34
555.84
553.13
549.15
551.91
553.91
553.39
555.41
555.60
551.74
556.62
558.30
559.03
549.68
558.45
558.89
555.78
557.59
548.06
552.16
536.64
548.13
546.00
503.78
548.92
548.47
552.65
555.38
563.07
552.89
565.81
555.12
563.91
559.01
547.77
558.86
549.82
530.54
544.24
523.04
522.49
497.91
504.09
495.22
479.05
460.58
413.20
419.80
413.04
407.65
348.86
328.41
334.03
290.66
297.92
282.86
303.75
292.67
279.07
264.65
320.89
277.49
337.22
302.28
353.37
338.58
443.98
359.12
360.16
531.15
572.33
570.23
570.56
571.50
572.82
571.84
571.51
570.20
568.69
569.10
567.73
568.14
564.35
562.24
559.46
560.56
560.79
564.24
555.99
559.56
556.58
557.71
551.61
543.85
543.22
546.75
544.69
545.02
540.15
537.07
539.14
535.72
533.18
535.40
538.93
529.75
534.80
537.41
530.15
532.92
533.68
538.04
535.51
536.12
536.53
532.79
530.33
528.83
521.14
534.46
522.80
528.50
527.38
539.85
527.74
532.55
525.14
535.58
538.79
534.26
537.81
549.44
555.11
557.70
563.48
562.87
565.33
566.86
568.32
568.51
569.46
568.46
567.79
567.69
565.39
568.26
563.49
568.90
567.45
568.87
567.77
569.42
566.65
567.56
567.41
566.66
567.86
567.63
570.41
567.60
568.35
570.40
568.11
567.23
571.61
570.58
560.81
567.22
568.62
569.09
566.06
568.32
567.53
567.15
564.59
568.27
566.18
568.58
569.41
568.71
568.59
567.35
566.19
558.71
568.54
568.29
567.53
568.52
568.64
567.72
566.40
568.34
569.51
568.66
568.03
570.40
569.41
569.85
568.31
565.95
503.47
488.53
485.37
514.41
355.48
526.11
446.56
264.95
545.57
492.01
483.04
445.64
324.46
256.34
314.23
358.82
413.11
542.98
497.87
465.37
512.14
534.71
529.73
542.86
528.54
541.32
533.91
543.96
546.36
533.40
547.58
544.13
548.56
546.31
544.99
534.95
545.05
541.33
538.91
538.51
544.47
534.06
545.67
537.23
541.07
542.06
533.17
537.56
532.95
542.91
535.80
539.92
543.48
542.84
544.54
543.73
537.22
545.95
540.26
545.36
536.79
547.64
546.74
542.25
537.07
542.75
539.31
547.02
541.50
540.13
544.14
538.14
543.45
532.74
535.64
525.49
531.77
530.08
529.76
518.38
529.27
523.02
522.58
529.12
520.03
518.58
529.62
512.05
510.61
544.33
519.17
540.99
529.76
539.34
525.29
541.46
526.05
535.64
534.94
533.17
540.55
519.01
535.81
534.98
535.79
535.55
538.36
529.08
537.28
542.44
543.89
541.37
541.84
545.52
538.00
545.09
537.19
539.28
538.85
534.86
538.82
548.77
547.84
544.86
544.60
549.75
543.23
549.29
547.39
550.82
540.32
542.98
550.14
543.83
538.92
544.96
540.70
538.07
544.69
534.47
529.81
532.60
530.42
534.67
532.06
541.38
526.67
541.80
530.87
536.24
533.34
530.86
539.58
514.66
526.68
518.77
531.99
524.27
537.06
524.70
526.88
532.20
524.45
522.31
512.30
524.63
522.62
521.38
527.39
524.81
524.30
517.96
517.38
527.75
525.67
527.15
526.84
518.96
515.82
525.51
516.36
514.06
512.58
523.35
522.62
518.45
530.17
521.43
515.50
527.18
516.04
523.22
520.37
520.51
524.73
515.54
516.09
526.28
528.78
519.55
526.69
522.14
523.69
523.78
526.34
516.04
526.97
520.52
525.40
523.35
525.13
520.94
535.90
518.73
530.30
524.72
532.57
536.20
523.51
529.12
532.64
528.83
521.28
531.99
519.03
508.27
540.73
520.97
533.60
538.00
534.43
526.37
533.35
528.01
524.16
534.46
532.58
528.26
525.11
531.23
528.44
537.05
530.27
534.65
533.42
525.17
532.92
545.93
538.35
528.35
539.21
533.01
530.18
530.66
535.29
537.02
538.61
538.36
536.55
535.70
532.49
533.21
529.85
532.25
529.68
528.67
527.80
523.76
525.88
529.95
537.42
534.54
531.99
538.35
532.31
534.04
524.77
533.42
528.44
534.89
525.72
536.01
531.31
534.36
533.02
527.85
530.23
530.24
526.99
523.84
527.10
521.89
528.35
529.07
533.92
529.40
528.57
525.45
529.79
522.78
525.91
525.41
535.31
528.33
527.89
534.95
532.16
526.16
530.27
526.19
537.71
535.57
539.10
531.49
532.36
538.19
529.22
524.39
532.49
530.31
530.19
528.98
535.01
533.37
525.78
526.38
534.42
530.76
523.27
536.49
519.85
532.85
522.80
522.98
527.10
513.55
515.84
523.23
532.25
514.90
523.28
513.38
522.25
517.69
521.35
529.39
517.69
520.66
522.63
527.49
514.59
518.38
522.46
523.01
512.68
523.31
512.28
517.53
517.26
516.89
525.42
523.03
522.07
528.79
516.99
523.18
520.35
520.30
524.21
519.37
514.54
522.12
522.89
525.39
525.66
513.70
520.66
523.62
514.84
516.77
519.54
523.47
530.08
522.85
525.24
518.34
522.10
522.90
526.40
522.70
521.50
523.40
526.66
521.61
515.38
520.12
517.57
521.46
517.88
514.24
515.81
516.03
518.53
519.30
519.51
515.44
525.84
524.27
523.07
529.59
523.57
523.10
519.26
521.23
524.16
517.19
521.30
518.62
518.49
520.66
518.01
514.59
521.32
523.21
522.98
519.58
520.68
522.07
518.39
523.22
522.70
517.98
516.98
523.05
521.69
521.99
525.51
517.82
521.58
519.92
516.05
520.07
514.02
520.50
520.61
520.87
524.11
517.11
517.80
520.85
513.23
511.04
507.52
515.39
510.63
515.50
506.11
510.07
507.63
513.41
513.08
514.95
511.90
505.13
505.76
504.80
512.17
514.39
504.83
514.78
510.69
513.51
499.12
512.14
511.23
508.21
510.86
503.52
511.27
510.78
517.41
512.03
514.20
515.42
516.78
513.50
517.64
512.12
514.84
516.39
513.44
514.10
513.72
511.93
509.05
517.32
510.25
511.91
513.27
509.67
504.92
505.11
509.51
520.25
515.56
519.29
512.17
521.25
511.22
513.73
503.10
514.38
504.57
512.41
502.51
504.09
514.12
491.92
508.26
502.35
507.67
515.53
509.47
506.53
509.29
511.51
509.84
502.69
518.96
512.99
505.73
501.87
501.58
513.59
509.67
511.20
503.52
508.73
512.31
509.62
510.47
510.09
512.16
520.54
508.80
505.79
502.80
518.52
513.26
502.68
512.46
511.14
518.75
512.44
513.95
511.29
514.85
508.41
509.95
513.79
516.04
513.08
505.24
511.67
512.82
501.31
504.63
509.77
501.68
507.90
499.94
500.10
498.75
505.86
494.93
507.96
496.53
505.21
511.34
505.18
500.23
505.59
504.17
505.21
499.56
503.54
501.71
504.22
496.21
491.43
497.10
494.70
489.71
500.69
497.58
491.67
491.55
494.24
494.43
501.37
491.79
498.10
489.20
492.55
496.31
506.51
499.92
510.39
496.36
490.35
490.52
494.43
493.56
496.94
494.56
493.54
489.79
487.19
498.72
495.77
485.66
483.88
476.30
485.50
501.71
487.65
496.85
482.62
486.71
487.74
493.58
475.05
487.62
480.16
481.89
486.79
487.06
475.21
494.78
489.99
482.57
490.99
472.17
481.50
482.17
479.17
487.95
481.81
486.19
493.69
488.08
499.82
488.85
487.72
490.85
488.81
489.21
482.19
487.29
493.29
485.70
476.87
486.14
494.25
483.54
483.31
489.41
495.08
484.75
492.63
489.78
484.04
489.29
490.77
493.50
488.58
497.27
490.28
492.66
498.15
490.92
485.27
498.36
498.50
487.25
491.37
493.38
492.91
496.12
486.76
486.33
498.88
494.48
495.02
495.34
490.70
489.05
494.44
485.48
495.52
496.90
495.96
491.50
489.47
501.66
490.30
486.33
487.26
489.56
488.77
487.70
492.83
496.44
491.04
486.26
480.81
489.92
492.01
488.03
497.67
485.88
486.53
482.94
483.13
480.93
477.03
482.10
485.26
497.63
479.94
494.56
490.19
495.72
480.27
489.11
486.07
488.90
480.01
492.12
489.12
494.12
474.45
488.55
478.82
499.76
492.56
495.12
502.14
499.81
491.70
496.76
496.19
495.95
497.13
482.39
497.44
503.12
497.28
501.26
501.59
497.93
496.83
505.48
508.75
506.83
507.19
505.24
513.62
497.33
495.28
507.50
508.39
499.88
498.97
510.63
503.10
502.99
512.10
501.47
501.00
502.17
503.15
512.06
496.81
506.48
498.55
509.39
501.16
505.04
510.36
517.28
510.68
515.29
508.75
513.11
513.36
515.14
519.50
508.14
523.39
513.33
519.09
510.26
514.87
522.14
504.77
513.46
512.25
518.74
510.84
519.30
520.09
513.97
511.49
513.78
514.93
513.52
520.61
522.30
516.78
524.69
520.09
526.69
525.36
510.42
517.27
523.26
526.48
527.84
524.35
527.01
524.26
532.49
524.27
526.82
529.54
531.92
529.64
529.90
527.11
524.56
524.39
531.60
536.23
526.77
536.76
537.72
536.49
530.52
530.48
539.11
527.87
531.83
531.98
534.63
541.46
536.98
537.29
536.11
533.53
535.47
539.68
538.02
533.60
534.95
534.90
531.08
534.98
