0.018778
0.661594
0.638375
0.644797
0.719697
0.676389
0.663430
0.751461
0.658569
0.703915
0.634365
0.633276
0.725872
0.712214
0.627953
0.687256
0.629172
0.729499
0.732990
0.691981
0.691314
0.662490
0.632753
0.646675
0.648134
0.654773
0.702761
0.677017
0.633512
0.598190
0.643881
0.665656
0.580110
0.622083
0.637267
0.684702
0.488570
0.569248
0.455827
0.680972
0.656144
0.669607
0.649983
0.637558
0.617536
0.602321
0.647317
0.645780
0.640939
0.669027
0.689209
0.657073
0.634904
0.647541
0.633552
0.651548
0.640409
0.636373
0.435598
0.584541
0.575618
0.423728
0.618464
0.649030
0.663080
0.641531
0.687238
0.675926
0.682333
0.592631
0.611271
0.694862
0.660581
0.712854
0.689510
0.635011
0.612631
0.474290
0.651370
0.692787
0.671603
0.633162
0.668860
0.690256
0.664269
0.699153
0.649293
0.668014
0.700644
0.642373
0.645864
0.639048
0.602139
0.644295
0.637897
0.639806
0.712571
0.632161
0.645696
0.645919
0.664706
0.635288
0.636528
0.639551
0.654880
0.674276
0.651125
0.620031
0.454862
0.653861
0.636349
0.640760
0.637545
0.662397
0.666429
0.663640
0.571209
0.461845
0.584635
0.470712
0.611753
0.618216
0.663450
0.639454
0.731977
0.470031
0.723778
0.716904
0.650753
0.641856
0.658317
0.622183
0.672703
0.617836
0.654086
0.709731
0.672069
0.651084
0.689239
0.657227
0.442360
0.591602
0.629913
0.472652
0.525688
0.447384
0.610785
0.582111
0.626799
0.623398
0.633734
0.641657
0.639168
0.648163
0.620477
0.650762
0.671612
0.636541
0.461746
0.638427
0.672220
0.687174
0.595990
0.696375
0.637239
0.624654
0.454947
0.666811
0.652259
0.748489
0.679558
0.625007
0.355335
0.539863
0.437550
0.535822
0.420231
0.646272
0.654273
0.625755
0.606380
0.668242
0.661795
0.680499
0.665402
0.656240
0.634220
0.687274
0.672966
0.644258
0.667642
0.801488
0.646609
0.441124
0.598734
0.553510
0.444960
0.561620
0.420110
0.608959
0.617464
0.578030
0.611334
0.674743
0.674148
0.715260
0.642657
0.654186
0.674281
0.665900
0.656097
0.641245
0.694135
0.652479
0.484872
0.631358
0.630657
0.653321
0.656251
0.408402
0.623290
0.669667
0.684044
0.685397
0.659836
0.766913
0.673250
0.653583
0.718567
0.671596
0.674883
0.647546
0.637292
0.621393
0.620819
0.645746
0.657619
0.674914
0.647125
0.667539
0.612569
0.487960
0.652042
0.678602
0.654712
0.634991
0.722270
0.686466
0.645092
0.623718
0.629381
0.649643
0.635683
0.646796
0.669985
0.702058
0.738268
0.638129
0.668603
0.640147
0.646636
0.639426
0.622137
0.660969
0.656420
0.663384
0.686171
0.658819
0.673499
0.588011
0.646649
0.710529
0.620753
0.633785
0.685388
0.700523
0.581783
0.617289
0.521643
0.608308
0.631705
0.662695
0.618506
0.611373
0.647819
0.458509
0.637905
0.603526
0.681957
0.710756
0.647554
0.652492
0.654965
0.556506
0.467663
0.665422
0.701812
0.615024
0.675213
0.672089
0.452240
0.624180
0.702541
0.715841
0.704767
0.674350
0.439644
0.573290
0.710744
0.706554
0.688709
0.467546
0.639267
0.653062
0.699413
0.684868
0.741640
0.697134
0.641054
0.690438
0.650401
0.683350
0.673260
0.702000
0.597232
0.504513
0.668039
0.644557
0.631252
0.638946
0.648023
0.591539
0.455297
0.655164
0.700783
0.654008
0.623811
0.692523
0.633069
0.679373
0.708413
0.718164
0.583242
0.636398
0.477500
0.701854
0.664094
0.604228
0.729447
0.642071
0.631139
0.633144
0.629425
0.644363
0.629742
0.481354
0.900995
0.497418
0.646170
0.743311
0.828389
0.649704
0.658619
0.629757
0.665374
0.635160
0.685586
0.629302
0.643867
0.619241
0.427592
0.655213
0.684439
0.612054
0.609788
0.628438
0.420369
0.664002
0.605814
0.451276
0.614633
0.637640
0.703162
0.438715
0.583655
0.438637
0.657990
0.699895
0.723833
0.665627
0.471967
0.576283
0.646016
0.628498
0.542070
0.623677
0.641422
0.344995
0.199167
0.170673
0.181833
0.156995
0.157965
0.194493
0.175586
0.160725
0.403273
0.172102
0.179488
0.206069
0.413085
0.164070
0.169756
0.162529
0.265640
0.248138
0.167715
0.161556
0.150995
0.396576
0.165464
0.163984
0.148085
0.157536
0.397556
0.167016
0.146501
0.155335
0.386479
0.164460
0.173352
0.160856
0.163038
0.386181
0.151272
0.167613
0.164650
0.388892
0.150539
0.166628
0.166966
0.391083
0.172478
0.169847
0.385876
0.161618
0.165576
0.160519
0.388512
0.162160
0.168422
0.381997
0.176364
0.210660
0.320019
0.179716
0.286185
0.264186
0.174459
0.197442
0.135265
0.273457
0.245694
0.162383
0.171302
0.159358
0.403228
0.153390
0.158000
0.365148
0.154260
0.133861
0.141641
0.193843
0.159781
0.212262
0.297803
0.187846
0.177408
0.288521
0.245754
0.181745
0.172155
0.166274
0.362618
0.179526
0.164897
0.386990
0.180818
0.164038
0.223220
0.327803
0.168706
0.155808
0.402990
0.186241
0.184933
0.186430
0.344948
0.150469
0.162422
0.298959
0.249314
0.188026
0.178703
0.358311
0.205757
0.174277
0.216089
0.331937
0.164958
0.341423
0.241990
0.230354
0.255714
0.163596
0.272814
0.270616
0.186571
0.346723
0.151886
0.223550
0.155222
0.334293
0.171457
0.226212
0.149361
0.335226
0.183469
0.232283
0.174951
0.324497
0.176344
0.219998
0.215444
0.265057
0.166053
0.212530
0.315549
0.172300
0.183815
0.167795
0.384250
0.164201
0.167488
0.181652
0.265709
0.250231
0.146699
0.151286
0.208461
0.329581
0.167772
0.169025
0.221263
0.292960
0.160028
0.152976
0.304537
0.246285
0.172317
0.151664
0.379824
0.169863
0.175192
0.164894
0.360462
0.189295
0.169212
0.235550
0.325204
0.161189
0.166628
0.335582
0.187326
0.163923
0.396945
0.152473
0.170795
0.347975
0.235046
0.149871
0.150363
0.333361
0.221024
0.182060
0.408927
0.163400
0.172490
0.173466
0.223462
0.312284
0.176927
0.169036
0.170501
0.323593
0.215150
0.154242
0.181979
0.389478
0.167396
0.172921
0.172333
0.370397
0.170324
0.171057
0.238604
0.303452
0.184123
0.171281
0.393026
0.157978
0.219844
0.161959
0.326614
0.190993
0.153219
0.166056
0.292943
0.234169
0.175549
0.191871
0.393622
0.169909
0.163656
0.173099
0.392179
0.169087
0.166213
0.176733
0.404480
0.163970
0.180487
0.159601
0.408564
0.169307
0.184141
0.391404
0.174515
0.169255
0.178053
0.395259
0.171355
0.188062
0.426283
0.162860
0.173875
0.157601
0.397989
0.185094
0.172426
0.285049
0.246053
0.174793
0.158996
0.167603
0.386802
0.159359
0.184775
0.155845
0.400748
0.167256
0.175310
0.169108
0.380693
0.171146
0.179048
0.170563
0.285240
0.242703
0.175430
0.406055
0.160122
0.163190
0.159063
0.219596
0.306643
0.184101
0.176957
0.360295
0.201921
0.155994
0.150653
0.342877
0.212021
0.163617
0.164895
0.218045
0.330048
0.165222
0.168993
0.221463
0.322601
0.183046
0.187648
0.156840
0.173001
0.339942
0.208067
0.166828
0.158418
0.413572
0.164425
0.160425
0.177974
0.219074
0.193500
0.148370
0.151828
0.439314
0.624099
0.722172
0.828266
0.529785
0.824041
0.663355
0.686771
0.628063
0.644511
0.671206
0.741914
0.719687
0.731739
0.658156
0.654819
0.641370
0.690798
0.712301
0.634109
0.670218
0.713538
0.622525
0.688610
0.659620
0.644321
0.642162
0.653796
0.625400
0.482652
0.459850
0.617177
0.659475
