0.00
557.37
563.03
564.95
558.52
569.01
552.28
560.51
558.42
554.39
559.46
546.01
546.09
546.92
549.02
522.21
514.80
543.27
514.72
463.46
539.12
438.85
516.82
525.31
522.43
467.18
489.79
490.73
535.32
507.53
477.58
514.84
504.10
513.10
511.06
482.46
503.63
486.23
499.15
421.87
499.93
482.17
445.47
425.71
426.02
456.69
453.92
411.79
492.13
494.81
407.48
426.81
371.76
401.87
447.18
341.37
446.93
429.01
456.78
477.06
425.00
298.77
242.19
211.85
372.16
411.00
349.37
305.37
344.77
400.27
379.78
382.00
384.37
437.38
428.11
398.95
412.47
351.54
384.73
382.85
394.57
286.86
406.63
405.00
380.30
395.02
341.96
405.72
425.03
388.11
386.02
478.61
440.37
474.55
417.97
480.34
474.27
496.71
286.14
510.91
520.09
474.98
516.58
507.00
399.21
482.88
420.06
529.70
414.48
477.29
459.58
533.33
506.65
508.87
523.64
518.56
461.20
504.55
506.82
522.99
510.22
516.98
501.53
505.42
519.39
503.10
450.94
454.76
513.73
503.06
490.51
460.14
431.63
498.13
454.44
531.58
419.12
512.23
504.82
426.61
480.17
512.51
469.72
508.65
405.78
440.91
474.08
457.47
441.42
397.74
461.84
374.92
464.13
372.71
443.15
458.04
415.58
447.01
417.70
410.73
405.19
403.28
459.92
412.42
384.29
428.88
459.37
433.96
471.21
410.14
486.76
454.38
479.12
474.12
485.63
485.25
453.59
460.17
479.34
519.23
487.64
507.21
494.78
452.17
509.15
474.12
527.60
504.22
525.60
531.65
530.07
532.57
534.35
534.23
546.17
540.51
518.43
547.33
534.60
551.86
542.83
546.33
544.63
521.16
539.32
506.29
511.64
519.43
474.02
500.75
504.68
519.06
528.38
535.59
555.77
505.70
548.08
534.30
547.13
525.91
533.81
524.83
541.78
542.95
513.14
544.33
536.02
525.24
539.27
504.04
531.16
514.52
517.73
487.00
451.71
465.59
417.57
458.80
447.76
476.92
430.32
468.10
405.78
456.47
419.65
354.31
484.38
406.50
455.95
323.85
375.51
467.80
334.32
461.28
410.06
422.10
425.17
445.02
401.80
463.26
453.46
502.81
451.54
482.68
498.98
491.04
505.08
529.42
523.78
506.02
504.00
504.77
539.93
537.35
533.34
531.59
482.51
519.32
483.37
530.30
525.79
524.25
448.45
549.64
499.34
547.92
529.30
557.73
543.49
563.34
555.65
560.36
558.26
563.27
550.63
561.04
555.80
556.77
563.95
550.19
560.79
556.07
538.38
559.98
564.37
550.48
535.50
537.61
545.86
552.93
546.14
527.26
555.04
548.04
543.37
534.14
549.82
541.54
529.90
546.47
549.59
508.17
508.53
509.02
502.59
479.87
473.45
492.41
389.02
404.16
463.70
462.44
461.27
462.57
458.87
459.77
443.46
393.79
479.20
431.01
418.75
427.65
414.74
476.91
485.30
448.02
485.52
450.15
468.33
464.15
442.27
498.19
499.08
495.39
476.05
491.51
434.08
517.65
485.12
508.68
524.65
474.37
532.27
519.18
517.26
515.92
518.00
532.92
517.76
544.44
529.06
523.02
545.78
542.80
505.99
547.89
525.82
533.20
540.36
510.91
524.12
517.70
549.56
519.28
544.17
539.56
495.17
507.64
529.90
515.12
512.68
545.77
544.18
499.80
477.36
544.30
540.60
519.15
533.69
524.24
377.91
528.95
536.05
485.06
500.73
512.21
493.72
423.02
502.81
489.81
517.94
430.77
530.30
389.76
527.24
422.34
499.11
469.48
517.28
418.65
431.90
503.86
336.08
462.71
385.56
488.45
475.32
343.53
459.23
428.82
391.82
439.54
406.17
272.44
446.09
411.46
365.65
430.68
448.03
403.97
346.93
384.36
456.67
433.84
441.51
462.33
395.54
317.65
449.43
404.69
477.40
337.89
402.84
456.98
460.20
334.37
378.35
315.87
421.46
310.80
337.78
430.85
416.77
277.48
191.01
124.02
236.10
221.77
336.75
150.16
247.15
125.47
397.70
236.66
127.44
147.40
367.03
186.60
264.20
256.24
134.09
165.74
101.78
113.13
193.80
282.95
108.25
325.66
109.78
204.50
460.81
205.84
204.48
380.87
191.89
245.52
309.64
201.79
131.01
168.46
307.56
189.16
149.24
206.89
351.21
198.99
345.96
292.49
235.32
251.07
102.94
118.80
327.17
270.85
163.73
182.45
255.86
447.33
198.72
191.55
182.54
145.58
351.57
260.76
109.15
185.74
126.98
160.95
324.74
214.38
286.65
267.06
340.27
307.49
214.73
190.04
257.07
