0.00
571.80
571.78
567.75
555.96
568.49
559.61
566.73
567.77
567.30
564.02
552.47
562.05
559.73
558.64
562.50
563.26
541.76
554.23
539.74
546.14
553.28
550.82
555.41
537.34
549.56
550.02
546.13
551.89
552.18
551.20
549.30
554.16
545.33
558.22
543.62
561.70
557.25
559.33
560.88
560.94
560.20
561.85
559.06
565.36
555.26
566.45
567.33
563.67
565.15
563.94
565.28
564.47
556.10
555.82
554.11
551.97
547.13
542.24
555.08
556.51
564.31
565.70
561.38
567.03
565.93
564.88
565.79
569.75
568.79
563.03
566.80
566.45
557.14
565.79
560.59
559.63
565.15
567.32
564.44
569.15
571.00
566.80
570.37
564.88
567.93
565.12
571.29
565.68
570.88
571.38
568.49
571.75
571.87
571.39
569.42
570.26
571.24
571.86
569.35
571.31
567.55
572.15
571.74
568.62
569.71
566.51
571.64
571.49
572.18
570.98
570.75
571.58
570.85
570.13
570.30
567.41
566.82
563.30
563.71
555.46
523.36
544.20
527.34
399.25
551.94
500.99
519.89
410.37
485.95
472.66
543.21
500.42
290.49
546.79
542.65
568.55
552.24
568.76
561.81
566.64
552.71
554.97
565.32
551.31
554.47
555.41
542.77
557.45
558.84
543.35
550.64
522.41
562.02
543.18
558.35
561.46
555.80
559.90
556.84
563.55
521.02
542.07
535.81
552.83
507.87
454.75
536.93
455.54
395.81
505.83
546.28
537.68
378.73
382.70
458.83
472.01
547.39
432.01
477.28
500.02
531.42
539.01
542.30
459.96
471.65
502.66
506.51
538.79
541.36
519.51
536.38
554.42
558.39
536.66
553.86
551.42
548.53
553.01
525.52
564.21
551.18
565.97
564.82
550.68
564.82
557.52
559.01
559.41
523.28
561.85
568.58
553.00
567.82
562.94
555.25
566.49
569.00
563.40
566.63
565.72
564.44
565.48
562.80
565.05
551.08
560.20
551.08
560.19
565.86
564.02
568.98
564.37
567.78
567.98
572.01
560.73
564.92
563.64
561.14
562.56
564.08
554.26
560.18
556.63
562.69
558.95
554.37
546.10
550.60
556.10
552.73
551.32
554.79
551.92
554.38
553.76
549.75
553.70
556.77
557.11
532.78
497.22
554.99
554.60
552.53
527.52
496.81
550.81
537.72
557.16
550.69
469.53
545.00
523.81
529.23
528.48
513.17
517.02
549.77
469.92
548.07
529.57
510.04
541.14
500.94
442.75
499.29
472.52
477.72
430.67
409.14
294.81
537.24
504.75
446.48
424.79
340.82
482.95
470.84
394.09
392.36
400.43
413.93
358.20
326.64
309.71
342.39
369.81
302.62
294.54
287.27
424.12
366.34
490.72
327.41
423.29
358.09
364.40
345.76
390.83
472.49
373.64
443.77
402.29
355.55
428.70
426.22
352.92
282.02
297.31
446.40
371.19
440.18
351.69
366.10
387.21
347.83
378.91
386.12
410.69
341.68
323.09
405.91
300.90
410.67
412.56
291.45
429.55
373.28
287.45
315.51
373.71
356.15
402.26
315.59
321.44
418.33
343.82
513.75
440.67
537.02
474.09
507.64
512.69
532.18
524.86
525.33
518.68
525.84
525.01
517.06
523.80
537.37
524.45
520.69
527.20
507.04
523.23
523.38
508.88
518.96
525.12
512.77
495.20
511.53
517.57
505.27
498.49
515.16
516.11
501.71
518.42
498.35
523.39
503.74
486.39
476.11
522.44
512.47
430.22
431.31
444.93
509.89
386.66
448.31
470.98
455.83
471.56
426.49
455.43
406.94
482.85
472.67
439.91
391.40
445.64
406.28
469.25
500.58
483.40
474.63
496.73
471.04
455.52
501.69
475.19
496.14
497.52
481.61
503.49
485.66
518.11
476.56
464.29
437.59
458.78
447.18
456.41
460.76
511.86
438.92
472.83
469.74
475.14
467.18
512.45
494.39
483.62
504.58
495.43
463.65
515.72
517.82
505.77
486.87
486.61
503.83
512.60
480.20
499.64
463.79
485.38
499.68
509.82
524.33
516.35
522.82
483.92
495.44
443.52
497.67
471.13
477.45
498.05
484.98
469.66
461.25
398.97
436.34
487.83
400.06
457.85
417.86
405.77
382.95
472.69
424.18
405.57
440.35
396.23
329.22
428.05
466.64
503.20
362.63
381.05
426.87
353.69
457.59
395.38
344.30
442.57
321.07
466.45
313.45
353.53
416.22
334.02
395.23
373.65
372.83
369.48
399.69
468.78
315.87
408.28
285.79
362.62
396.87
352.08
205.11
412.05
277.53
336.92
360.20
240.36
218.61
172.67
241.71
335.28
210.79
201.23
342.39
320.88
257.98
380.63
471.21
302.71
434.54
350.91
316.61
354.95
374.18
351.60
349.79
244.10
232.46
368.83
398.74
395.33
364.35
436.85
400.76
375.76
369.00
338.77
325.88
375.86
339.31
372.72
357.24
352.78
374.85
445.76
354.66
323.45
399.13
331.84
263.73
329.29
332.04
371.90
332.59
168.99
161.31
364.85
181.34
298.87
178.66
234.08
314.95
358.37
308.14
233.05
162.37
338.74
178.76
182.93
200.87
259.77
138.28
338.57
276.24
409.25
180.75
299.86
233.64
264.85
316.39
329.34
194.07
214.25
253.34
150.94
307.84
304.01
337.51
310.94
220.20
353.26
284.07
137.95
229.46
375.18
177.53
331.24
306.06
268.41
312.70
192.18
439.76
222.45
352.04
223.59
373.86
194.19
335.16
340.73
325.88
244.11
257.80
353.86
291.09
200.39
309.04
373.24
386.81
349.54
197.13
370.08
228.04
304.50
154.82
312.72
329.99
231.12
294.90
255.88
336.58
235.33
266.33
436.08
188.17
306.34
219.86
221.74
337.06
179.15
357.01
278.26
243.92
224.38
323.36
200.55
366.55
307.01
192.91
238.22
289.76
319.41
349.62
195.44
332.00
259.52
411.52
350.64
233.79
267.83
265.48
194.53
334.52
258.39
328.43
301.32
337.12
325.66
186.31
277.71
300.57
402.84
208.41
252.78
302.28
196.73
396.30
238.90
294.88
241.15
349.73
292.24
217.42
291.37
286.76
239.04
313.83
216.72
356.57
224.10
289.92
296.07
232.52
274.89
419.56
300.51
426.22
347.14
343.22
229.65
262.84
272.50
232.12
144.22
143.91
113.29
69.14
87.68
22.04
141.02
110.20
352.95
336.93
354.94
347.18
320.37
252.24
239.45
291.75
202.81
420.90
272.52
326.74
226.08
226.82
335.24
215.21
340.94
327.55
286.53
260.70
362.98
337.67
357.95
161.30
111.78
70.46
219.65
95.18
116.53
156.33
253.25
213.20
164.05
146.69
206.43
87.79
164.15
113.06
235.44
246.13
188.11
239.39
191.40
172.19
133.18
158.78
250.49
236.29
333.01
298.26
326.42
309.49
289.18
394.15
242.67
390.61
216.92
269.56
325.99
164.66
432.10
268.44
77.20
268.27
272.84
295.56
288.44
196.31
332.97
313.33
363.90
389.04
292.37
357.12
344.41
201.19
183.03
161.30
175.88
160.09
111.36
130.30
25.87
20.86
26.48
56.01
299.63
288.34
151.80
326.49
301.72
354.81
335.12
313.80
344.61
370.54
308.31
302.29
344.42
395.33
276.04
304.87
285.46
364.68
363.11
333.95
374.25
364.59
324.54
254.96
277.55
286.60
260.33
364.71
374.34
303.70
432.57
170.11
244.54
386.65
206.15
379.15
432.24
321.85
318.88
227.48
238.94
223.65
271.51
351.65
357.40
305.19
366.03
501.02
316.93
441.09
360.19
344.11
267.53
262.19
321.53
304.96
475.99
428.28
298.44
231.66
241.69
186.66
240.60
233.48
294.90
172.33
142.99
159.43
79.95
17.28
75.89
501.86
152.53
210.13
211.92
197.90
195.21
57.11
164.61
194.62
139.91
263.30
301.31
283.51
162.48
235.78
234.37
364.36
202.83
256.05
237.24
229.11
174.37
86.37
338.21
118.32
217.37
96.26
403.96
79.92
416.11
175.34
100.97
112.15
191.45
263.72
343.77
50.54
208.80
270.01
121.86
166.31
162.15
81.88
65.74
71.17
141.83
79.54
189.61
185.61
167.68
247.35
203.90
211.36
158.93
55.09
47.40
272.24
129.14
186.01
145.92
35.21
92.49
156.43
246.99
120.46
20.54
94.64
386.52
276.02
124.08
240.57
333.06
110.11
218.59
247.45
121.47
173.31
284.14
194.17
175.38
189.18
336.15
187.32
252.99
171.23
162.93
232.41
106.35
220.89
185.46
111.48
293.82
189.63
275.44
212.73
292.32
142.25
229.92
123.76
334.70
190.57
428.35
284.40
206.41
237.50
318.03
327.63
163.95
195.81
259.36
432.56
257.95
343.90
228.82
276.14
376.60
300.10
192.73
260.37
409.99
200.72
275.55
331.15
406.55
330.80
419.25
360.26
375.65
429.26
494.18
485.46
480.74
440.10
411.98
359.46
255.97
278.89
200.87
221.18
110.32
22.28
72.74
48.61
41.24
436.66
202.89
321.13
218.84
255.53
97.25
74.70
154.58
364.96
115.56
154.27
278.65
151.86
49.37
93.24
45.82
339.46
363.28
115.29
77.14
148.51
172.33
140.04
66.59
230.68
71.13
250.96
229.60
135.29
87.94
341.65
73.87
90.34
195.01
72.11
204.86
65.06
58.23
185.77
143.89
98.81
114.73
42.57
277.06
64.66
268.72
95.27
186.23
50.76
108.10
92.96
211.42
83.48
44.39
333.91
273.10
109.15
122.96
127.13
295.12
84.11
44.34
235.29
57.17
149.49
116.24
141.00
296.54
229.80
280.53
236.56
85.47
417.39
132.65
32.50
196.92
98.97
49.85
162.55
39.43
79.89
152.09
269.27
237.91
228.75
158.33
85.03
193.58
372.52
351.03
356.79
192.92
282.60
467.40
286.87
228.04
149.83
294.42
252.46
348.85
335.20
241.66
116.52
161.31
163.62
155.36
211.97
214.27
314.17
339.43
250.16
224.33
268.09
207.00
431.85
254.02
278.94
144.67
223.98
294.97
411.34
174.92
407.40
182.72
205.02
408.92
350.31
328.21
244.49
307.36
403.24
410.78
332.65
311.85
230.62
251.78
378.81
255.24
312.68
344.42
278.76
244.06
295.29
275.97
266.64
315.65
296.66
423.31
409.06
347.71
380.74
319.85
301.24
425.76
379.28
377.09
353.78
352.60
348.69
428.52
393.48
418.63
429.74
396.94
355.18
367.60
369.14
395.30
389.12
291.64
454.31
375.78
458.84
489.52
388.19
460.50
457.50
444.65
474.18
331.07
377.95
458.17
466.11
499.27
514.57
453.09
516.23
390.10
453.21
351.33
479.90
388.19
341.52
464.46
474.65
427.95
427.95
325.39
495.75
398.54
473.06
414.51
466.62
427.74
466.96
463.84
400.90
451.69
437.31
494.90
381.09
457.56
368.60
446.50
476.93
401.00
424.74
398.42
343.02
333.77
449.39
359.66
392.30
494.49
315.34
454.74
364.00
440.73
455.02
452.09
304.15
436.12
390.67
490.08
444.68
358.83
332.58
426.39
396.15
417.40
465.57
474.81
446.01
322.01
477.70
412.35
309.15
431.77
444.60
463.63
410.33
345.12
495.57
387.52
438.31
370.13
522.06
470.95
438.13
435.39
418.01
467.78
444.18
448.57
423.26
347.85
366.87
463.00
420.57
440.66
480.73
