0.148862
5.689315
0.786275
0.417327
0.586075
0.568580
0.604658
0.875742
0.595156
0.675071
0.677842
0.634116
0.602870
0.421290
0.690052
0.641026
0.633067
0.673688
0.623949
0.616415
0.584075
0.614653
0.644912
0.607726
0.684469
0.658004
0.634596
0.698714
0.864587
0.634392
0.607345
0.446257
0.648141
0.879581
0.669444
0.984327
0.684299
0.648576
0.857076
0.736119
0.664834
0.642446
0.619059
0.620759
0.640992
0.621731
0.613809
0.667148
0.615522
0.685845
0.682557
0.653628
0.658209
0.617983
0.628617
0.598829
0.462599
0.621369
0.612304
0.621384
0.486767
0.619401
0.653767
0.644942
0.642622
0.655443
0.630593
0.623875
0.666756
0.671020
0.661970
0.611145
0.627569
0.602950
0.648486
0.635098
0.647133
0.696799
0.708782
0.918706
0.700706
0.626035
0.641691
0.667160
0.657981
0.636533
0.648349
0.652497
0.651694
0.633610
0.624157
0.584632
0.609292
0.477409
0.627704
0.683640
0.620271
0.632679
0.604228
0.648225
0.614119
0.642227
0.630354
0.636635
0.681939
0.664955
0.628621
0.619132
0.622363
0.626495
0.630163
0.610646
0.645993
0.673707
0.603937
0.608081
0.665773
0.631397
0.860427
0.640226
0.639185
0.612941
0.654301
0.648857
0.643225
0.642847
0.602654
0.517157
0.620783
0.640610
0.621843
0.632243
0.615894
0.623366
0.622164
0.631099
0.675709
0.644444
0.611533
0.851220
0.717253
0.665071
0.710643
0.640149
0.665529
0.626868
0.589558
0.623654
0.610795
0.460713
0.642715
0.628985
0.622524
0.886487
0.652132
0.627308
0.629622
0.613531
0.479975
0.587425
0.493815
0.629211
0.461134
0.564822
0.466759
0.574840
0.436054
0.671582
0.621418
0.814895
0.659006
0.638444
0.626216
0.631773
0.618172
0.664106
0.651083
0.649597
0.641147
0.618858
0.639393
0.659714
0.428018
0.612832
0.448432
0.632433
0.687314
0.634572
0.671366
0.634711
0.617728
0.593545
0.636653
0.648819
0.672700
0.651750
0.639919
0.474632
0.716828
0.612122
0.641295
0.641723
0.636259
0.645021
0.625684
0.628985
0.621748
0.880405
0.657137
0.477678
0.667444
0.648932
0.856816
0.627633
0.626396
0.690772
0.674981
0.660064
0.431029
0.607887
0.464830
0.639984
0.682587
0.659943
0.653054
0.609197
0.480467
0.630625
0.635117
0.660416
0.450495
0.635620
0.649868
0.628714
0.679486
0.621244
0.634285
0.664425
0.655344
0.695310
0.726341
0.895068
0.647752
0.679798
0.641376
0.640203
0.707999
0.657617
0.661340
0.579996
0.675047
0.656686
0.621186
0.479634
0.619122
0.622362
0.631528
0.605141
0.599136
0.648756
0.663941
0.673462
0.640645
0.676837
0.447527
0.637912
0.914691
0.425578
0.620386
0.606930
0.601871
0.458797
0.619565
0.622346
0.618773
0.637433
0.588559
0.453130
0.560428
0.626010
0.422946
0.632206
0.638484
0.634877
0.632483
0.637073
0.621829
0.623314
0.625487
0.625780
0.647203
0.643983
0.647956
0.621903
0.698359
0.677876
0.630296
0.499840
0.477898
0.594515
0.633124
0.659241
0.646458
0.631546
0.632530
0.575452
0.425787
0.638080
0.832632
0.710236
0.668877
0.475184
0.597507
0.468095
0.651067
0.686412
0.626288
0.623487
0.833273
0.459349
0.623611
0.654443
0.609405
0.638105
0.659876
0.677227
0.610355
0.652308
0.617224
0.639361
0.637396
0.646200
0.649660
0.632443
0.444969
0.617947
0.899082
0.654871
0.665664
0.684862
0.706228
0.637035
0.616710
0.685207
0.632564
0.643411
0.644249
0.643431
0.462408
0.710651
0.639511
0.685226
0.639936
0.652386
0.658638
0.623791
0.650122
0.693352
0.659904
0.638000
0.665668
0.672816
0.625463
0.661386
0.704538
0.664278
0.631537
-0.288444
0.594105
0.449498
0.639257
0.685053
0.683956
0.685034
0.624138
0.680656
0.645730
0.649091
0.704737
0.656935
0.605749
0.709129
0.650852
0.714525
0.517043
0.606951
0.509807
0.450552
0.633565
0.728525
0.748683
0.674703
0.578674
0.447989
0.639643
0.646844
0.651390
0.641162
0.635766
0.632846
0.635760
0.642945
0.682871
