0.00
520.80
542.25
535.17
557.95
545.15
551.68
539.70
541.30
543.27
536.98
527.93
538.88
534.66
530.45
533.94
528.95
519.49
506.48
538.89
501.65
510.36
525.17
518.81
495.79
475.46
498.95
521.44
523.45
455.62
515.83
507.13
473.76
509.64
485.80
513.13
469.56
495.93
501.79
472.54
474.41
489.90
487.76
508.24
482.62
479.69
491.72
471.23
443.48
465.44
480.70
466.80
487.35
476.42
444.64
482.37
469.23
486.86
473.53
474.53
466.47
494.91
485.68
450.24
470.66
448.87
448.63
442.88
454.61
465.94
436.18
413.59
435.09
425.68
449.93
454.97
488.79
454.76
439.22
460.77
458.71
473.11
456.87
432.42
484.36
452.49
445.13
466.40
437.33
476.87
445.62
475.27
462.71
459.41
468.99
439.88
424.72
450.60
436.29
457.16
471.69
429.56
445.72
447.36
459.79
414.54
445.54
441.20
419.56
433.96
448.65
408.89
457.02
418.88
428.08
412.11
437.85
426.76
432.26
428.06
447.41
448.51
336.04
367.61
238.08
255.73
296.50
256.54
309.10
284.13
342.64
316.59
336.43
270.43
358.63
351.47
339.04
358.30
359.82
354.61
331.39
353.08
379.83
342.95
310.76
326.25
323.28
356.56
349.55
346.24
347.69
342.71
336.12
355.46
340.83
328.34
297.49
322.05
343.08
316.37
336.93
355.38
349.12
287.90
294.71
336.78
343.80
367.06
299.82
302.44
334.72
285.63
288.74
308.22
320.85
281.13
300.33
295.21
262.05
285.14
315.12
345.76
299.55
334.61
272.78
314.20
314.45
249.30
312.86
327.01
251.37
329.77
293.63
326.90
292.30
244.51
293.29
266.53
275.74
274.65
292.49
273.33
283.85
339.14
313.71
353.84
304.10
335.94
321.73
298.27
316.93
312.32
351.70
346.11
317.26
336.36
319.91
323.64
306.56
312.72
324.53
355.67
344.51
359.35
308.55
319.34
375.72
339.48
312.51
386.40
346.20
246.82
347.79
366.75
298.68
316.88
374.48
248.37
288.99
292.38
230.97
355.78
256.28
154.13
218.81
271.54
285.56
265.47
297.54
288.59
174.12
281.75
291.54
234.61
255.05
275.51
244.17
325.89
226.07
301.33
259.37
358.64
286.26
348.77
257.80
309.23
301.75
270.19
360.64
359.81
236.29
369.71
374.78
302.97
290.39
274.62
392.42
297.37
429.62
334.82
411.49
308.04
431.23
394.73
353.19
308.02
416.47
334.00
337.44
397.20
382.05
414.88
371.93
356.83
273.17
374.78
370.32
407.88
399.82
301.02
374.97
375.50
441.69
337.28
415.22
359.61
400.40
382.02
409.84
346.27
381.37
376.97
319.92
408.39
409.73
411.72
380.00
395.24
420.01
369.66
349.81
387.97
379.71
415.65
389.35
390.14
422.20
374.84
380.74
363.79
365.74
363.55
429.01
394.15
400.39
421.62
434.46
402.39
414.72
432.26
455.18
477.88
455.51
472.22
475.02
416.22
451.87
429.49
410.07
452.74
464.86
434.64
414.58
382.27
406.59
431.06
277.60
309.07
493.18
437.12
454.85
437.78
427.04
304.49
350.70
362.97
249.48
258.92
389.06
418.41
443.31
423.95
457.71
478.35
429.14
423.82
399.04
454.43
428.12
321.25
494.21
476.65
437.12
414.23
373.26
470.40
475.05
380.96
475.90
368.16
465.34
413.21
474.27
471.33
493.17
476.95
432.81
503.27
489.60
424.65
479.69
420.44
459.10
340.96
486.61
500.85
440.72
458.18
432.82
487.58
457.46
446.95
489.35
456.40
454.30
429.25
473.94
462.65
388.21
483.24
423.67
478.93
452.21
491.31
449.94
405.98
456.30
481.12
468.16
478.35
499.92
432.74
474.82
421.35
504.89
471.61
503.76
518.75
433.90
449.12
482.96
452.69
511.95
476.67
493.30
466.79
499.84
508.33
489.42
505.49
490.01
469.37
496.40
501.66
516.96
503.76
497.35
478.72
475.21
504.90
496.01
471.41
503.09
502.31
489.25
468.70
481.79
477.27
493.20
475.67
503.07
478.32
481.63
491.37
460.02
457.88
508.90
500.81
438.27
484.31
479.42
456.78
504.21
480.94
492.13
492.72
471.24
465.09
496.35
433.29
462.53
476.54
373.39
466.92
338.81
470.25
421.80
445.46
500.24
473.90
430.03
439.44
485.61
437.31
455.35
424.37
446.80
429.07
432.49
446.66
440.57
502.87
459.44
467.47
463.79
439.35
463.55
475.45
453.38
454.45
456.73
455.64
441.61
462.78
394.11
439.60
403.77
411.00
465.53
437.65
471.26
449.91
454.74
426.97
437.20
448.73
447.30
381.41
297.14
484.99
393.08
477.59
448.01
410.23
428.90
451.41
426.14
448.32
288.45
448.51
399.70
371.54
428.57
425.98
410.46
432.62
424.62
488.12
445.99
493.03
462.03
401.50
464.63
437.33
384.19
486.31
362.64
438.64
390.51
444.32
400.94
475.76
435.65
484.06
460.23
481.09
418.42
437.49
425.84
481.67
437.46
464.08
498.94
496.05
479.04
467.60
442.77
473.82
397.68
393.05
475.77
437.60
427.82
373.66
444.27
464.29
484.62
489.07
389.98
499.18
500.95
458.01
498.63
408.46
469.76
466.34
453.12
419.41
462.11
477.64
453.09
477.13
460.04
423.85
462.01
483.98
425.09
447.06
471.45
376.80
484.73
437.61
453.64
453.77
456.74
423.40
478.35
472.02
479.80
442.23
482.77
472.05
491.06
465.80
465.82
474.57
474.84
489.47
483.61
484.06
460.11
427.09
447.43
459.39
467.76
407.63
476.89
457.59
464.49
460.35
446.49
436.88
477.03
419.20
396.89
443.12
469.56
470.24
483.24
448.70
456.14
467.42
458.80
433.99
444.60
433.75
457.22
424.41
450.06
431.06
468.17
457.74
464.10
445.19
474.48
421.53
460.49
441.87
482.62
447.73
473.13
431.45
391.86
452.56
462.48
423.79
433.83
476.53
454.47
453.85
462.15
455.83
495.44
460.59
476.41
465.02
428.51
486.53
492.59
477.94
479.84
424.99
460.65
443.80
454.03
473.89
446.40
445.00
431.08
471.17
430.05
406.64
440.57
436.19
467.82
460.34
447.73
421.72
424.61
411.83
469.98
446.86
447.70
461.00
455.60
430.49
456.03
467.52
473.26
491.46
497.75
468.76
495.02
456.67
462.96
474.83
447.42
461.15
432.41
457.51
446.90
455.64
463.71
483.78
414.75
455.73
404.51
408.38
415.14
434.29
443.95
476.22
417.24
451.10
456.18
362.41
432.59
458.83
413.65
434.55
445.71
457.81
402.83
476.74
478.94
392.52
473.31
440.57
444.20
367.57
413.71
437.26
431.74
488.21
486.09
448.91
402.26
439.06
403.15
469.60
496.59
436.50
482.89
476.78
385.19
334.56
467.79
426.02
487.17
487.22
471.76
483.03
475.72
369.88
420.50
489.83
466.52
485.71
478.27
455.60
456.42
420.09
463.63
438.44
486.68
462.90
465.99
421.91
488.96
442.71
473.85
469.75
457.11
449.50
430.08
439.63
453.71
476.00
464.95
360.82
463.92
456.33
437.84
436.52
425.49
450.84
461.84
378.32
479.03
422.38
440.68
433.96
461.15
423.86
440.99
405.09
441.48
386.15
382.38
381.27
435.40
356.53
442.17
366.92
467.02
465.87
356.98
435.13
418.76
365.23
382.22
391.06
340.94
325.51
409.17
427.58
463.00
440.69
408.42
434.51
440.65
427.24
417.74
470.34
431.35
420.40
422.97
465.89
423.00
410.06
404.69
468.33
351.55
393.72
435.81
463.64
422.27
264.10
437.74
406.31
431.42
343.10
443.86
442.55
435.12
401.62
406.35
417.14
431.44
448.72
452.99
432.20
431.22
442.60
429.07
404.70
416.22
378.28
450.94
402.94
424.77
459.38
464.25
454.76
370.96
453.96
449.64
448.74
437.34
435.26
443.71
413.00
414.38
436.42
451.96
448.18
427.94
448.19
402.29
426.86
407.04
396.49
434.55
394.82
432.12
450.60
437.97
481.77
444.76
465.36
478.01
412.73
452.80
444.40
481.17
456.13
405.75
416.91
387.93
485.90
466.52
485.70
471.95
460.86
453.27
440.16
447.43
477.56
477.21
470.98
467.24
461.33
467.83
411.68
433.03
425.85
426.17
437.54
413.47
438.13
405.58
419.42
416.15
405.74
419.00
383.64
421.25
406.73
448.20
442.02
403.03
399.08
420.53
407.07
407.38
397.27
424.27
426.75
420.37
388.07
344.65
400.61
420.71
409.86
415.15
404.40
429.50
418.18
441.93
349.36
404.10
414.62
410.14
363.69
347.71
402.40
385.37
365.55
380.56
394.63
398.55
399.56
428.65
417.67
421.60
415.61
455.92
314.69
368.01
379.66
396.62
407.28
449.70
391.82
403.84
326.11
404.77
371.65
393.48
431.53
428.12
387.48
442.17
286.77
350.36
405.83
427.01
377.76
440.56
424.77
308.57
279.93
304.13
330.31
347.70
245.83
266.13
248.17
359.78
294.78
340.25
247.99
258.13
290.82
347.41
139.84
284.19
329.74
302.07
347.28
314.96
248.98
285.56
358.67
264.21
394.06
318.21
480.44
318.89
250.63
289.16
284.66
426.07
406.63
430.93
425.06
336.97
438.37
387.92
392.87
400.65
417.90
387.11
405.74
353.08
387.05
390.36
355.37
378.49
364.17
429.08
407.55
354.56
392.62
378.30
399.84
429.87
401.49
376.07
386.80
407.56
399.34
390.48
348.76
414.69
391.75
386.57
384.93
389.03
381.22
408.42
389.37
366.55
377.63
353.54
411.18
390.90
407.62
344.39
356.84
379.68
382.82
387.03
399.75
371.28
372.41
370.74
416.38
392.42
401.88
354.13
417.74
391.70
387.24
373.04
416.03
365.78
405.52
453.08
431.20
386.43
396.74
417.86
420.31
419.78
414.19
409.02
435.91
324.78
427.50
358.11
404.65
391.60
293.54
372.83
409.70
409.40
396.04
437.68
412.38
421.82
428.31
420.17
400.59
431.62
424.02
421.56
437.54
425.68
390.81
398.56
411.11
369.74
412.51
391.69
401.36
381.57
395.36
409.44
407.67
434.91
431.46
410.22
377.83
405.84
371.17
365.59
408.87
347.30
349.75
400.73
377.54
406.66
375.27
421.25
409.43
374.04
369.35
433.21
416.18
377.11
339.08
427.07
422.12
355.13
367.45
360.89
429.68
403.81
404.21
388.90
404.80
396.74
378.10
371.42
384.27
403.14
367.19
412.00
402.30
401.54
427.46
347.60
358.45
357.65
383.35
351.65
346.43
363.58
393.93
387.64
411.73
425.51
387.50
390.19
397.81
401.97
409.02
414.71
387.68
317.45
431.31
395.48
407.65
394.46
404.62
386.47
436.22
412.86
402.19
352.61
414.77
432.66
433.89
435.77
449.01
475.18
403.42
427.23
429.32
371.07
362.47
349.93
387.24
365.52
401.87
373.59
442.54
414.37
396.76
391.91
417.24
429.93
397.39
368.98
367.24
379.06
373.45
400.79
376.66
387.29
363.13
425.75
398.97
402.82
425.32
349.06
438.55
405.92
390.02
363.69
377.15
387.28
361.50
378.87
387.76
429.72
398.66
405.89
403.75
406.58
408.86
337.16
368.27
371.79
399.95
366.16
401.13
346.57
379.64
394.38
304.50
395.50
352.03
398.43
359.94
388.99
378.84
363.72
404.26
365.47
452.80
373.33
372.80
369.82
295.66
303.21
358.01
373.51
388.66
382.68
368.63
359.33
431.91
389.62
414.47
398.38
419.59
429.37
418.01
382.16
425.96
374.10
347.93
410.69
420.15
428.94
428.62
369.04
444.02
392.84
429.99
407.72
372.05
396.22
390.45
406.47
409.81
355.05
403.00
385.83
386.98
393.85
404.67
415.24
388.96
413.47
401.89
388.10
410.52
390.51
411.72
425.72
433.99
406.26
392.97
400.69
405.77
408.77
420.11
381.23
410.71
419.18
402.98
387.00
380.13
417.15
354.13
353.74
452.20
438.11
425.88
420.91
406.91
429.98
389.72
405.27
429.47
359.24
326.75
354.12
404.19
335.24
350.92
408.26
407.17
398.45
411.96
401.01
329.38
375.57
341.39
349.01
393.65
364.34
362.73
390.94
365.21
426.26
405.29
414.19
418.79
398.75
400.77
419.30
410.80
387.38
454.91
405.15
395.24
431.25
431.99
351.51
373.65
442.55
449.76
449.14
437.37
429.67
465.07
452.87
421.53
444.96
429.08
470.64
403.39
417.07
422.99
419.64
454.63
455.04
371.28
362.02
399.69
398.65
328.81
406.43
373.89
417.68
438.89
426.18
364.63
358.88
379.01
394.66
409.62
380.50
416.55
348.01
409.15
391.93
419.93
445.01
454.82
436.85
434.23
428.79
425.23
436.45
412.55
417.68
417.67
443.66
423.32
426.73
437.42
415.71
425.75
410.41
440.23
379.23
415.29
438.17
460.86
428.24
440.18
406.51
392.17
434.93
386.36
371.97
377.65
348.97
438.09
451.26
338.03
402.43
402.69
438.28
434.85
422.46
429.14
426.39
375.22
460.38
441.78
420.23
358.12
422.99
389.37
392.32
313.58
352.39
356.66
340.69
317.87
272.42
462.28
404.88
422.56
443.32
373.22
438.81
391.84
412.62
355.23
352.81
318.90
261.91
185.56
287.02
117.22
224.40
269.83
322.03
155.61
128.73
323.47
211.52
288.73
351.71
299.92
361.04
262.58
99.78
227.37
389.03
172.29
162.80
188.11
90.87
147.34
174.67
181.96
245.81
153.20
195.79
194.40
310.81
200.66
142.75
487.85
101.22
371.27
161.68
359.33
353.15
148.89
240.01
279.99
356.50
246.24
337.99
363.84
444.06
365.50
428.34
414.18
460.17
437.93
402.28
433.37
405.05
405.18
449.33
412.54
430.08
457.64
428.84
289.77
466.90
432.55
438.76
376.47
406.57
338.27
407.23
443.53
394.30
431.69
389.94
440.95
318.29
465.23
422.76
438.79
436.76
386.98
443.79
414.23
435.08
452.84
343.74
400.63
413.63
379.16
464.01
433.51
406.67
464.45
368.70
342.46
412.70
409.58
424.40
336.79
424.03
440.26
426.78
419.80
454.07
402.21
467.87
388.32
449.36
369.72
403.94
404.29
453.94
357.93
291.92
368.86
386.21
454.81
409.33
458.26
394.70
449.66
381.25
420.80
444.49
432.68
323.48
422.99
360.10
321.14
341.43
410.98
134.84
225.11
398.42
360.35
369.92
466.13
367.26
439.33
460.39
360.43
390.30
400.44
127.57
143.58
141.13
81.27
118.94
264.38
213.22
77.34
208.98
122.77
107.96
196.15
262.08
140.69
355.07
167.99
311.12
392.55
291.86
210.54
244.56
324.03
157.14
197.61
249.12
360.87
260.60
335.61
350.91
423.31
443.07
262.23
318.85
452.79
469.00
486.65
399.96
435.35
458.50
444.34
468.34
423.43
439.90
335.46
455.72
463.97
388.07
425.47
393.52
478.30
362.34
435.10
442.98
456.77
402.63
450.16
426.39
413.44
438.64
410.46
358.12
438.34
446.12
409.77
430.16
371.66
447.60
382.24
375.87
449.79
405.19
394.72
452.58
426.48
460.25
418.92
475.70
378.78
438.85
398.22
453.22
396.25
488.98
487.44
473.55
464.51
454.68
441.59
438.64
409.39
442.25
454.42
435.38
423.60
445.02
410.10
441.46
481.87
482.78
445.10
479.89
442.86
446.27
476.04
425.33
466.40
479.74
487.95
481.23
438.28
485.88
463.97
384.39
475.51
463.80
431.46
484.54
443.56
469.37
414.93
437.03
451.51
429.91
419.31
486.32
415.77
493.04
461.06
470.05
479.63
436.03
461.30
464.68
499.75
516.92
476.53
492.14
489.24
504.90
501.99
478.65
490.66
345.13
514.42
502.87
499.14
506.93
480.99
491.73
507.70
466.32
501.82
480.68
493.03
492.93
436.04
477.32
443.52
487.33
486.31
513.54
512.77
496.06
458.84
451.75
425.66
421.62
496.17
444.97
385.49
410.50
486.47
416.25
431.41
332.98
270.26
259.72
356.70
380.47
350.99
448.40
290.07
452.19
447.92
386.46
445.40
431.49
399.53
396.44
444.53
385.91
417.64
475.45
476.47
464.17
506.02
460.72
426.81
420.21
370.08
397.91
254.16
436.60
475.95
420.19
391.00
421.30
474.23
402.52
483.41
425.74
468.25
429.44
403.70
447.44
478.87
400.26
376.79
394.73
328.38
327.40
430.29
469.10
475.64
432.27
463.78
407.37
507.10
450.99
458.13
481.51
472.58
467.96
502.18
427.26
447.03
462.21
436.53
454.81
455.77
325.31
407.95
338.82
442.86
494.66
461.88
419.40
351.55
393.96
246.51
342.77
446.23
326.65
476.70
470.47
463.57
393.08
448.01
433.64
488.87
371.14
401.99
457.18
481.58
448.42
492.30
409.07
489.36
368.10
331.00
396.90
387.69
472.88
325.39
514.97
396.26
504.34
327.30
429.10
359.40
309.26
319.48
271.87
307.49
298.28
221.12
255.58
281.21
234.15
212.78
359.92
249.38
455.90
345.20
372.86
541.63
472.71
484.65
468.92
444.15
255.24
215.75
234.32
451.43
129.63
200.67
303.79
158.76
216.28
388.94
291.57
363.57
226.62
164.73
495.03
345.62
454.45
348.81
482.68
294.75
453.09
289.69
201.24
166.59
405.67
158.36
432.13
265.87
219.95
379.25
94.59
279.21
440.20
439.94
462.92
442.97
365.20
422.95
376.15
276.96
443.11
207.66
390.85
242.92
238.88
364.71
410.23
444.70
457.55
489.76
470.53
162.67
266.58
382.22
435.46
405.90
425.16
339.74
305.11
403.20
502.92
444.45
430.31
454.36
470.67
419.65
445.31
377.69
411.39
343.55
303.83
397.77
381.36
344.08
318.14
368.28
370.35
396.53
401.34
298.17
268.60
285.13
300.43
387.71
222.68
167.52
302.69
457.85
242.04
303.04
206.69
303.48
387.53
356.23
306.06
338.11
302.42
279.42
342.25
312.66
411.68
293.66
417.46
178.28
292.16
299.28
312.81
295.22
256.34
405.56
316.18
350.15
348.37
233.34
373.72
394.19
182.71
287.70
310.94
144.35
374.61
337.06
271.10
298.25
292.35
370.41
271.77
480.10
352.29
388.08
303.48
370.12
432.99
334.93
316.06
297.76
272.83
420.57
383.55
335.89
399.05
264.77
308.55
365.97
400.97
361.31
326.27
425.81
312.90
366.69
384.51
335.06
321.85
368.31
272.70
338.23
412.39
430.84
427.09
450.44
365.15
459.87
447.73
479.87
431.82
382.96
462.40
409.33
309.12
422.67
316.55
285.10
375.34
352.68
377.54
311.92
296.39
275.37
453.37
216.40
387.16
297.33
287.52
323.51
309.93
313.68
326.71
311.20
263.24
206.10
305.70
276.09
323.89
285.59
231.49
336.90
291.71
310.26
306.65
310.79
316.71
298.44
145.97
404.59
267.59
238.05
274.36
178.97
221.11
48.86
49.74
343.57
160.42
259.65
95.03
283.58
271.26
288.98
125.65
274.34
79.70
245.84
229.45
37.19
166.54
210.27
138.68
430.58
104.93
45.62
301.06
221.52
150.34
512.48
43.26
44.26
313.04
258.04
128.67
212.34
466.58
202.77
233.40
117.16
388.22
325.92
104.70
136.74
173.63
444.93
153.65
304.93
154.68
495.02
359.84
349.65
236.38
338.34
304.09
296.58
338.84
359.00
288.93
277.79
315.58
259.15
241.58
375.48
280.03
320.91
284.09
311.48
290.84
262.30
247.79
312.84
365.73
388.78
321.63
414.06
358.12
389.97
459.34
359.76
447.49
284.47
417.60
433.69
415.89
414.15
435.09
412.27
454.68
443.86
386.77
426.63
432.38
458.39
456.69
317.00
361.26
293.58
422.45
369.71
433.59
360.64
362.97
434.28
318.35
373.60
470.01
464.86
405.23
409.76
437.07
401.59
444.72
471.93
458.73
442.54
410.13
425.44
470.90
472.59
448.22
470.74
436.38
446.97
397.60
424.18
384.35
486.40
349.56
477.18
252.72
308.82
309.64
380.61
435.57
491.26
363.30
454.22
381.32
366.20
312.86
324.87
443.45
335.68
362.77
414.37
315.73
290.69
374.02
369.58
273.60
401.06
382.12
308.74
317.01
428.25
369.79
328.65
327.89
365.37
273.17
353.24
283.36
359.46
353.54
383.32
402.52
304.53
437.85
284.70
283.97
416.56
433.51
469.90
502.37
434.57
304.86
457.46
381.73
352.51
427.11
455.60
388.85
472.56
479.48
430.83
486.43
385.62
488.76
450.26
449.38
407.95
469.22
432.92
437.39
442.93
416.77
349.65
426.34
393.38
339.09
386.28
272.93
333.73
340.96
322.56
301.58
365.95
388.22
364.04
407.04
449.17
453.99
386.32
451.03
451.44
449.21
468.73
469.43
474.02
433.02
438.82
396.07
425.94
388.32
392.87
414.07
481.55
440.38
475.25
450.13
410.11
480.32
436.72
409.84
451.05
336.02
461.34
411.96
283.38
268.65
404.90
320.33
369.80
346.78
246.17
473.20
251.68
350.74
370.95
270.71
311.80
351.86
330.69
204.46
455.00
175.28
146.80
244.08
322.66
255.88
