0.013986
0.197737
0.184844
0.179792
0.171528
0.185734
0.177834
0.180127
0.172331
0.174256
0.185658
0.184769
0.184657
0.193291
0.180788
0.183694
0.181704
0.178311
0.184092
0.185751
0.178754
0.184547
0.189468
0.187193
0.178395
0.176505
0.180648
0.172134
0.176445
0.183746
0.178899
0.174654
0.174269
0.173706
0.174992
0.185412
0.173157
0.176690
0.191613
0.185815
0.178384
0.174826
0.188083
0.187055
0.168453
0.181641
0.185224
0.177093
0.175898
0.180664
0.176193
0.171631
0.175663
0.173194
0.176203
0.175236
0.172013
0.175352
0.176885
0.177097
0.185120
0.186290
0.172598
0.181763
0.186590
0.187590
0.186845
0.179666
0.185668
0.187380
0.191306
0.179833
0.184502
0.188237
0.179084
0.187283
0.183511
0.198889
0.173584
0.174238
0.180905
0.176929
0.179644
0.176355
0.173666
0.180696
0.182924
0.174485
0.177777
0.177584
0.178403
0.188905
0.186727
0.175400
0.186011
0.174847
0.185738
0.178200
0.185207
0.186365
0.176936
0.192289
0.179573
0.178791
0.182375
0.185135
0.173439
0.178434
0.187955
0.190279
0.179548
0.197224
0.198169
0.185274
0.187985
0.181068
0.167203
0.168508
0.182805
0.171275
0.179503
0.184695
0.179906
0.165735
0.185928
0.190418
0.167377
0.185920
0.172473
0.174972
0.181149
0.183519
0.180837
0.181558
0.172473
0.189342
0.184248
0.171868
0.175859
0.179577
0.183043
0.181747
0.195215
0.174940
0.179666
0.172066
0.180352
0.170122
0.179141
0.173743
0.175011
0.168475
0.182152
0.171271
0.173039
0.170415
0.190418
0.187664
0.190533
0.171673
0.180507
0.168657
0.176839
0.168895
0.174982
0.185751
0.191388
0.183521
0.192681
0.165663
0.172429
0.179579
0.177314
0.169857
0.189373
0.170956
0.190985
0.170073
0.170646
0.187694
0.174991
0.176108
0.177710
0.176916
0.180054
0.171927
0.182787
0.185684
0.169775
0.171549
0.173769
0.172608
0.191192
0.179400
0.193961
0.189090
0.173644
0.167230
0.167856
0.169719
0.173734
0.178798
0.171431
0.175950
0.189919
0.182652
0.169720
0.171798
0.182882
0.184112
0.166741
0.173054
0.179583
0.182373
0.180630
0.168445
0.174214
0.186410
0.180382
0.188751
0.187395
0.196089
0.173149
0.184065
0.180837
0.171678
0.175216
0.171321
0.179602
0.195940
0.184104
0.172269
0.171892
0.195909
0.179711
0.181520
0.178337
0.183175
0.170843
0.171694
0.183770
0.180885
0.191814
0.194417
0.188896
0.167686
0.170676
0.170864
0.179008
0.174163
0.176418
0.172158
0.185636
0.182393
0.185861
0.186886
0.174245
0.165305
0.189433
0.175479
0.179258
0.180915
0.177393
0.179936
0.177834
0.169445
0.187055
0.187605
0.176937
0.173628
0.176522
0.180266
0.187247
0.179189
0.182176
0.191893
0.177159
0.183107
0.185196
0.173789
0.175607
0.182931
0.174536
0.173950
0.181277
0.172287
0.172434
0.178867
0.171372
0.175771
0.179423
0.172076
0.184642
0.172598
0.186653
0.186266
0.172130
0.173139
0.177579
0.185237
0.171215
0.181701
0.172023
0.183900
0.172808
0.180085
0.193993
0.178188
0.178179
0.188685
0.201184
0.176654
0.178628
0.176627
0.190031
0.181328
0.186248
0.170896
0.168192
0.172080
0.181382
0.170123
0.174372
0.184497
0.178940
0.179350
0.171623
0.180306
0.176055
0.172610
0.188520
0.179880
0.180337
0.178486
0.171495
0.172026
0.172914
0.179024
0.186328
0.183426
0.199243
0.172106
0.178666
0.181839
0.188789
0.192113
0.169238
0.180705
0.188344
0.170977
0.175095
0.167294
0.179184
0.180860
0.178397
0.177874
0.179930
0.180332
0.172627
0.170551
0.191591
0.166995
0.186193
0.171505
0.171236
0.174915
0.172340
0.184659
0.184497
0.178847
0.176921
0.179802
0.172629
0.177032
0.175348
0.177622
0.177060
0.172585
0.182087
0.171367
0.174630
0.179922
0.198268
0.189992
0.184864
0.171155
0.170971
0.183430
0.189995
0.180604
0.180307
0.170240
0.171274
0.170837
0.185189
0.191971
0.187276
0.183910
0.170670
0.171592
0.183884
0.185960
0.171006
0.174570
0.188019
0.177344
0.172641
0.170969
0.175213
0.182707
0.179735
0.185909
0.187914
0.168082
0.181589
0.166557
0.180480
0.185733
0.181538
0.181816
0.177521
0.182758
0.179791
0.168496
0.169557
0.171569
0.168611
0.170627
0.174839
0.171417
0.176611
0.195103
0.189769
0.177989
0.169256
0.179255
0.176976
0.173023
0.173914
0.168400
0.181890
0.175877
0.189905
0.184717
0.180189
0.171176
0.178553
0.178307
0.179853
0.188237
0.171046
0.182116
0.178305
0.174537
0.172458
0.196871
0.186535
0.183380
0.175276
0.171133
0.175305
0.172601
0.177602
0.167512
0.165402
0.165309
0.187757
0.174868
0.178975
0.179055
0.167953
0.171310
0.178359
0.174316
0.176182
0.171566
0.180674
0.186278
0.170247
0.177144
0.175346
0.181940
0.175265
0.173197
0.179991
0.176683
0.184227
0.188305
0.176655
0.173135
0.181771
0.168761
0.170117
0.180249
0.170482
0.180791
0.179739
0.193701
0.167973
0.182984
0.179663
0.181730
0.182042
0.178427
0.177303
0.175952
0.175965
0.172147
0.180062
0.175586
0.173578
0.186547
0.173198
0.176885
0.179118
0.175399
0.170548
0.180389
0.175998
0.171429
0.176466
0.184515
0.181655
0.181730
0.186563
0.178628
0.172325
0.197918
0.188024
0.178711
0.180900
0.189882
0.177830
0.194413
0.178547
0.187004
0.169491
0.176160
0.171960
0.181894
0.172039
0.169171
0.176614
0.186949
0.177743
0.184867
0.173520
0.180741
0.174239
0.187487
0.186519
0.192667
0.172901
0.179823
0.184248
0.168849
0.182354
0.180412
0.174974
0.182732
0.195482
0.170004
0.184562
0.169187
0.177807
0.180948
0.183886
0.176425
0.175560
0.179720
0.187820
0.178053
0.168378
0.167736
0.177101
0.174696
0.183683
0.184039
0.175978
0.174623
0.180199
0.180612
0.179394
0.180387
0.169770
0.169757
0.168632
0.180259
0.169649
0.169473
0.170054
0.173061
0.175230
0.178755
0.178077
0.188285
0.177440
0.164317
0.169874
0.178231
0.168728
0.182697
0.182221
0.175358
0.182387
0.179435
0.172398
0.171088
0.184516
0.175287
0.168750
0.177931
0.179698
0.174452
0.182367
0.167275
0.172029
0.172592
0.180924
0.183974
0.172403
0.174159
0.168051
0.170406
0.169223
0.175408
0.174671
0.168684
0.190071
0.171287
0.172708
0.172231
0.179268
0.177932
0.191454
0.166732
0.185395
0.172855
0.175339
0.170539
0.169845
0.185292
0.177413
0.168602
0.182998
0.181409
0.169218
0.182211
0.177273
0.174432
0.183379
0.172305
0.176297
0.182809
0.191223
0.171874
0.176478
0.172635
0.182946
0.180817
0.181291
0.188639
0.174891
0.172490
0.178086
0.175793
0.179989
0.171314
0.191442
0.186653
0.170659
0.168606
0.171098
0.176650
0.171831
0.169987
0.170300
0.170810
0.181066
0.171998
0.168383
0.166622
0.184159
0.176064
0.168270
0.180441
0.182125
0.177640
0.180021
0.180426
0.176858
0.174242
0.169176
0.176429
0.171385
0.186363
0.170549
0.179991
0.172427
0.171026
0.188178
0.168619
0.174147
0.184680
0.170905
0.169483
0.174587
0.175192
0.184484
0.184430
0.184720
0.171586
0.169255
0.171587
0.172909
0.188552
0.173671
0.171308
0.189892
0.171157
0.198185
0.194078
0.191361
0.171396
0.169911
0.168493
0.168041
0.173275
0.182824
0.180706
0.172698
0.176326
0.178336
0.173996
0.179033
0.169034
0.179198
0.177925
0.171518
0.177858
0.171092
0.183855
0.171219
0.171149
0.171408
0.169900
0.171762
0.171767
0.171015
0.178696
0.180542
0.172158
0.180377
0.170275
0.167058
0.161221
0.166032
0.171211
0.178237
0.177301
0.179820
0.157235
0.158667
0.153837
0.165094
0.179211
0.178433
0.182235
0.170445
0.173196
0.183445
0.173992
0.177803
0.170084
0.169047
0.172019
0.172161
0.172734
0.183937
0.179858
0.169737
0.182787
0.174639
0.170660
0.187246
0.180088
0.170279
0.171743
0.178243
0.179985
0.188162
0.177982
0.175998
0.175416
0.177467
0.154015
0.127694
0.156062
0.161319
0.163177
0.172920
0.172591
0.173124
0.175898
0.170626
0.174014
0.171567
0.174346
0.175128
0.178098
0.175987
0.183804
0.186971
0.183340
0.185039
0.174921
0.177587
0.175010
0.182127
0.172087
0.173680
0.180771
0.180378
0.178241
0.177776
0.175977
0.173892
0.177240
0.187283
0.178486
0.176948
0.176547
0.176429
0.179622
0.175782
0.177398
0.176001
0.175662
0.176646
0.178854
0.177784
0.184237
0.176919
0.176301
0.179939
0.176354
0.180471
0.177506
0.176858
0.188076
0.185796
0.175489
0.175987
0.174947
0.176582
0.176491
0.182769
0.174456
0.191135
0.196383
0.180867
0.201857
0.185193
0.179143
0.185919
0.173953
0.190569
0.172664
0.181366
0.178302
0.178739
0.185841
0.175752
0.187855
0.178508
0.166808
0.185481
0.173518
0.179948
0.194374
0.182042
0.189955
0.184948
0.182544
0.175981
0.173266
0.174602
0.173982
0.176915
0.184012
0.166626
0.181095
0.197389
0.183932
0.173573
0.176071
0.170755
0.194442
0.178477
0.174556
0.176121
0.166249
0.180541
0.183917
0.186911
0.182100
0.188076
0.190388
0.177070
0.190211
0.186472
0.189164
0.164670
0.174145
0.176483
0.195185
0.191437
0.180838
0.186131
0.185486
0.176441
0.177035
0.191983
0.177434
0.178808
0.175486
0.191386
0.182721
0.174005
0.191372
0.168463
0.177337
0.170909
0.182143
0.190289
0.180938
0.176375
0.176603
0.177529
0.180947
0.174444
0.171721
0.183462
0.174993
0.174759
0.178587
0.168931
0.200619
0.180444
0.178278
0.176502
0.183221
0.194819
0.212546
0.172194
0.178426
0.193953
0.171715
0.168045
0.180159
0.172217
0.185035
0.173593
0.168450
0.178137
0.178824
0.178244
0.171211
0.168456
0.184007
0.171101
0.171032
0.175962
0.176120
0.179372
0.177149
0.170855
0.178349
0.176623
0.175150
0.168231
0.190710
0.170930
0.175195
0.176306
0.167802
0.187264
0.171717
0.171814
0.170167
0.169015
0.171089
0.167739
0.168445
0.178288
0.169700
0.140637
0.161256
0.158219
0.160691
0.165384
0.166951
0.174274
0.184962
0.232255
0.188004
0.187361
0.179795
0.182135
0.178428
0.169678
0.194070
0.186452
0.186668
0.172981
0.186585
0.184432
0.167931
0.158107
0.168879
0.176733
0.167262
0.184071
0.191112
0.205513
0.188931
0.177298
0.168991
0.168748
0.179712
0.186073
0.196762
0.207317
0.182830
0.171376
0.164056
0.164894
0.163218
0.159627
0.163551
0.163166
0.163631
0.175910
0.177063
0.185948
0.195518
0.176815
0.167581
0.165473
0.171663
0.170342
0.193682
0.189313
0.190199
0.177738
0.166222
0.174884
0.173718
0.172823
0.169629
0.184346
0.172595
0.179036
0.176908
0.173705
0.176235
0.185166
0.178930
0.182285
0.179614
0.173438
0.178690
0.178876
0.175033
0.178913
0.174223
0.176918
0.179584
0.176463
0.176023
0.175846
0.171910
0.179997
0.172240
0.178980
0.178601
0.171655
0.179716
0.175619
0.178318
0.181342
0.181222
0.178823
0.184176
0.176642
0.189050
0.205243
0.188498
0.198145
0.190504
0.172925
0.171916
0.169074
0.171194
0.167301
0.169069
0.167822
0.169975
0.169391
0.173213
0.168891
0.186558
