680	348	26	43
681	345	23	43
681	345	23	43
681	344	23	43
680	344	23	42
680	343	23	42
680	342	23	42
680	342	23	43
679	341	23	42
680	340	23	42
679	339	23	42
679	338	23	43
678	337	23	43
678	337	23	42
678	336	23	43
678	335	23	43
677	334	23	42
677	333	23	42
676	332	23	42
676	332	23	42
677	330	22	42
676	330	23	41
676	329	23	42
675	328	23	41
675	327	23	41
674	327	23	40
675	326	23	40
675	324	23	41
675	324	22	41
673	322	23	41
674	322	23	41
673	321	23	41
673	320	22	41
673	319	22	41
672	318	22	41
672	317	22	42
672	316	22	41
671	315	22	41
671	314	22	40
671	313	22	41
670	313	22	41
671	311	22	41
670	310	22	40
670	310	22	41
669	309	22	40
670	308	22	41
670	307	22	40
669	306	22	42
668	305	22	41
668	304	22	40
667	303	22	40
667	303	22	41
667	302	22	41
667	301	22	41
666	300	22	40
666	300	22	39
666	298	22	39
666	298	22	39
666	297	22	39
665	296	22	40
665	295	22	39
665	294	22	40
665	294	22	40
664	293	22	39
664	292	22	40
664	291	21	40
664	291	21	40
664	289	21	41
663	289	21	40
663	288	21	40
663	288	21	40
662	287	21	39
662	286	21	39
662	285	21	38
662	285	21	38
662	284	21	38
662	283	21	38
662	283	20	38
661	282	20	38
661	281	21	38
661	280	20	39
661	279	21	38
661	279	20	39
661	277	20	38
660	277	20	38
660	276	20	37
660	276	20	38
660	275	21	38
660	274	20	38
660	273	21	38
659	272	20	38
660	272	21	38
659	271	20	38
660	271	20	38
660	270	20	38
659	269	20	38
659	269	20	37
658	268	21	37
658	267	21	37
658	267	21	37
659	266	20	37
658	265	20	37
658	264	21	37
658	263	20	38
658	263	21	37
658	261	20	38
658	261	20	37
657	261	21	37
657	260	20	37
657	259	20	37
657	259	20	37
657	258	20	37
657	258	20	37
657	256	20	37
657	255	20	37
657	255	20	37
657	254	20	36
656	254	19	36
656	252	20	37
656	252	20	36
656	252	20	36
656	251	20	37
656	249	20	37
656	247	20	37
656	244	20	37
655	240	20	37
655	238	20	38
655	236	20	37
655	233	20	38
654	231	20	38
655	230	20	37
654	227	20	39
654	227	20	38
654	225	21	37
654	224	20	36
654	223	20	37
653	222	20	37
653	221	20	37
653	220	20	36
654	219	20	36
653	218	19	36
653	217	19	37
653	216	19	36
653	216	19	37
653	215	19	38
652	214	20	36
652	212	19	37
652	212	20	36
652	211	20	36
651	209	21	36
651	209	20	36
651	208	20	35
651	207	19	35
651	206	20	36
650	205	20	35
650	204	20	36
649	202	22	36
650	201	19	35
650	200	19	36
649	200	21	35
649	198	20	36
649	198	19	35
649	197	19	36
649	195	19	34
648	193	19	35
648	193	20	35
648	191	19	34
648	191	20	35
647	189	20	36
647	188	20	35
647	187	20	35
646	186	20	34
646	184	20	34
646	183	20	35
646	182	19	35
646	181	20	35
645	180	19	35
645	179	20	34
644	178	20	34
644	176	21	34
644	175	20	34
644	174	19	33
643	173	20	33
643	171	20	33
642	170	20	34
642	169	20	33
642	168	20	34
641	166	19	33
642	164	20	34
641	164	20	33
641	162	19	32
641	161	19	33
640	160	20	33
640	159	19	32
640	156	20	34
639	156	19	34
640	155	19	33
639	154	19	33
638	152	20	35
638	150	19	33
638	149	19	33
638	148	19	33
638	147	20	32
638	146	19	33
638	145	18	33
637	144	19	33
637	143	18	32
637	142	18	32
637	141	18	32
637	140	19	32
636	139	19	32
636	138	20	31
636	137	19	32
636	136	19	32
635	136	19	33
634	135	20	33
634	134	19	32
634	133	19	31
634	133	20	32
635	132	19	30
634	131	20	31
633	132	20	31
633	131	20	31
634	131	19	30
633	130	19	31
632	130	21	30
632	130	19	30
632	129	20	30
631	129	22	32
632	129	19	30
632	128	20	31
630	129	21	31
631	128	20	31
632	128	20	31
632	130	19	31
631	130	19	30
631	130	19	30
632	131	19	30
631	133	19	29
631	133	18	29
631	134	18	29
631	134	18	29
631	135	18	30
631	136	18	31
630	137	20	30
630	137	19	29
630	138	19	30
631	140	18	31
630	140	18	30
630	141	19	30
630	142	18	29
629	144	19	32
629	145	19	30
629	146	18	31
629	146	19	31
630	148	19	29
629	149	19	30
629	149	19	29
629	151	19	29
629	151	19	30
629	152	19	31
629	154	19	29
630	154	19	30
629	154	20	31
630	156	19	30
630	157	19	29
631	158	18	29
631	159	20	31
631	159	19	30
632	161	19	29
630	163	21	29
632	163	20	29
632	163	20	29
633	166	19	28
632	166	21	30
632	167	21	31
633	167	19	31
632	169	22	30
633	170	20	29
634	171	21	30
635	172	19	28
635	172	20	30
636	174	19	28
637	174	19	28
637	175	19	29
636	175	20	31
637	176	19	29
638	178	19	28
638	179	18	28
638	180	19	27
639	181	18	28
639	181	18	28
639	182	19	28
638	182	19	28
638	182	21	30
639	184	21	29
639	185	19	29
639	185	20	28
640	185	20	28
641	188	18	27
640	188	20	27
639	188	21	28
641	189	20	27
641	190	18	27
641	191	19	27
640	191	20	27
641	191	20	28
641	192	20	28
641	192	20	28
642	193	19	28
641	193	20	28
641	194	20	27
640	195	20	29
642	196	19	27
642	196	18	27
641	197	20	27
641	198	20	27
641	197	19	27
642	198	18	26
642	199	19	27
641	199	19	28
641	198	20	27
641	199	19	29
640	200	20	28
640	201	19	28
641	201	20	28
641	202	19	28
642	201	19	28
641	202	19	27
641	203	20	27
641	203	21	27
641	204	19	27
641	203	20	27
641	203	19	26
641	204	18	27
642	204	18	26
641	204	19	27
642	205	20	27
641	205	19	26
642	205	19	26
641	205	20	26
641	205	19	26
642	204	19	27
641	205	20	26
641	205	21	26
641	206	20	26
640	206	21	27
642	206	20	27
640	206	20	27
641	205	20	27
641	206	20	28
642	207	20	27
641	207	19	26
643	207	18	28
642	208	18	27
643	208	19	27
641	212	22	24
642	207	20	29
642	207	20	29
642	208	20	28
643	209	21	28
642	208	20	28
644	209	20	28
641	210	22	27
643	212	21	26
644	210	20	28
644	219	21	21
644	213	20	25
645	211	20	27
646	211	18	27
646	212	19	27
646	212	19	27
646	213	19	28
647	212	19	27
647	213	20	29
648	215	19	26
648	217	19	25
648	215	20	28
648	214	20	29
649	216	21	30
649	217	19	29
650	217	19	29
651	218	20	29
651	220	20	28
650	222	21	27
651	221	20	28
653	221	19	28
653	222	19	30
654	223	19	28
654	225	19	29
655	225	18	29
656	227	18	28
655	226	20	30
656	228	19	29
656	229	20	30
656	230	20	30
656	230	20	31
656	231	20	29
656	232	20	30
657	234	19	29
657	234	20	30
656	235	21	30
657	236	20	30
655	236	23	33
657	237	21	31
658	239	19	30
657	240	21	30
657	241	20	30
659	243	19	29
659	245	18	29
660	246	18	30
659	246	19	31
660	247	19	30
660	249	19	30
660	249	19	30
660	251	18	30
660	251	19	30
660	252	19	30
660	254	19	31
661	255	19	30
662	256	19	31
661	257	19	31
661	259	19	31
662	259	19	30
662	260	19	31
662	261	19	32
662	262	19	32
662	263	20	32
663	264	19	31
663	265	19	31
663	266	20	31
664	267	18	31
663	268	19	31
663	269	19	33
664	270	19	32
664	272	19	32
664	272	20	32
665	273	19	32
664	274	19	33
665	275	20	33
664	276	20	32
665	277	20	33
665	278	20	33
665	279	20	33
665	279	20	33
665	280	21	33
665	281	21	34
665	281	21	33
666	282	21	33
666	283	21	33
666	284	21	33
666	286	21	33
667	286	21	33
667	286	20	34
667	287	21	33
668	288	21	33
668	288	21	33
667	289	21	34
668	290	22	34
668	290	22	34
668	291	22	33
668	292	23	34
668	292	22	34
669	292	23	34
669	294	22	34
668	293	23	34
670	294	22	34
670	294	22	34
671	295	22	33
671	294	22	34
671	295	21	34
671	295	21	34
672	296	22	34
671	296	22	34
671	295	22	34
671	296	24	35
671	296	24	34
672	296	23	34
671	295	23	35
672	297	23	34
673	297	22	33
672	296	23	35
673	297	22	33
673	297	23	34
673	297	22	34
674	297	22	33
674	297	21	34
673	297	22	33
674	298	22	32
674	297	21	32
674	296	21	33
675	297	21	32
674	296	20	33
675	296	22	33
672	295	24	34
675	296	22	33
674	295	21	33
673	295	23	33
674	295	22	33
674	295	22	32
673	295	23	32
675	295	20	31
676	295	19	31
675	294	20	32
676	294	20	32
675	293	20	32
674	293	22	32
674	293	23	32
674	292	22	32
674	292	22	31
673	292	24	33
674	292	22	32
674	291	21	32
674	291	22	32
672	290	24	32
675	289	21	32
675	290	21	31
676	289	20	32
675	289	20	32
675	288	19	31
675	288	19	32
675	288	20	31
675	288	20	32
675	287	19	32
674	287	21	32
676	286	19	32
674	286	20	32
675	284	20	32
675	285	20	32
674	284	20	32
675	284	20	31
674	283	20	31
675	283	19	31
674	283	20	31
675	282	19	31
675	282	19	32
675	282	19	31
675	280	20	32
671	280	24	32
674	280	20	31
672	280	22	31
674	279	20	31
675	279	20	32
674	278	20	31
674	278	20	31
674	277	20	32
674	277	19	31
674	277	20	31
672	276	21	32
674	276	20	31
675	275	20	30
673	275	21	31
673	275	21	31
673	275	21	31
673	274	21	31
674	273	21	31
671	273	24	32
672	273	22	31
673	273	22	31
673	273	21	31
674	272	20	31
674	271	20	32
674	271	19	30
675	270	19	31
673	270	22	32
675	270	19	31
673	270	21	31
674	270	20	31
672	269	22	32
674	268	21	31
673	268	22	32
673	269	20	30
674	268	21	30
674	268	21	30
674	267	20	31
675	268	19	31
675	267	19	29
675	267	19	31
674	266	21	31
675	267	20	30
676	266	20	30
675	265	21	32
675	265	20	31
675	265	21	31
676	266	20	31
675	266	20	31
674	265	21	30
676	265	20	30
674	264	20	31
676	264	20	31
676	265	19	30
676	264	19	31
675	264	19	30
676	263	20	30
676	263	20	31
675	263	22	31
675	264	22	30
677	264	20	29
675	262	21	30
675	263	21	30
676	263	20	29
675	263	21	30
677	263	19	30
674	263	21	29
677	263	19	28
676	263	20	30
676	262	20	29
678	262	19	30
677	262	20	30
678	262	20	29
677	262	21	30
678	261	20	30
678	262	20	30
679	261	19	29
679	262	20	30
678	262	21	29
679	261	19	29
679	262	20	30
679	262	20	29
678	262	21	29
679	262	19	28
680	262	20	30
680	262	20	30
680	261	20	30
680	261	21	30
678	262	22	30
680	262	20	30
680	262	20	30
681	261	20	30
681	262	21	29
682	261	19	29
682	262	20	30
682	262	19	29
682	262	20	30
683	262	19	29
683	262	19	30
683	262	20	30
683	262	20	30
683	262	21	31
683	263	20	30
684	262	20	30
683	263	20	29
683	263	21	30
684	263	20	29
685	262	20	31
683	261	22	32
684	262	19	31
685	263	19	30
685	264	20	30
685	264	19	29
686	264	20	30
685	264	21	31
686	264	21	31
686	263	22	31
687	263	21	32
686	263	22	31
686	263	21	31
686	264	21	31
687	265	20	30
686	265	22	31
688	265	21	31
688	265	20	30
689	265	20	31
689	265	20	31
689	266	21	30
690	265	20	31
689	267	21	30
688	266	23	31
690	266	21	30
689	267	22	31
689	266	22	30
691	267	20	31
691	267	20	31
689	267	22	31
691	267	20	30
693	267	20	31
692	268	20	31
691	268	21	31
692	268	20	31
692	268	21	31
692	268	20	31
693	268	21	31
691	268	21	31
693	269	20	30
692	268	21	31
690	270	24	31
693	269	21	30
692	270	21	31
695	270	20	29
693	270	22	31
695	270	19	30
695	270	21	31
695	270	20	30
695	270	21	31
695	270	21	31
695	271	21	31
694	271	23	31
695	271	22	31
695	271	21	31
694	271	22	31
694	271	22	31
696	272	21	30
696	271	21	30
697	271	20	30
696	272	21	31
696	272	21	31
698	272	20	30
698	272	20	31
697	272	22	31
698	272	21	31
698	273	20	31
699	272	20	31
699	272	20	31
699	273	20	31
700	273	19	31
700	273	19	31
701	272	19	31
700	272	20	31
700	273	19	31
700	273	19	30
700	273	19	30
701	273	20	31
701	273	20	30
701	274	20	31
701	274	20	31
701	273	20	31
702	273	20	31
701	273	20	31
701	273	21	30
701	274	21	31
701	274	21	30
701	274	21	31
701	274	21	31
702	274	21	30
702	274	21	31
702	274	21	30
702	274	21	31
702	274	21	30
702	274	22	30
702	274	21	31
703	274	20	31
702	274	20	31
702	273	21	32
703	273	21	31
702	273	21	32
703	274	21	32
702	273	21	30
702	274	21	32
702	273	21	32
701	273	22	32
700	273	22	32
701	273	21	32
700	274	24	33
702	273	20	31
702	274	21	31
700	273	21	32
701	274	21	32
701	274	20	31
701	272	20	32
701	274	20	31
700	273	20	31
701	275	19	31
701	273	19	31
701	273	20	31
701	273	20	32
700	272	19	32
700	272	21	33
699	273	22	32
699	273	20	31
700	272	21	33
698	272	23	33
698	273	22	31
697	272	23	32
697	272	22	32
698	272	21	32
697	271	23	33
696	273	22	31
696	272	22	32
696	272	24	33
695	273	26	31
696	273	21	31
695	273	22	32
696	273	22	31
696	273	21	32
696	271	22	33
695	273	21	31
695	272	21	33
695	274	21	31
695	273	21	32
694	273	20	31
694	273	21	33
694	273	21	32
695	274	21	32
694	274	20	31
692	274	23	31
692	275	21	31
692	274	21	30
693	274	20	31
693	275	20	30
693	274	20	30
692	276	21	30
692	274	20	30
692	275	21	30
692	275	20	30
692	275	20	31
693	275	19	31
693	275	19	31
692	275	19	31
692	275	19	31
692	276	19	31
693	276	19	31
692	276	19	30
692	276	19	30
692	275	19	31
692	276	19	30
692	276	18	30
691	276	19	30
692	276	19	30
691	276	20	30
690	275	20	30
691	276	20	30
691	276	20	30
691	276	20	30
690	276	20	30
690	276	21	30
690	276	20	30
690	276	19	29
689	275	21	30
690	276	20	30
690	276	20	29
690	275	19	30
688	275	22	31
689	275	21	29
688	275	22	30
690	275	20	29
688	275	21	30
688	275	21	30
687	275	22	30
689	274	21	30
688	275	20	30
689	275	20	30
686	275	23	30
688	275	22	30
686	274	23	30
687	275	22	30
688	275	21	31
686	274	22	29
688	275	20	30
687	275	21	29
689	275	20	29
688	276	20	29
688	275	20	30
686	275	22	30
687	273	22	32
687	274	21	31
687	273	20	31
687	273	21	32
687	274	21	31
686	273	20	32
686	274	21	32
686	274	20	31
686	273	21	31
685	275	21	30
685	275	20	30
685	275	20	31
685	274	19	30
685	275	20	30
685	275	20	30
685	276	19	30
684	274	21	31
683	274	22	32
685	275	20	30
683	274	20	32
681	274	22	31
681	275	23	30
683	275	20	30
682	275	22	30
681	274	21	31
682	274	21	31
681	274	20	31
682	274	21	31
681	274	19	30
681	275	20	31
681	275	20	30
680	275	21	31
680	275	19	29
680	275	20	30
679	274	20	31
679	274	19	30
680	274	19	30
680	275	19	29
679	275	19	30
679	274	19	30
679	274	19	30
679	274	18	30
679	274	19	30
679	275	18	30
679	274	19	30
679	275	19	30
678	273	20	30
678	274	19	30
678	273	19	30
678	273	19	30
678	273	18	30
677	274	19	30
677	273	18	30
677	273	18	30
678	273	19	30
677	273	18	30
677	273	19	31
677	273	19	31
677	272	19	30
677	272	19	31
677	273	18	30
678	273	18	30
678	273	18	30
677	272	18	30
677	272	18	30
677	271	18	30
676	272	18	31
677	271	18	30
676	271	19	31
677	271	19	30
677	270	19	30
676	270	18	30
676	270	19	31
676	270	18	30
676	270	19	31
676	269	19	30
676	270	19	30
677	269	19	30
677	269	18	30
675	269	20	30
677	268	18	30
677	268	18	30
678	269	19	30
678	268	17	29
678	269	18	29
677	268	18	29
677	268	18	29
677	267	19	30
678	268	18	30
678	267	19	30
679	267	18	30
678	267	19	30
679	266	18	30
678	266	19	29
678	266	19	30
679	266	18	30
678	266	18	30
678	266	19	30
679	265	18	30
678	266	18	29
679	265	18	30
680	265	18	30
679	265	18	30
679	265	18	29
679	264	18	30
679	264	19	30
679	264	18	29
679	264	18	29
679	264	18	29
680	264	18	29
679	263	18	30
679	263	19	30
679	263	19	30
679	263	18	29
679	262	18	29
679	263	19	28
679	263	18	29
679	263	18	29
679	262	18	29
680	262	18	28
679	263	18	29
679	262	18	28
679	262	19	29
679	263	19	29
679	262	19	29
678	263	19	29
678	262	19	29
678	261	19	30
677	261	20	30
678	261	19	30
678	261	19	30
678	262	19	30
678	261	19	29
677	262	19	29
677	262	20	30
678	262	19	30
678	261	18	29
677	262	19	29
678	262	18	29
678	262	18	28
678	261	18	29
677	261	19	30
677	261	19	29
677	261	19	30
676	260	20	31
676	260	19	30
676	261	19	29
676	261	19	29
676	260	19	29
675	261	20	29
675	261	20	29
674	260	20	29
673	260	21	30
674	261	19	29
672	260	20	29
674	262	20	28
674	261	19	29
673	260	20	30
672	260	21	30
673	260	20	29
671	260	22	29
673	261	19	28
672	260	19	28
670	260	21	29
672	260	19	29
672	259	20	29
672	259	19	30
671	261	19	28
670	260	20	29
671	261	19	28
668	260	20	29
670	259	19	29
669	259	19	29
669	259	20	30
668	258	21	30
668	258	20	30
668	258	19	30
668	261	20	28
666	258	21	31
666	260	22	29
666	260	20	29
666	260	22	29
665	262	20	27
665	267	21	24
664	262	21	27
663	261	21	28
664	261	21	28
663	270	20	19
663	262	19	27
663	269	21	22
663	264	19	26
663	272	18	19
662	269	19	23
663	264	19	26
662	270	19	22
662	269	19	22
662	271	18	19
662	273	17	18
661	260	19	29
660	259	21	30
659	259	19	28
660	261	19	29
661	260	19	29
659	260	19	28
660	261	19	29
660	260	19	29
659	261	20	30
659	260	19	29
659	260	20	30
659	260	19	29
659	260	18	29
660	260	19	29
659	261	18	28
657	260	20	29
658	260	19	28
658	260	19	29
658	260	19	29
658	260	18	29
660	260	18	29
659	260	18	29
660	260	18	29
659	260	17	28
659	260	18	29
659	260	18	29
658	260	19	29
659	259	18	29
658	259	19	30
659	260	18	29
659	260	18	29
658	259	19	29
659	260	17	29
659	259	18	28
659	259	18	29
659	259	17	29
659	259	18	28
658	260	18	28
658	259	18	28
659	259	18	28
659	259	19	28
658	260	19	28
659	259	18	28
659	258	18	28
658	259	18	28
658	258	18	29
660	259	17	28
659	259	17	28
660	258	18	28
659	258	19	28
659	258	18	28
658	258	19	28
660	258	18	27
659	258	19	28
659	257	19	28
659	258	19	29
660	257	18	29
659	257	18	29
660	258	18	28
661	257	18	28
661	256	17	29
660	257	17	28
660	257	19	28
660	256	19	28
660	255	18	28
660	255	19	29
661	256	19	28
660	256	18	28
661	256	19	28
660	255	19	28
661	255	19	29
661	255	17	28
661	256	18	27
660	255	20	28
662	255	18	27
660	255	20	28
661	253	19	28
662	254	19	28
662	253	20	29
659	253	23	29
662	253	19	28
662	254	20	28
663	253	19	29
662	253	20	29
662	253	19	28
663	253	18	28
664	254	18	28
663	252	19	29
662	252	19	28
662	252	21	29
663	253	21	28
663	253	20	28
660	252	25	28
664	251	20	28
663	252	21	28
665	252	19	28
664	252	20	28
665	252	19	27
665	252	20	28
665	251	20	28
665	251	20	28
665	252	19	28
664	252	22	28
666	251	19	28
665	251	20	28
664	251	22	28
666	251	20	28
666	251	19	28
666	252	20	28
666	252	19	28
667	251	18	28
668	251	18	28
668	252	19	28
669	251	18	28
669	251	18	28
668	250	20	29
668	251	20	29
669	251	19	28
669	251	19	28
669	250	19	28
670	251	18	28
671	251	18	28
672	251	18	29
672	251	18	29
672	251	18	28
672	250	18	28
672	250	19	28
671	251	21	29
673	250	19	28
672	250	20	28
673	251	19	28
674	250	20	28
674	251	19	29
675	250	18	28
673	250	19	28
675	250	18	28
674	250	19	28
675	251	19	28
674	250	20	28
676	249	19	29
673	250	22	29
675	250	20	29
676	250	19	28
674	249	21	29
677	250	18	28
676	250	19	28
677	250	19	28
677	250	18	28
677	250	18	28
677	250	19	28
677	249	19	29
678	250	19	27
678	249	20	28
677	250	20	28
676	250	21	28
678	250	19	28
677	250	20	27
678	249	19	28
679	250	18	27
679	250	19	28
679	250	18	27
680	249	18	28
679	250	19	29
678	249	19	28
678	249	20	28
677	249	20	29
679	249	19	28
678	249	21	29
679	250	20	28
678	250	20	28
678	250	20	28
679	250	19	28
679	250	18	28
680	249	18	28
680	249	18	28
679	249	18	28
678	249	20	28
677	249	21	28
677	249	22	28
679	248	20	29
678	249	20	28
677	249	21	29
679	249	19	27
679	248	19	29
678	249	20	28
677	249	20	28
678	249	19	27
678	249	18	27
677	249	20	28
677	249	19	28
677	248	20	28
677	249	20	28
676	249	22	28
676	248	21	29
675	249	23	28
677	249	19	28
678	249	18	27
677	248	21	28
677	249	19	28
678	248	17	28
677	249	19	27
675	249	20	27
677	248	18	27
676	248	20	27
675	248	20	28
675	249	20	28
676	249	19	27
675	249	19	27
676	248	18	28
674	248	20	28
675	248	19	27
674	249	19	28
676	248	18	27
675	248	18	27
676	248	18	27
676	249	17	27
675	248	17	28
675	249	17	28
675	248	18	28
675	248	18	28
674	248	19	28
674	248	18	27
674	249	18	27
674	248	18	27
674	248	19	28
673	249	18	28
673	248	18	27
673	248	18	27
673	249	18	28
673	248	18	27
672	248	19	28
672	248	19	27
672	248	19	28
671	248	20	28
672	248	18	27
671	249	20	28
672	249	18	27
671	248	19	27
671	248	18	27
671	248	18	27
671	248	18	27
670	248	19	27
670	248	19	28
669	248	18	27
670	247	19	28
669	248	19	28
669	249	18	27
669	249	18	27
669	248	18	27
669	249	18	27
668	249	18	26
669	249	18	27
668	249	18	27
669	249	18	27
667	249	20	28
668	249	18	27
666	249	20	27
666	249	20	27
666	249	20	28
664	249	23	29
666	249	19	27
666	249	19	28
667	249	18	27
666	249	18	27
667	252	18	25
667	250	17	26
667	250	18	26
665	250	19	28
666	251	19	27
665	250	19	27
664	249	21	28
666	250	20	28
665	250	20	26
665	250	20	28
665	251	19	27
665	250	18	28
665	251	19	27
665	251	19	27
665	252	20	27
665	250	19	28
665	251	18	28
666	252	19	28
665	252	18	27
665	252	20	27
665	252	20	27
665	253	19	27
664	253	19	27
666	252	18	27
666	252	19	27
665	252	19	27
666	252	18	28
667	252	17	28
666	253	18	28
667	254	18	27
666	253	18	28
667	254	18	27
667	254	18	27
666	254	17	26
666	254	18	27
667	254	18	27
666	255	18	27
667	254	18	27
667	254	18	28
667	254	18	28
666	254	19	28
667	255	18	28
667	255	18	27
667	256	19	28
667	256	19	27
668	255	18	28
667	255	19	28
668	256	19	28
668	256	19	28
668	257	18	28
669	256	18	28
670	257	18	29
669	256	18	28
669	257	19	28
671	257	17	28
671	257	18	28
670	257	17	28
671	258	18	28
670	258	18	28
672	258	17	28
671	258	17	28
670	259	18	29
672	259	18	28
670	258	20	29
671	259	20	28
673	259	18	28
672	260	19	28
673	260	18	28
673	259	18	28
674	260	18	28
673	260	18	28
674	261	19	28
674	261	18	28
674	261	18	28
675	261	17	28
674	262	19	29
673	262	21	29
675	262	19	28
674	261	21	28
675	263	19	28
676	263	19	28
676	263	19	28
677	263	19	29
676	263	19	29
677	264	19	29
677	265	18	28
678	265	18	29
678	264	18	29
678	265	18	28
678	265	20	29
678	265	21	29
678	267	20	28
679	266	20	28
678	266	21	29
679	266	21	29
679	267	23	29
679	268	21	29
680	268	21	29
681	267	19	29
681	268	19	29
682	268	19	29
683	269	19	28
681	269	22	28
681	269	19	28
683	270	20	29
682	270	21	28
682	270	22	29
683	271	22	30
685	272	17	28
684	272	20	29
684	272	21	29
685	272	20	30
684	272	22	30
686	273	20	30
687	273	19	30
687	273	19	30
686	274	20	29
687	274	20	30
688	274	19	30
687	274	20	29
686	274	22	29
687	275	21	29
685	275	24	29
689	275	20	29
690	276	19	29
690	276	19	29
690	278	19	28
691	277	18	29
692	278	18	29
693	277	17	29
693	279	18	29
693	278	18	30
694	280	18	29
694	279	18	30
694	280	18	29
694	280	19	30
696	280	18	30
694	281	18	30
694	280	20	30
696	281	19	29
696	282	19	30
696	282	20	31
696	283	19	29
697	284	19	29
697	283	19	30
698	284	19	30
698	285	19	29
699	285	19	30
699	285	20	29
699	285	20	30
699	286	20	30
699	286	21	30
700	286	20	31
701	287	19	31
701	287	20	31
703	288	18	30
702	288	19	30
702	288	20	31
704	289	18	30
703	290	19	30
704	290	19	30
703	290	20	31
704	290	20	30
704	291	20	31
705	291	20	30
703	291	23	31
705	293	20	31
706	293	20	31
706	294	20	30
706	294	20	31
707	295	19	31
707	295	19	31
707	295	20	32
708	296	17	30
708	296	19	31
708	297	19	31
708	297	19	32
709	297	19	32
709	298	18	31
709	298	19	30
709	299	18	31
708	299	19	31
708	300	20	31
709	300	20	31
709	301	19	32
708	301	21	32
708	302	20	31
708	302	21	31
706	303	22	32
707	303	20	31
708	304	20	31
708	304	19	32
707	305	19	31
707	306	20	31
708	307	18	28
709	306	18	31
709	308	16	29
707	307	20	31
707	308	18	31
705	308	21	30
708	308	19	30
705	310	21	32
705	309	21	34
702	309	25	33
703	309	23	33
703	309	24	33
703	308	23	33
703	309	22	33
701	307	26	34
703	306	24	35
703	308	21	32
703	306	21	34
702	303	22	34
704	303	19	32
703	303	21	31
705	302	17	32
705	302	16	30
702	300	20	33
700	299	22	34
701	299	20	32
703	300	17	30
697	309	23	22
699	294	21	34
696	307	24	23
698	291	22	34
697	290	21	34
698	290	19	31
695	305	22	21
695	286	23	34
678	280	19	29
696	282	21	36
695	282	20	35
696	281	20	32
692	277	23	34
691	287	23	24
695	279	18	24
691	289	22	20
693	286	19	21
692	283	18	19
691	282	21	23
690	280	20	21
690	279	21	20
689	275	19	21
688	275	22	20
688	271	21	20
686	264	22	25
687	267	20	20
683	245	25	31
685	244	21	34
685	259	20	22
683	238	24	36
683	236	22	35
681	248	24	25
682	231	22	35
681	228	22	36
680	227	22	36
679	225	23	36
680	224	21	35
678	222	23	36
679	224	21	33
679	221	22	35
678	222	22	34
677	221	21	34
677	222	21	32
677	223	20	32
676	222	22	34
676	222	21	33
675	221	21	33
673	219	23	35
674	220	22	33
673	219	21	34
673	218	21	34
672	218	22	34
673	220	20	33
670	218	22	34
671	218	21	34
671	218	21	33
670	217	20	33
668	216	22	34
668	215	22	34
667	215	21	33
668	214	21	34
668	215	20	33
668	214	20	32
667	213	20	33
666	213	21	32
666	212	21	33
664	210	22	34
664	210	21	34
665	209	21	33
664	209	22	34
663	209	21	32
663	208	22	33
663	208	20	32
662	207	21	33
662	207	21	32
662	207	21	32
661	205	22	34
662	205	22	34
662	206	21	32
660	205	23	33
661	206	21	32
661	206	21	32
661	205	22	32
661	206	20	32
660	204	21	32
660	203	21	32
660	203	20	32
659	203	22	32
659	203	21	32
659	202	23	32
660	201	21	32
660	202	20	32
660	201	20	32
659	200	21	32
659	202	21	31
658	201	22	33
659	201	21	32
659	201	20	31
658	202	20	31
659	201	21	32
658	201	21	33
659	201	21	30
659	202	20	30
659	202	21	31
657	201	23	31
658	201	22	31
658	199	21	33
658	199	21	32
659	199	20	32
658	200	21	32
659	199	21	31
658	200	21	32
658	199	21	32
658	200	22	32
659	200	21	31
659	201	20	32
659	199	21	32
659	199	21	33
659	200	20	31
659	200	21	32
660	201	18	30
659	200	20	31
650	203	16	28
659	201	20	31
659	202	22	31
659	200	21	33
660	201	22	32
660	202	20	31
660	202	20	32
659	202	22	32
660	203	20	31
660	203	20	32
661	203	21	32
661	203	19	32
660	217	22	22
651	206	14	24
661	219	20	20
649	207	16	24
663	220	19	21
664	221	17	19
664	221	18	18
666	217	16	25
667	222	16	20
667	215	14	25
665	220	17	24
664	225	18	19
665	214	16	26
662	228	21	20
663	229	20	19
662	226	22	23
663	214	21	34
663	214	20	33
663	217	20	30
665	218	20	32
664	220	19	32
664	220	20	32
664	224	21	31
663	230	22	26
664	221	21	34
665	223	20	31
665	223	19	33
664	221	23	37
665	225	21	32
666	226	19	33
667	226	18	32
666	226	18	32
665	228	22	33
666	229	20	33
667	229	21	34
667	229	20	34
668	229	21	34
667	232	20	32
668	233	20	32
668	234	21	33
668	235	20	32
668	236	21	33
668	235	20	33
668	237	22	33
669	238	20	33
669	238	21	32
670	240	21	32
670	240	21	32
670	242	21	32
671	241	20	34
671	243	21	34
671	244	20	34
672	244	21	34
671	245	20	33
671	246	21	34
672	247	21	34
672	248	22	33
673	249	22	33
673	249	21	34
674	249	21	34
673	251	22	34
673	251	22	35
674	251	21	35
674	252	23	36
674	253	21	34
673	255	23	35
674	255	22	34
674	255	21	35
675	257	23	35
675	256	23	36
675	258	22	36
676	257	23	37
676	258	22	36
676	260	22	36
677	260	22	36
677	262	22	35
678	261	21	35
677	263	22	36
678	263	21	35
679	264	22	37
678	263	22	36
679	265	22	36
679	266	22	36
679	267	23	36
680	268	21	36
679	267	23	36
679	269	23	36
680	270	23	37
681	270	22	36
680	271	24	37
681	271	23	38
682	272	23	38
682	272	22	38
682	273	23	38
683	273	23	37
682	275	24	38
683	277	22	36
683	277	23	36
684	277	23	37
683	278	24	36
684	278	24	37
684	280	23	37
684	281	22	37
685	281	23	37
686	283	22	36
685	283	23	37
685	282	23	39
686	284	23	37
686	284	22	37
686	287	24	36
686	286	24	38
687	287	22	37
686	289	24	38
686	288	24	38
687	288	24	39
688	291	24	38
689	294	22	35
688	293	24	37
689	293	22	36
688	294	24	38
689	296	23	38
688	295	24	37
689	296	23	38
689	295	25	41
689	299	25	37
689	301	25	37
690	301	24	38
690	302	25	38
690	302	24	38
690	303	24	38
691	306	24	37
690	305	24	38
691	307	24	37
691	307	24	38
691	308	25	38
691	307	25	39
692	309	25	39
693	311	23	37
693	312	25	37
693	311	25	37
694	312	24	38
694	311	23	38
694	313	25	39
694	314	23	38
694	314	25	38
694	316	25	38
694	317	25	38
695	318	24	38
695	317	25	38
695	317	26	40
694	318	25	40
695	319	25	39
696	320	25	39
696	321	25	38
696	321	25	39
697	321	26	39
697	322	24	38
698	322	25	39
698	322	26	39
697	323	25	38
697	322	27	39
697	323	26	39
699	323	24	38
698	322	24	39
699	323	25	39
700	322	24	38
700	321	24	38
699	320	25	39
699	319	24	39
699	317	25	40
699	316	26	40
699	316	26	40
700	316	25	39
701	315	24	37
701	316	24	37
702	316	22	38
702	316	23	37
702	311	24	39
701	309	24	40
701	308	25	40
702	307	24	41
702	307	24	40
702	306	26	40
702	306	24	38
702	304	25	40
702	303	24	39
701	302	27	41
702	300	26	41
700	300	26	41
702	298	25	41
701	298	26	41
701	298	26	40
703	298	26	40
701	298	26	39
703	297	26	40
701	298	27	40
702	299	26	40
703	299	27	40
702	298	27	41
703	298	27	42
702	298	28	42
704	299	27	42
703	299	28	43
703	299	28	42
704	299	27	43
705	300	26	42
705	301	27	41
704	301	28	41
705	302	26	41
704	301	27	43
705	301	27	42
705	303	27	41
706	303	27	40
706	305	26	41
706	304	26	40
705	304	28	41
705	303	29	41
706	304	28	42
704	304	30	40
708	305	27	41
704	303	31	43
707	305	28	41
706	306	30	41
706	306	31	42
707	307	31	42
706	306	30	42
705	306	34	43
706	307	31	42
708	308	29	42
707	308	29	41
708	308	30	41
708	310	29	41
707	310	33	42
708	310	28	42
705	309	35	43
711	310	28	42
710	312	29	42
709	311	30	42
708	310	35	43
711	310	29	43
710	310	34	45
712	310	28	43
711	312	34	43
709	312	34	42
713	314	29	42
711	314	30	43
711	314	34	42
713	313	31	45
712	313	31	43
715	320	27	39
711	315	36	44
712	316	29	42
715	316	26	43
711	314	35	45
711	316	32	45
714	318	29	43
711	317	32	43
716	319	25	42
710	316	35	45
714	319	30	42
711	317	31	43
715	319	30	42
712	318	33	43
714	319	31	43
712	318	36	45
714	319	32	43
712	318	36	45
712	318	34	45
717	323	31	40
715	320	30	43
717	321	28	42
713	319	34	46
718	322	29	43
714	321	30	44
716	320	30	45
713	320	36	47
718	322	30	43
713	320	35	45
715	321	31	45
714	320	37	47
714	319	34	48
717	322	30	45
718	324	31	44
717	322	34	45
714	323	31	44
721	339	26	28
719	341	29	28
719	345	30	26
713	324	40	45
719	341	28	30
719	345	28	26
714	326	32	42
714	325	32	44
713	326	36	45
708	324	41	47
711	325	34	45
714	326	31	43
713	327	33	44
711	325	38	45
712	324	37	46
714	338	33	35
714	334	31	38
718	341	27	30
717	350	27	23
713	342	31	31
713	337	32	37
716	345	26	28
715	346	29	30
717	350	26	26
718	353	22	20
718	355	22	19
720	354	20	20
715	350	27	26
701	328	42	46
703	329	37	46
702	329	42	49
704	330	38	46
704	327	42	51
703	331	40	47
707	333	39	46
706	334	38	46
707	332	39	49
709	337	35	45
710	335	39	45
710	336	35	45
709	337	43	46
713	337	34	44
708	338	40	44
712	335	47	51
721	358	26	25
713	340	40	44
708	340	44	45
707	339	45	46
707	339	46	48
708	339	44	48
708	340	45	49
707	338	49	51
707	339	48	50
707	341	44	49
708	342	55	48
709	340	51	50
713	343	41	49
712	344	39	46
712	346	41	46
713	346	42	44
711	345	43	46
711	345	46	47
710	344	44	48
710	345	44	47
710	347	44	46
708	346	46	46
719	353	36	42
714	349	38	45
710	348	45	47
705	347	51	49
705	347	56	49
706	347	49	49
705	346	61	51
706	348	48	51
707	349	51	49
708	351	47	46
707	351	47	47
706	351	49	46
707	352	48	47
706	353	47	46
707	354	47	46
708	353	46	46
706	352	50	48
705	352	52	47
703	351	59	50
705	349	51	55
705	354	54	48
703	353	58	48
700	350	66	51
699	349	64	55
701	350	71	53
697	352	57	51
699	352	78	53
699	349	79	56
698	349	65	56
699	355	52	50
700	353	74	51
698	354	67	51
695	347	73	59
694	355	55	51
696	347	78	62
695	351	80	55
698	356	49	48
694	354	62	51
691	349	74	57
685	347	64	62
688	348	66	58
685	348	75	59
688	352	67	53
685	350	76	55
682	350	59	55
684	354	65	51
682	348	87	59
684	351	76	54
677	348	82	58
676	350	84	54
672	345	91	61
679	354	54	47
675	349	82	53
671	350	72	51
670	349	74	52
667	348	82	53
669	351	65	48
663	345	80	55
664	351	75	49
662	348	75	51
664	349	68	50
657	350	60	49
659	349	69	48
656	345	77	53
656	351	58	46
650	345	81	53
651	347	73	51
650	349	60	49
647	346	75	52
646	345	75	52
644	345	73	52
644	349	65	48
640	348	74	48
637	345	82	50
638	349	63	45
636	348	71	46
637	346	74	49
634	345	77	50
633	345	77	48
630	346	77	49
631	345	73	48
630	348	54	46
626	347	65	46
628	347	55	45
626	346	64	48
624	347	56	45
624	347	55	46
622	347	62	47
620	348	59	45
620	348	56	45
616	348	75	46
615	348	73	47
613	348	57	45
614	348	55	44
615	350	54	45
610	348	59	44
610	349	56	43
606	348	62	44
607	348	56	44
605	349	56	43
604	349	61	44
600	348	61	44
601	348	64	45
600	348	54	42
599	349	57	43
597	349	57	42
597	349	56	43
595	350	58	43
595	350	55	42
591	349	54	43
591	350	55	41
590	350	56	41
590	350	54	42
588	351	54	41
587	350	56	41
587	350	54	42
587	350	54	42
584	351	57	43
584	351	55	43
584	351	61	44
581	350	58	45
582	351	55	46
583	350	54	47
582	352	54	45
581	352	55	43
581	353	54	45
580	352	57	46
582	353	52	43
577	353	58	47
580	354	55	44
578	354	54	41
580	354	54	46
576	355	58	41
577	356	56	42
577	356	54	40
573	354	62	42
584	357	46	38
575	356	60	39
571	355	59	45
578	357	51	38
573	356	54	39
569	356	58	39
580	357	44	35
568	356	59	41
574	357	50	37
569	355	56	39
574	359	47	34
568	356	54	37
565	354	54	40
565	357	52	35
560	355	56	39
560	354	54	43
557	354	56	39
556	355	55	38
555	354	55	40
568	356	41	38
556	354	58	42
553	356	57	40
539	341	89	71
473	328	78	91
484	341	58	65
479	347	71	92
490	350	51	58
474	323	108	139
523	321	115	104
523	336	87	77
490	335	50	65
522	333	96	70
517	329	84	76
466	342	86	82
523	333	83	65
506	350	36	49
516	332	88	88
500	336	100	81
501	351	50	54
486	335	63	56
534	347	45	38
524	343	60	49
491	330	103	97
513	345	57	56
515	336	65	49
498	342	91	92
516	347	47	33
484	333	80	78
424	338	91	110
507	343	66	54
501	333	64	45
503	323	73	57
492	327	75	57
502	335	53	38
496	328	65	47
489	321	75	55
482	321	88	71
484	325	78	62
503	354	82	74
477	305	95	75
504	348	80	73
468	286	129	114
494	323	65	54
487	312	90	69
493	319	63	51
451	296	99	90
497	320	58	44
500	323	57	37
499	319	63	43
505	316	62	42
507	318	60	41
509	313	59	44
517	316	53	41
519	314	54	44
525	313	53	42
526	312	56	42
528	311	59	44
530	308	58	43
536	311	56	42
540	306	55	47
538	307	61	44
532	305	70	45
543	305	64	44
544	302	67	45
556	303	59	43
561	305	55	41
569	304	49	41
572	302	52	43
577	300	48	44
579	301	51	44
581	299	47	42
583	298	47	42
584	297	47	43
586	296	47	42
588	294	46	43
588	293	45	43
589	292	46	41
589	290	46	42
595	290	41	39
595	288	42	39
595	286	40	41
594	285	42	41
593	283	45	41
594	282	43	42
594	280	44	41
593	279	45	40
592	278	46	41
595	276	43	40
595	275	44	41
594	273	44	41
595	272	43	41
594	269	44	42
600	269	38	41
594	267	44	43
596	265	43	41
597	265	41	39
597	263	43	40
595	262	44	41
598	261	41	39
594	260	44	40
595	260	43	41
599	258	38	39
594	257	44	39
594	256	44	40
594	256	45	42
597	256	41	38
599	256	39	38
596	256	42	38
597	255	42	36
598	255	40	38
599	254	40	36
597	253	41	37
599	253	40	37
597	252	41	36
598	252	41	36
599	251	40	38
599	251	38	39
601	251	38	38
600	250	38	36
603	251	35	37
602	250	36	37
598	249	41	38
596	248	43	40
597	245	42	43
599	248	38	39
600	247	40	40
602	248	36	39
592	246	47	41
603	248	36	39
596	247	43	39
600	245	40	41
600	244	40	42
604	247	35	38
598	246	43	40
602	245	38	41
597	244	45	41
604	249	37	37
597	245	44	41
601	244	41	42
602	246	39	39
596	244	46	42
599	245	44	41
601	245	42	41
606	244	38	41
597	243	46	42
594	243	51	43
594	242	50	43
597	246	49	40
599	245	46	41
599	245	48	41
604	247	43	39
600	243	47	42
601	247	46	38
604	243	44	42
597	246	51	40
607	247	41	40
605	245	42	39
612	247	37	37
607	246	41	39
616	248	33	37
612	246	38	38
608	246	43	39
614	249	36	35
609	246	43	39
620	248	32	36
616	249	38	35
611	247	41	37
618	249	36	35
616	248	37	35
620	247	34	36
618	247	36	35
617	247	37	36
616	246	38	36
622	248	32	34
620	248	34	34
617	247	38	36
618	246	38	35
620	246	36	35
622	246	33	34
625	247	31	34
624	247	31	33
623	246	33	33
625	246	32	34
624	246	32	33
627	245	31	33
627	245	30	32
628	245	31	33
626	245	32	33
627	245	32	33
625	244	33	32
625	244	33	33
626	244	33	32
626	243	33	33
629	243	30	32
625	244	33	31
627	242	32	32
628	242	31	31
626	242	32	31
635	243	25	31
631	242	29	31
629	242	31	31
630	241	29	31
633	242	27	30
629	242	31	31
632	242	27	30
629	242	31	30
631	241	29	29
630	242	30	30
629	241	32	33
629	241	31	32
629	241	32	30
629	242	32	30
629	241	31	30
629	241	32	31
629	241	33	31
629	241	32	31
629	241	33	31
631	241	32	30
630	241	31	30
631	241	32	30
630	240	32	30
632	241	31	30
633	241	31	30
631	240	32	31
631	240	32	31
632	240	32	29
632	240	32	29
631	242	33	29
633	240	32	29
633	241	32	29
633	241	33	29
633	240	33	29
632	241	34	30
634	240	33	30
634	240	34	30
633	240	34	30
637	240	31	28
633	239	35	31
632	240	36	30
636	240	33	30
638	241	31	29
638	241	32	29
635	239	34	30
647	240	24	30
637	241	34	28
636	241	34	29
648	240	24	29
638	241	34	28
640	242	33	27
639	241	33	28
638	239	36	30
643	235	38	39
637	242	37	28
648	237	30	36
640	234	42	39
637	237	41	36
639	238	36	32
638	240	38	33
