0.00
400.55
353.41
315.32
338.02
332.34
326.24
366.38
335.52
354.62
321.78
339.74
358.07
338.44
281.19
296.70
266.40
288.80
337.25
286.44
299.36
303.13
301.79
355.60
281.18
301.30
318.84
320.42
268.33
319.89
338.69
322.98
257.20
268.86
299.72
299.18
294.09
259.06
301.19
276.97
292.16
302.21
324.67
321.95
306.33
307.73
341.82
348.03
334.82
271.84
295.96
330.13
336.66
315.04
346.88
316.63
296.81
243.97
320.57
271.02
355.43
334.29
357.97
327.12
284.80
365.72
351.11
325.81
301.96
340.93
335.66
301.97
357.90
310.13
379.14
372.77
317.50
342.66
367.36
324.67
349.37
282.85
320.81
340.36
332.53
238.49
297.65
341.03
370.29
328.19
383.22
381.87
388.92
408.66
372.22
404.93
401.01
378.41
381.56
390.24
314.47
387.15
336.46
378.43
266.23
358.34
406.41
363.49
253.14
303.08
367.17
334.21
354.15
362.58
348.51
350.93
297.65
315.78
314.12
351.20
348.70
331.02
368.04
267.75
368.81
371.17
316.26
373.04
308.73
330.06
347.46
247.73
339.22
346.73
350.20
360.86
344.39
357.05
279.12
371.79
324.36
341.87
377.61
273.92
355.35
360.75
397.08
383.13
354.97
340.67
373.70
272.04
318.61
365.13
261.11
351.53
376.90
342.44
343.92
330.49
292.83
364.66
298.92
340.13
351.47
301.11
227.20
356.61
339.44
264.70
277.76
273.76
336.93
275.79
275.87
328.89
373.64
323.94
270.92
416.88
296.94
322.24
300.54
287.46
349.81
339.12
287.21
349.83
291.27
344.61
337.28
334.55
345.28
397.99
333.98
351.59
358.34
379.19
354.25
335.81
243.39
311.65
249.79
325.85
309.69
318.12
320.23
249.08
336.41
335.60
366.98
322.25
297.14
287.49
335.84
394.35
358.66
246.39
345.68
303.19
288.09
400.32
347.77
368.86
322.87
370.16
287.98
376.97
359.65
358.21
388.69
391.80
296.58
337.75
378.65
376.24
329.39
269.28
331.12
427.90
316.21
358.76
351.53
328.97
315.94
292.72
257.16
238.67
251.82
290.35
362.57
270.47
295.82
255.02
357.28
233.38
300.42
274.74
298.25
272.60
322.02
322.73
330.16
330.10
352.51
273.79
338.15
320.19
256.50
246.49
326.24
336.71
284.78
340.12
305.39
249.95
299.02
300.01
355.79
335.68
257.47
327.08
290.07
391.73
356.44
317.06
311.05
310.84
348.33
285.53
361.39
310.43
345.27
337.26
269.67
312.17
285.60
354.43
343.53
370.68
379.18
354.78
417.01
353.63
315.53
354.33
393.49
361.02
394.28
384.44
348.78
369.45
408.47
402.27
439.83
387.03
402.65
384.42
412.03
370.91
418.61
425.67
374.54
313.09
299.58
346.76
357.91
284.08
270.29
302.85
352.39
268.22
302.04
336.01
310.06
340.17
334.01
314.50
386.32
351.25
360.49
368.32
365.85
405.24
303.88
412.99
271.90
265.42
322.51
328.23
391.86
287.59
345.30
332.30
323.19
344.73
367.45
259.64
352.60
336.85
402.31
402.94
312.90
424.04
375.04
354.87
269.57
324.75
337.87
406.56
401.36
310.14
423.19
288.48
378.29
382.44
281.11
417.32
272.63
399.65
326.34
400.91
414.78
400.36
359.09
333.42
281.03
353.83
284.21
345.80
422.88
346.51
263.55
308.39
355.11
247.71
411.29
316.09
356.67
435.24
443.04
412.92
349.69
427.75
339.39
371.50
421.63
277.22
427.34
387.36
356.26
382.62
445.85
378.34
422.53
399.36
424.06
415.36
436.63
435.76
337.50
436.70
233.66
371.59
387.42
446.82
413.61
413.99
392.76
443.42
434.56
336.90
427.96
356.30
417.10
315.63
297.24
428.40
422.08
273.77
432.40
297.55
432.43
340.31
319.90
390.73
399.73
339.62
389.52
350.73
363.24
362.19
405.36
341.18
416.79
411.11
391.42
375.58
431.36
415.85
409.00
257.48
398.00
340.51
348.47
388.49
443.54
344.33
407.75
362.28
427.47
405.97
403.55
464.33
372.78
456.12
445.34
327.75
455.77
476.67
490.25
451.46
445.25
424.92
465.49
420.08
449.89
459.01
452.11
427.54
441.22
446.59
473.71
486.33
443.08
413.38
397.06
441.81
467.34
435.06
432.02
428.79
387.04
379.50
424.60
373.42
426.78
436.51
419.87
331.82
329.12
468.53
388.68
383.80
484.94
449.06
455.00
339.10
377.09
