0.00
410.59
221.67
359.12
395.78
291.45
383.98
174.30
309.09
387.23
277.35
271.33
371.99
266.77
343.90
330.48
275.02
326.11
381.74
315.82
416.31
274.75
317.16
353.44
353.48
383.25
266.81
285.12
321.26
429.05
218.39
306.80
312.55
362.59
336.82
331.90
358.19
274.57
268.21
366.29
351.24
317.50
343.56
353.82
238.62
316.79
367.34
434.96
217.21
355.25
194.98
372.90
279.92
265.57
336.32
337.20
362.33
258.66
331.95
194.56
342.21
317.21
341.28
258.80
219.58
366.25
237.27
284.43
340.39
168.77
366.12
336.88
162.15
327.79
351.85
191.52
367.44
227.18
252.24
246.90
310.80
358.89
247.78
328.72
268.96
212.02
258.33
277.44
183.84
255.59
265.46
205.73
258.07
195.08
223.16
251.97
330.85
156.86
333.36
239.90
167.24
285.99
175.09
206.47
288.96
264.84
244.00
256.19
257.37
345.31
294.00
171.80
308.18
230.82
211.10
186.89
177.59
166.26
171.74
310.74
250.88
266.26
174.01
205.61
244.18
190.55
157.75
221.17
308.80
153.04
241.37
366.24
259.89
324.87
225.65
206.50
217.29
351.37
216.73
249.48
270.07
209.67
335.31
190.92
192.52
215.36
206.04
289.14
210.52
274.81
186.84
250.75
264.89
287.07
152.77
224.88
178.42
172.99
211.45
192.94
153.67
280.84
175.29
186.43
219.57
192.89
190.39
207.29
164.25
164.57
185.17
134.93
207.88
276.22
128.28
142.09
226.51
217.26
204.97
145.76
154.10
229.74
160.32
155.19
171.69
149.46
130.41
133.35
168.98
153.65
111.23
222.75
111.42
121.70
115.00
125.94
214.79
143.53
168.80
259.72
208.25
105.71
233.18
141.40
131.74
128.04
94.04
268.40
181.11
77.51
130.02
130.25
97.43
248.31
115.94
237.22
198.41
136.37
109.26
59.34
60.68
164.20
137.69
138.22
216.03
158.80
173.98
192.30
136.62
124.78
158.23
161.73
140.52
150.25
225.08
189.57
266.02
175.20
164.25
70.26
206.12
183.75
162.67
244.75
241.29
256.05
221.55
235.78
222.38
193.80
205.30
187.70
167.80
159.00
232.13
134.97
148.66
131.92
110.92
175.82
132.83
128.27
154.64
132.95
129.35
165.60
134.27
112.96
147.17
128.57
168.57
132.21
144.53
29.43
162.28
179.82
139.59
106.19
86.87
77.25
81.17
65.78
59.03
79.38
31.79
23.60
104.44
51.60
117.26
118.19
98.80
99.88
126.23
144.12
171.03
112.76
79.49
116.15
80.53
94.13
228.46
161.15
214.73
81.48
271.63
136.21
158.92
108.17
58.54
170.66
121.39
131.26
143.48
121.40
114.79
75.44
162.40
155.50
194.75
140.69
90.89
131.06
116.83
163.36
118.63
157.09
123.34
165.32
152.65
128.96
144.23
135.07
135.17
74.54
144.25
80.69
101.52
275.53
138.95
173.74
144.02
208.85
154.49
156.49
133.20
201.55
223.56
200.40
205.69
139.38
206.92
204.62
146.48
198.27
165.37
110.09
242.79
201.20
245.98
100.39
334.74
229.62
185.46
224.44
132.48
168.53
112.54
164.87
166.21
128.56
188.68
185.78
250.15
110.15
218.19
132.22
119.56
119.44
86.67
71.98
147.63
158.02
395.22
421.15
378.56
409.48
437.72
422.96
432.23
366.02
440.47
308.64
404.75
337.86
372.36
368.30
310.15
218.38
214.67
223.69
209.62
183.34
172.86
221.70
181.42
134.12
188.51
203.00
128.81
133.04
169.40
129.46
154.45
174.25
184.90
164.16
176.85
218.96
150.87
171.06
192.23
188.81
145.94
174.39
133.90
98.15
203.77
173.69
176.36
64.97
215.38
156.20
283.61
236.87
135.25
249.37
132.89
192.94
145.85
195.58
260.83
195.27
167.05
223.18
163.91
111.16
174.30
139.02
139.18
144.79
144.24
135.77
162.00
176.80
99.91
89.34
195.03
167.61
202.61
159.22
141.47
87.92
166.80
85.13
77.52
91.78
80.05
153.33
128.19
196.10
112.47
108.88
127.81
135.80
266.89
126.13
152.88
165.71
177.68
176.68
229.64
171.63
189.39
187.90
193.80
185.82
183.16
150.59
141.54
196.78
211.61
135.89
233.57
216.83
246.67
256.65
199.07
210.21
71.64
18.58
409.84
335.35
285.28
284.75
218.64
316.10
295.43
371.81
248.85
368.34
414.44
268.38
292.49
281.21
278.11
292.93
234.21
132.32
196.81
289.10
141.24
57.88
213.76
99.36
146.74
159.27
107.11
241.81
165.06
229.23
160.04
125.43
192.55
158.85
143.58
217.04
189.73
141.89
174.74
236.75
148.49
191.24
177.71
177.23
167.07
182.65
208.19
106.39
185.41
152.08
126.16
168.22
133.37
190.95
181.61
160.83
199.07
89.62
133.99
140.64
151.67
149.32
183.65
104.60
133.22
81.93
205.41
86.58
75.22
120.04
214.59
81.99
210.91
222.72
145.09
147.87
141.25
239.39
165.20
82.15
169.13
140.06
74.43
91.20
92.79
136.33
120.74
125.37
53.61
129.40
106.83
376.02
294.35
158.12
166.81
177.00
196.43
220.71
175.55
288.23
233.95
187.89
223.33
235.55
78.83
141.26
60.40
191.57
114.29
309.00
174.01
196.01
167.60
118.57
152.26
108.95
116.72
166.23
106.31
84.21
198.32
70.44
202.85
207.95
202.16
141.29
110.67
110.09
135.76
70.38
131.63
229.21
165.64
94.14
172.59
105.05
219.88
167.46
59.53
113.72
108.33
100.82
128.09
92.57
214.92
259.75
205.26
134.64
134.30
190.98
76.65
293.88
149.51
209.85
180.88
113.05
118.06
75.41
61.09
154.12
138.75
145.79
76.89
102.04
90.36
179.06
171.02
128.05
90.79
217.98
125.54
241.76
135.83
54.40
73.69
134.63
108.10
75.95
142.00
98.92
133.55
90.24
53.55
165.36
144.26
158.12
79.96
152.71
154.07
106.01
209.97
86.49
149.64
53.40
204.84
139.97
166.18
226.19
135.86
100.22
116.65
63.05
113.18
77.49
130.09
129.91
95.66
113.12
87.85
54.73
160.55
205.57
81.54
137.10
185.11
52.15
134.00
62.12
49.13
135.25
188.23
75.03
115.73
48.75
132.86
114.70
78.43
62.07
141.44
74.33
103.22
134.97
155.27
81.28
72.77
79.32
81.17
80.49
193.12
149.01
172.85
140.77
132.10
129.25
124.90
168.84
275.71
103.86
247.18
184.68
166.82
174.53
178.31
142.60
183.45
171.66
201.57
88.65
294.72
135.45
180.41
148.91
216.99
138.67
164.62
78.22
84.83
189.26
62.84
199.47
114.24
190.54
104.42
124.10
124.13
77.12
127.97
71.51
85.23
58.40
104.58
140.02
111.18
242.41
96.40
165.26
47.36
85.57
239.62
186.09
266.86
184.98
90.51
112.86
129.76
172.20
66.43
117.11
31.39
82.91
125.13
117.84
147.38
112.84
153.89
258.09
171.27
124.00
63.16
144.39
107.42
47.94
182.09
63.22
64.49
86.50
80.57
69.92
90.41
154.94
103.16
106.55
89.87
99.48
236.63
315.36
163.68
218.24
279.82
91.79
65.74
111.52
138.92
92.73
186.11
116.87
158.54
205.52
156.15
174.94
198.09
139.39
165.83
202.03
187.23
153.90
174.77
99.33
146.69
129.86
120.13
107.00
77.83
90.99
61.45
294.31
169.84
247.87
74.89
79.64
155.75
185.59
301.27
215.14
237.83
144.52
207.55
164.02
85.65
155.00
70.27
73.48
76.68
77.61
219.22
133.80
110.19
121.24
178.78
211.24
81.80
92.33
67.67
114.03
211.82
225.30
241.98
99.89
164.29
237.84
74.30
123.50
41.26
117.23
317.57
269.44
236.37
178.52
194.01
149.25
146.60
288.19
135.05
210.58
258.72
107.19
205.86
202.49
197.72
267.01
140.28
82.81
167.42
83.61
139.01
105.54
157.28
102.81
61.81
84.07
121.13
100.12
106.88
116.35
120.82
113.66
58.25
102.12
197.18
76.58
119.28
177.73
138.62
192.28
148.89
210.65
179.70
191.72
155.34
181.62
94.89
136.13
112.19
131.71
61.59
91.64
64.38
144.10
135.11
156.57
97.10
110.65
76.82
46.67
125.84
234.41
223.12
164.48
155.60
167.33
89.71
176.21
232.64
191.66
180.12
114.60
94.31
160.41
146.63
110.35
276.06
161.99
139.14
222.88
87.03
164.89
59.17
319.70
222.65
317.13
213.96
270.62
90.98
