0.00
0.90
0.92
0.92
0.90
0.93
0.88
0.91
0.91
0.89
0.90
0.87
0.87
0.87
0.88
0.83
0.81
0.87
0.82
0.75
0.86
0.72
0.84
0.84
0.84
0.77
0.81
0.81
0.86
0.83
0.78
0.83
0.81
0.83
0.83
0.79
0.81
0.79
0.80
0.72
0.81
0.79
0.74
0.71
0.72
0.76
0.75
0.72
0.80
0.81
0.71
0.74
0.67
0.71
0.76
0.65
0.75
0.73
0.77
0.79
0.73
0.57
0.54
0.50
0.67
0.70
0.63
0.58
0.65
0.68
0.66
0.66
0.67
0.70
0.70
0.67
0.67
0.62
0.63
0.59
0.65
0.54
0.67
0.67
0.63
0.63
0.60
0.69
0.67
0.64
0.66
0.74
0.68
0.73
0.68
0.72
0.73
0.77
0.56
0.78
0.80
0.74
0.80
0.78
0.67
0.77
0.68
0.83
0.61
0.76
0.72
0.82
0.76
0.77
0.81
0.77
0.75
0.79
0.79
0.82
0.78
0.77
0.78
0.79
0.79
0.63
0.69
0.72
0.78
0.77
0.74
0.35
0.53
0.58
0.71
0.38
0.59
0.77
0.76
0.70
0.76
0.80
0.74
0.79
0.66
0.67
0.76
0.75
0.72
0.68
0.75
0.67
0.77
0.65
0.74
0.74
0.71
0.75
0.71
0.70
0.68
0.69
0.75
0.70
0.57
0.71
0.72
0.71
0.78
0.71
0.80
0.74
0.78
0.78
0.79
0.80
0.70
0.75
0.77
0.84
0.57
0.68
0.58
0.61
0.78
0.67
0.80
0.73
0.76
0.75
0.81
0.75
0.66
0.81
0.83
0.75
0.72
0.73
0.83
0.84
0.83
0.79
0.84
0.75
0.75
0.78
0.58
0.79
0.55
0.74
0.73
0.74
0.75
0.75
0.86
0.69
0.79
0.80
0.75
0.70
0.72
0.68
0.76
0.73
0.74
0.81
0.74
0.70
0.76
0.70
0.65
0.66
0.62
0.58
0.59
0.59
0.50
0.54
0.50
0.54
0.47
0.45
0.43
0.49
0.41
0.44
0.50
0.51
0.56
0.34
0.22
0.56
0.35
0.59
0.40
0.33
0.57
0.42
0.29
0.53
0.48
0.58
0.45
0.45
0.58
0.51
0.61
0.77
0.69
0.67
0.75
0.74
0.81
0.80
0.79
0.83
0.76
0.82
0.77
0.83
0.82
0.82
0.72
0.87
0.79
0.87
0.82
0.88
0.85
0.90
0.88
0.89
0.89
0.90
0.87
0.89
0.88
0.88
0.90
0.87
0.90
0.89
0.85
0.90
0.90
0.89
0.84
0.85
0.87
0.88
0.87
0.84
0.88
0.87
0.86
0.85
0.87
0.87
0.82
0.87
0.88
0.81
0.82
0.81
0.83
0.78
0.79
0.78
0.67
0.69
0.75
0.77
0.76
0.78
0.77
0.75
0.74
0.51
0.79
0.71
0.71
0.67
0.68
0.76
0.72
0.75
0.79
0.75
0.77
0.77
0.73
0.81
0.82
0.82
0.78
0.81
0.72
0.84
0.79
0.84
0.85
0.78
0.86
0.84
0.84
0.84
0.84
0.85
0.83
0.87
0.85
0.84
0.88
0.86
0.81
0.87
0.83
0.85
0.86
0.81
0.83
0.82
0.85
0.81
0.85
0.84
0.78
0.80
0.83
0.80
0.81
0.85
0.85
0.78
0.74
0.84
0.84
0.80
0.84
0.80
0.65
0.82
0.84
0.77
0.78
0.81
0.78
0.69
0.74
0.76
0.81
0.70
0.78
0.54
0.80
0.68
0.75
0.75
0.82
0.70
0.71
0.79
0.59
0.76
0.65
0.77
0.76
0.62
0.74
0.69
0.63
0.72
0.64
0.49
0.68
0.62
0.53
0.65
0.68
0.68
0.48
0.57
0.69
0.67
0.66
0.48
0.55
0.22
0.60
0.43
0.60
0.48
0.46
0.50
0.67
0.44
0.35
0.33
0.43
0.34
0.47
0.24
0.33
0.24
0.09
0.12
0.13
0.21
0.21
0.08
0.16
0.10
0.13
0.11
0.10
0.12
0.24
0.14
0.13
0.21
0.09
0.07
0.14
0.17
0.29
0.40
0.17
0.41
0.10
0.26
0.20
0.12
0.13
0.22
0.15
0.18
0.13
0.15
0.11
0.16
0.19
0.08
0.08
0.16
0.29
0.31
0.25
0.39
0.20
0.24
0.15
0.14
0.15
0.19
0.19
0.21
0.31
0.41
0.13
0.16
0.23
0.16
0.46
0.20
0.15
0.30
0.15
0.11
0.44
0.16
0.28
0.31
0.29
0.27
0.28
0.24
0.33
