0.016488
0.170578
0.179743
0.179069
0.185160
0.178450
0.167319
0.179783
0.179060
0.170635
0.164409
0.184952
0.174686
0.173810
0.180974
0.170660
0.164040
0.178123
0.177920
0.175520
0.190269
0.178030
0.186824
0.183290
0.183192
0.175941
0.183119
0.189006
0.190422
0.166930
0.175086
0.191084
0.180249
0.175786
0.182490
0.182586
0.177665
0.181392
0.185599
0.180022
0.176610
0.173617
0.170729
0.175766
0.190988
0.186350
0.181176
0.169735
0.172765
0.183580
0.181316
0.177514
0.190416
0.184026
0.176219
0.182106
0.189495
0.181879
0.184744
0.183909
0.184210
0.176276
0.173949
0.177208
0.184411
0.169063
0.171246
0.183680
0.175581
0.176126
0.187019
0.179179
0.167914
0.164082
0.175640
0.165874
0.165963
0.172553
0.163279
0.164142
0.171632
0.178218
0.179630
0.173921
0.178472
0.176939
0.172282
0.178591
0.172817
0.180614
0.181382
0.163294
0.170520
0.189236
0.180502
0.194464
0.165359
0.164343
0.190393
0.176424
0.166878
0.179491
0.182005
0.173712
0.182585
0.164850
0.171575
0.169018
0.186708
0.181173
0.186411
0.183803
0.167760
0.173024
0.172683
0.185881
0.167087
0.168292
0.167913
0.189698
0.168241
0.188795
0.177762
0.174567
0.190315
0.189816
0.182218
0.177879
0.187752
0.178437
0.172888
0.188572
0.175436
0.184172
0.179461
0.167306
0.167342
0.167093
0.177745
0.182698
0.173211
0.177805
0.179563
0.182395
0.192601
0.184656
0.184348
0.171505
0.172712
0.165842
0.171406
0.184733
0.193799
0.189716
0.207704
0.166069
0.178452
0.175930
0.164945
0.188430
0.176762
0.187443
0.181765
0.162373
0.171950
0.166785
0.164915
0.165403
0.173314
0.180166
0.162783
0.162556
0.164617
0.202401
0.194331
0.189893
0.188385
0.164811
0.172197
0.182601
0.173488
0.170180
0.191798
0.178769
0.192593
0.181853
0.173706
0.176654
0.160947
0.164322
0.164108
0.152223
0.180274
0.160860
0.160368
0.174540
0.176157
0.181409
0.194845
0.178729
0.174810
0.175110
0.174864
0.179503
0.182323
0.187396
0.173095
0.171143
0.179013
0.168149
0.169585
0.169878
0.172264
0.169097
0.164071
0.179336
0.191852
0.171942
0.195153
0.184106
0.176958
0.186902
0.187027
0.192197
0.171849
0.184031
0.174482
0.167558
0.188484
0.173417
0.187161
0.181056
0.182112
0.175397
0.176127
0.183023
0.178757
0.186058
0.190488
0.185482
0.191473
0.163582
0.169012
0.180848
0.177364
0.181100
0.187072
0.175445
0.171838
0.196326
0.183740
0.180474
0.176462
0.174877
0.184666
0.176710
0.190705
0.174172
0.174726
0.171838
0.172616
0.182909
0.188083
0.184143
0.167056
0.187968
0.185441
0.193010
0.180026
0.178944
0.182603
0.184973
0.184791
0.195945
0.169889
0.171136
0.175874
0.175445
0.181657
0.183346
0.180733
0.180682
0.185314
0.176418
0.202619
0.180244
0.180928
0.191417
0.183610
0.185829
0.186276
0.181839
0.184270
0.169276
0.176270
0.174324
0.192702
0.186311
0.186029
0.163447
0.182280
0.189806
0.170939
0.178660
0.178428
0.175786
0.168917
0.180568
0.179878
0.165272
0.184047
0.179227
0.189722
0.186752
0.201528
0.186640
0.180395
0.188734
0.190809
0.195102
0.187976
0.191976
0.182787
0.190248
0.185423
0.183447
0.183169
0.179802
0.174256
0.180727
0.168658
0.187949
0.173694
0.175271
0.179470
0.192368
0.183010
0.178619
0.185404
0.177399
0.195914
0.194483
0.187260
0.189448
0.187248
0.184543
0.177304
0.185334
0.174632
0.191869
0.172425
0.179698
0.185917
0.194066
0.188895
0.180176
0.195762
0.170592
0.183254
0.181717
0.179709
0.198693
0.196636
0.183222
0.165956
0.180553
0.182906
0.183616
0.184764
0.167512
0.181303
0.176994
0.167386
0.170932
0.188569
0.187626
0.190002
0.184522
0.186188
0.191977
0.172888
0.182515
0.186880
0.184461
0.194712
0.182188
0.185665
0.167245
0.173831
0.179047
0.171930
0.184521
0.177984
0.170448
0.186593
0.163587
0.186822
0.194167
0.187197
0.180375
0.174118
0.167161
0.175351
0.182129
0.184943
0.186782
0.169268
0.180926
0.179461
0.179624
0.171611
0.174386
0.183346
0.182373
0.177150
0.181406
0.179271
0.181625
0.182991
0.178498
0.180595
0.177010
0.168039
0.176419
0.180572
0.179565
0.184488
0.177058
0.186409
0.177475
0.167080
0.203287
0.184525
0.178743
0.172283
0.193922
0.179406
0.182236
0.186159
0.179923
0.173175
0.165478
0.191824
0.196447
0.175337
0.173633
0.185873
0.184808
0.164979
0.191454
0.173780
0.187033
0.183106
0.191993
0.176486
0.184522
0.177767
0.162674
0.181159
0.179684
0.173521
0.173098
0.185813
0.179806
0.183851
0.177707
0.190065
0.185540
0.189020
0.178645
0.181885
0.186954
0.179772
0.179160
0.174190
0.177470
0.175943
0.179054
0.179312
0.178972
0.164263
0.180593
0.183457
0.177376
0.179564
0.183492
0.181139
0.184438
0.162502
0.188706
0.162280
0.183300
0.163523
0.173207
0.176960
0.195460
0.195425
0.167553
0.181042
0.171433
0.190372
0.184030
0.164838
0.184532
0.177258
0.167911
0.163057
0.188869
0.165486
0.167127
0.167399
0.173009
0.188243
0.168823
0.180733
0.180067
0.177655
0.176530
0.181356
0.166801
0.185851
0.189121
0.197182
0.194398
0.191897
0.192067
0.181305
0.188912
0.168662
0.175198
0.184268
0.178100
0.180619
0.177224
0.183420
0.176906
0.169194
0.170809
0.180045
0.172437
0.165500
0.170538
0.169590
0.175694
0.171482
0.171892
0.171196
0.178060
0.181770
0.173095
0.184724
0.183064
0.165615
0.166578
0.177745
0.171773
0.180165
0.187129
0.173867
0.162563
0.186628
0.175487
0.180578
0.186326
0.173464
0.172074
0.173128
0.182528
0.174033
0.186170
0.183707
0.179751
0.171359
0.173189
0.186894
0.192184
0.184957
0.168916
0.184486
0.174759
0.184585
0.169652
0.172520
0.176862
0.165790
0.174465
0.177902
0.180308
0.164868
0.184476
0.167071
0.178610
0.159164
0.162848
0.169468
0.201639
0.173214
0.178583
0.182152
0.163174
0.185730
0.189021
0.199796
0.175942
0.185549
0.163626
0.169840
0.182548
0.185758
0.184192
0.178268
0.190514
0.176282
0.170063
0.190852
0.176582
0.175043
0.178595
0.183821
0.199079
0.182097
0.174875
0.185164
0.185954
0.193978
0.181715
0.169423
0.178527
0.192943
0.189698
0.188710
0.189916
0.185116
0.179007
0.184571
0.176045
0.178531
0.170047
0.166043
0.174151
0.188171
0.182330
0.175987
0.165468
0.165890
0.173826
0.177377
0.181661
0.181350
0.177590
0.183336
0.192946
0.181504
0.166264
0.179381
0.180697
0.169489
0.165118
0.173544
0.171516
0.187032
0.182447
0.166421
0.172979
0.174205
0.187669
0.182649
0.180378
0.171260
0.191254
0.184834
0.188331
0.185862
0.179873
0.180460
0.176195
0.187850
0.188272
0.189578
0.180034
0.171377
0.186021
0.179432
0.163562
0.186968
0.182440
0.166769
0.169238
0.187416
0.172676
0.174726
0.179230
0.175802
0.188865
0.163308
0.180149
0.180294
0.180946
0.173644
0.182830
0.161568
0.169846
0.176771
0.164599
0.174448
0.173301
0.183752
0.180947
0.170046
0.166571
0.184432
0.163168
0.186080
0.180897
0.187346
0.186461
0.173425
0.167643
0.174569
0.175035
0.168728
0.171446
0.178545
0.186064
0.187918
0.179688
0.175724
0.186007
0.190435
0.174367
0.175735
0.174376
0.187326
0.166016
0.177174
0.182869
0.192436
0.182746
0.193537
0.167564
0.173183
0.179091
0.174176
0.166019
0.167928
0.169526
0.182946
0.175015
0.178298
0.184258
0.174981
0.189338
0.180779
0.192879
0.180258
0.175790
0.192736
0.166592
0.172934
0.170626
0.175626
0.166476
0.164033
0.180330
0.183455
0.186090
0.184526
0.183024
0.174494
0.184557
0.175929
0.166604
0.178477
0.178082
0.181734
0.185440
0.167774
0.165245
0.179651
0.176815
0.169451
0.167406
0.179903
0.163733
0.187989
0.174604
0.177047
0.165302
0.168829
0.177146
0.178555
0.181955
0.164596
0.185158
0.178623
0.164401
0.189373
0.194490
0.181286
0.179062
0.167569
0.168246
0.170166
0.186405
0.188893
0.182073
0.178432
0.193072
0.178487
0.166588
0.170404
0.183244
0.180013
0.167101
0.167823
0.170019
0.187273
0.172354
0.166312
0.181751
0.182000
0.180135
0.175581
0.169059
0.164382
0.180283
0.182585
0.175492
0.178467
0.182144
0.166580
0.173019
0.182553
0.168165
0.187971
0.172407
0.164216
0.166107
0.164397
0.174074
0.161630
0.162690
0.195647
0.176977
0.166428
0.176965
0.185335
0.163758
0.166533
0.170540
0.190380
0.174072
0.186473
0.185321
0.165366
0.174246
0.169011
0.161672
0.160960
0.165837
0.161361
0.165728
0.167254
0.160775
0.170555
0.184369
0.196128
0.181689
0.177332
0.168324
0.165136
0.177836
0.187910
0.184950
0.191331
0.181283
0.178093
0.166629
0.160995
0.165221
0.161191
0.148918
0.174268
0.174152
0.163989
0.178478
0.177874
0.194641
0.192228
0.182397
0.176075
0.166500
0.181339
0.181707
0.181276
0.181129
0.185887
0.166728
0.166265
0.179923
0.179671
0.167231
0.171749
0.181958
0.181092
0.192995
0.171286
0.179853
0.163577
0.179138
0.175589
0.184746
0.170941
0.187752
0.177171
0.189985
0.165216
0.183044
0.164950
0.181213
0.173713
0.174088
0.185009
0.176175
0.175730
0.166770
0.179453
0.166397
0.168253
0.176049
0.165491
0.180354
0.173727
0.172494
0.178265
0.168492
0.169654
0.182426
0.178580
0.172532
0.152948
0.157206
0.163550
0.162026
0.179551
0.175737
0.164013
0.182497
0.147841
0.153440
0.173014
0.172578
0.173579
0.172035
0.178751
0.182747
0.172331
0.177777
0.180259
0.165388
0.177571
0.180804
0.181941
0.174578
0.175517
0.193128
0.170972
0.165145
0.175140
0.167563
0.177746
0.171448
0.175217
0.182361
0.183460
0.177361
0.183224
0.177901
0.170209
0.166492
0.175462
0.175206
0.173989
