0.00
443.12
503.72
495.18
503.21
504.45
492.68
480.40
489.14
483.37
484.30
470.25
463.62
492.29
489.56
485.17
468.91
481.60
475.94
484.67
467.39
477.07
472.70
460.35
484.65
474.15
453.67
468.62
469.52
461.27
452.36
456.55
463.92
428.26
437.03
408.99
455.18
420.99
458.82
446.81
441.30
441.39
456.39
444.63
446.72
429.58
418.08
426.06
420.12
395.92
443.78
444.60
436.04
443.34
373.10
428.84
435.80
406.85
400.86
383.90
373.23
403.90
400.79
359.73
407.46
434.54
430.06
380.81
383.15
404.28
405.86
411.66
400.71
405.17
396.59
370.78
349.83
364.53
390.12
366.99
409.29
380.03
398.89
382.26
428.47
413.17
416.49
408.77
400.26
369.99
427.02
415.41
416.28
419.75
417.28
429.13
399.24
425.67
435.80
409.94
418.66
396.18
422.84
440.26
421.26
378.79
430.51
435.52
437.34
416.71
425.70
375.82
406.68
394.61
382.08
421.75
419.16
407.15
407.78
391.32
362.83
408.80
418.81
425.74
435.20
443.74
414.21
405.97
412.35
433.12
440.96
437.93
444.17
426.44
423.04
396.71
424.82
406.47
414.42
401.03
434.29
411.39
396.14
412.65
408.65
415.40
412.30
411.25
403.25
404.43
430.10
395.68
397.97
421.92
418.17
420.54
393.65
419.68
427.13
373.41
384.12
413.78
393.28
385.35
397.95
402.57
407.09
412.15
387.25
393.89
366.50
370.28
411.50
392.09
402.83
421.74
416.10
419.56
414.06
395.31
414.83
381.71
405.43
407.14
402.09
384.79
378.46
401.31
385.74
400.86
379.75
377.07
351.43
376.65
361.65
372.26
373.22
345.50
371.01
365.29
363.65
354.09
364.91
343.36
342.94
351.90
343.79
346.56
366.52
363.11
361.69
355.17
344.94
341.46
343.93
356.25
347.60
341.69
345.75
347.21
339.61
329.37
340.05
345.14
330.80
308.35
318.96
312.14
312.37
346.53
329.42
337.68
352.98
348.44
368.04
363.98
357.00
374.13
367.35
352.58
363.99
353.06
366.28
375.04
351.41
373.91
379.77
372.65
375.29
361.50
385.38
386.63
377.85
379.86
410.63
412.49
379.36
371.51
366.75
410.49
386.21
364.07
395.57
371.64
382.14
397.19
375.97
405.84
355.91
369.05
385.77
353.69
382.20
346.32
384.41
348.41
356.93
363.86
357.19
316.45
363.96
385.69
370.71
355.47
364.13
348.37
394.51
335.12
387.47
359.25
368.98
316.66
336.95
353.90
384.07
306.00
349.17
379.14
360.34
339.58
387.47
374.75
337.34
367.53
382.45
356.89
390.03
406.03
357.25
387.40
374.69
404.86
294.41
422.80
382.13
416.94
360.27
425.68
430.33
409.77
418.99
405.87
402.67
400.03
395.64
420.09
415.83
436.52
400.61
440.52
425.03
363.54
435.98
436.09
421.37
387.24
432.25
430.44
425.83
412.92
448.85
432.38
393.01
427.95
443.03
437.97
415.89
367.76
408.52
436.10
432.30
411.72
420.75
412.48
430.86
398.86
425.93
394.65
415.76
427.48
470.92
419.50
437.65
440.96
439.25
478.36
480.16
431.34
425.32
454.23
450.08
409.10
385.91
402.44
399.22
445.92
419.96
338.03
431.73
444.44
422.99
459.46
437.29
448.49
463.31
420.29
419.53
411.93
476.65
438.01
464.19
427.50
431.39
451.04
371.71
443.90
354.11
444.39
473.95
402.11
388.44
438.51
428.17
432.95
369.69
434.75
426.41
442.15
401.57
457.57
375.53
292.66
347.72
426.37
472.92
475.53
426.03
449.53
469.93
459.47
457.74
487.64
457.71
437.32
477.75
490.04
452.02
436.90
468.69
480.64
487.61
455.72
439.33
464.16
483.61
474.38
483.10
440.04
501.17
487.82
436.68
473.76
481.90
391.43
477.66
462.24
454.67
438.49
478.99
464.27
479.47
434.81
478.41
465.26
490.07
479.42
460.21
461.09
508.69
450.74
483.99
478.33
477.16
452.57
510.87
478.06
470.75
485.58
497.20
472.75
494.26
414.64
470.22
473.27
425.19
405.93
449.88
437.01
417.36
423.13
394.19
429.10
443.31
382.26
434.93
424.29
428.76
412.87
413.77
390.41
367.34
393.15
403.91
354.59
380.85
383.40
341.29
379.38
376.85
405.42
406.31
394.29
366.87
420.24
411.54
376.25
410.23
426.07
422.90
430.36
417.58
374.92
372.23
394.52
435.25
395.33
435.90
427.80
445.72
468.12
462.11
450.34
468.08
452.57
440.68
447.80
444.24
445.09
463.61
429.73
471.25
479.33
457.69
478.35
481.49
478.30
467.72
473.19
464.35
477.14
483.04
475.85
496.28
483.24
493.28
484.54
470.10
491.57
484.84
488.44
477.22
471.32
484.34
488.59
474.48
463.22
452.43
450.09
473.48
474.52
493.28
471.17
490.90
457.80
471.02
462.00
485.48
467.47
476.44
441.39
435.76
481.91
409.64
452.17
483.44
452.76
492.78
464.79
478.44
486.70
510.75
457.02
477.85
468.83
472.77
494.09
400.84
487.49
463.01
478.20
465.09
475.64
458.14
471.23
495.80
449.10
495.63
433.66
468.94
465.39
470.60
477.16
431.10
479.95
464.15
420.70
473.53
444.51
410.28
454.85
454.84
438.12
447.84
405.32
364.61
428.26
426.35
390.83
448.58
449.59
423.52
458.82
411.22
452.21
439.42
443.52
442.18
449.05
419.15
407.45
397.71
459.41
389.29
396.39
410.82
418.53
395.11
356.65
312.42
320.37
327.21
422.60
460.70
445.00
448.98
476.49
453.92
450.71
435.21
455.04
448.05
413.55
438.79
445.55
444.01
460.74
469.02
454.42
457.50
444.52
425.12
446.54
430.41
455.10
411.24
455.06
396.22
433.29
416.31
433.68
450.50
426.92
428.53
419.83
403.03
400.23
454.17
416.51
459.84
429.34
454.94
466.90
472.74
463.98
462.81
466.08
442.38
490.80
473.40
445.42
484.25
470.59
459.52
477.15
476.01
492.76
505.83
472.02
495.12
471.63
497.11
478.84
486.89
492.40
494.87
469.74
495.55
497.61
483.60
456.57
484.97
466.06
472.12
486.54
454.14
477.99
464.47
466.65
483.74
467.80
460.07
470.73
472.50
456.76
464.88
449.52
436.24
419.17
445.52
471.03
440.89
458.16
456.45
454.73
455.36
456.51
428.17
477.40
463.27
465.32
474.06
462.99
458.50
467.63
458.54
426.45
428.85
457.66
468.96
466.64
428.90
469.37
491.62
493.80
487.27
421.20
463.30
482.69
462.94
483.19
467.13
459.52
450.66
385.27
458.56
404.77
409.97
415.78
405.97
407.88
431.11
445.50
461.88
424.88
450.83
427.90
405.42
408.78
415.27
397.26
410.52
399.85
420.30
394.18
439.42
434.04
412.47
390.88
404.45
423.67
391.25
321.03
381.51
403.18
405.50
411.53
403.06
410.88
434.14
415.01
391.29
388.72
403.90
375.27
378.95
379.90
401.67
422.61
411.71
402.92
437.28
424.69
438.73
412.39
395.69
408.18
378.57
409.42
370.72
377.30
386.46
394.59
383.97
387.15
371.75
410.70
397.01
386.80
409.79
376.16
370.15
375.62
356.71
381.97
403.15
342.86
313.37
390.59
357.20
361.08
387.90
336.49
378.59
351.83
368.94
330.46
327.28
337.32
335.08
382.17
369.60
386.30
377.48
364.66
389.89
352.23
370.91
376.86
388.43
359.22
347.81
361.81
370.51
368.62
372.78
353.78
349.15
329.70
369.45
322.51
378.53
368.27
360.09
359.77
411.65
347.42
372.52
363.36
385.24
349.35
358.56
366.89
358.69
320.99
373.68
331.05
303.88
285.35
314.77
333.10
361.18
315.61
393.72
344.07
335.03
349.93
362.20
350.78
342.27
273.81
236.34
389.82
366.81
331.08
370.97
344.40
309.50
363.74
370.92
359.39
326.84
313.38
351.58
329.59
295.47
359.80
377.48
381.04
375.81
282.63
318.30
286.82
303.91
331.29
333.19
373.24
377.22
359.96
415.40
390.11
468.72
414.52
468.21
426.36
441.40
440.49
441.77
451.90
404.11
450.59
451.16
427.57
403.61
438.03
419.38
448.28
430.49
443.06
422.36
414.72
427.67
399.57
400.03
416.45
434.48
378.02
397.59
412.96
406.40
385.56
393.27
383.38
393.82
417.15
374.06
442.02
426.02
437.43
413.75
425.75
397.59
408.63
438.64
344.44
426.99
412.65
421.46
364.92
432.58
371.19
434.50
392.26
430.69
390.53
435.69
423.94
392.53
445.78
356.98
432.99
435.69
371.82
414.14
423.90
404.13
451.38
440.08
403.47
414.29
452.51
438.34
422.07
403.13
464.80
372.14
431.25
438.92
432.89
376.48
437.36
377.27
410.30
404.19
379.68
422.15
419.44
354.59
421.70
435.24
395.77
418.66
429.82
384.01
404.56
416.33
356.25
428.86
421.61
404.28
433.77
415.32
433.43
386.40
422.21
424.01
467.75
406.42
376.08
470.18
445.97
426.08
430.36
458.48
424.77
427.34
445.70
465.33
391.61
466.67
432.17
452.40
434.49
445.99
425.88
448.81
474.42
411.33
466.55
460.65
434.95
479.65
446.89
472.32
443.49
483.35
463.47
462.73
455.47
476.76
459.96
473.67
460.90
452.15
477.74
439.97
489.57
476.69
466.53
488.79
499.18
479.84
482.43
507.25
488.50
479.25
505.81
494.93
491.65
498.45
494.04
482.92
495.88
506.22
484.69
483.81
498.25
499.27
497.54
490.22
487.14
466.06
472.21
471.48
474.63
465.03
459.16
462.13
462.78
469.25
468.07
476.30
472.92
478.38
467.07
461.51
475.29
459.72
477.94
469.10
472.39
458.10
494.17
490.86
488.32
456.29
501.88
451.34
465.28
482.69
460.80
469.13
456.16
454.90
441.91
456.84
442.17
436.17
448.37
457.02
453.05
456.65
434.20
444.44
426.14
419.97
428.84
431.64
414.62
437.75
420.15
417.71
394.36
403.72
413.55
412.78
410.33
427.03
402.41
413.38
432.21
408.32
368.85
429.81
429.17
410.22
434.67
419.90
404.68
367.94
440.10
390.56
408.24
400.36
429.17
435.98
407.11
430.46
440.28
419.75
436.90
414.38
405.10
420.65
417.01
417.64
424.09
391.63
416.52
404.10
421.44
374.75
435.09
431.33
394.04
404.59
430.45
433.60
441.23
416.29
423.78
417.88
432.15
404.51
414.08
460.09
439.16
442.17
448.73
448.94
451.51
438.10
436.18
443.88
403.46
441.36
423.93
433.38
440.73
444.64
410.39
434.67
431.54
411.35
427.42
429.76
422.70
427.98
441.67
409.48
426.95
391.54
406.69
398.37
442.25
432.51
421.49
440.53
424.49
435.91
414.68
417.85
439.42
398.32
402.93
437.91
425.13
409.96
425.89
363.76
403.12
387.96
380.02
424.02
420.65
409.57
411.32
424.17
404.82
406.96
375.59
399.94
417.47
402.89
397.74
420.84
406.69
388.61
376.42
416.24
389.29
409.15
402.77
375.38
392.03
391.12
395.35
382.36
388.55
365.59
355.90
378.09
360.11
302.57
315.67
350.62
373.74
392.25
371.24
370.37
390.74
324.79
357.22
337.09
324.07
360.21
352.13
316.46
350.81
351.49
377.61
343.16
377.62
326.05
340.62
314.30
267.84
223.42
304.02
274.95
269.72
263.24
246.42
237.80
241.40
267.97
268.42
238.38
312.11
292.19
227.42
276.51
237.37
257.15
283.90
280.21
278.54
241.41
330.45
312.48
279.23
329.49
330.21
308.12
317.69
289.88
303.34
303.90
324.96
314.79
307.17
236.69
273.33
298.62
214.59
183.69
239.45
266.47
244.66
245.26
230.98
239.60
239.40
213.88
142.91
180.02
241.48
242.86
248.68
227.12
286.27
299.50
289.99
240.13
269.81
200.45
181.12
252.92
183.71
175.69
255.66
212.55
203.47
186.65
183.96
148.76
150.86
256.26
158.28
186.51
213.87
201.54
192.47
208.11
231.64
183.56
217.68
199.81
206.81
227.27
194.71
226.62
130.27
204.81
230.62
188.97
270.11
228.44
193.67
208.10
231.20
209.43
249.54
168.49
164.07
236.63
219.84
258.65
206.13
209.83
161.05
170.99
240.58
183.34
206.83
168.25
198.44
156.64
186.56
171.11
196.35
104.05
124.85
133.93
136.35
72.69
80.24
147.60
108.89
101.07
118.20
133.10
137.82
123.54
125.41
79.94
91.45
63.90
110.96
91.33
131.10
100.26
120.48
101.39
93.67
118.65
139.47
102.22
155.22
141.64
160.34
101.39
110.52
122.08
100.47
88.23
108.14
117.22
80.96
86.90
105.06
68.41
70.31
202.81
185.78
141.05
146.48
177.60
287.28
197.51
143.79
183.88
115.98
127.70
145.94
115.34
103.43
127.14
122.07
95.03
105.19
73.32
106.10
165.17
230.31
217.59
243.78
196.11
182.09
198.01
158.99
159.53
87.60
106.05
146.89
101.36
113.68
127.20
112.09
161.42
83.86
132.07
161.49
120.04
125.71
74.82
115.92
67.16
93.41
85.38
164.74
198.57
68.59
151.07
116.53
166.84
183.04
190.37
136.29
113.00
91.00
125.54
100.67
110.30
72.38
96.26
127.16
61.57
77.23
74.71
71.01
161.47
144.51
169.48
246.91
119.82
145.19
111.98
231.06
299.63
146.03
110.73
89.60
84.11
62.49
82.12
24.86
16.73
13.03
32.54
27.92
32.52
30.08
29.42
30.45
33.17
32.46
31.55
28.17
27.16
27.57
26.34
26.56
30.80
27.63
29.82
31.12
30.99
31.24
32.95
29.40
31.45
27.45
29.84
36.52
30.98
31.57
30.63
32.29
28.07
35.38
31.75
32.09
38.87
45.47
46.93
51.76
45.53
52.03
53.53
52.51
57.85
59.02
48.54
50.53
56.25
49.50
58.04
60.42
56.24
67.37
61.62
61.79
61.18
63.88
69.62
55.07
58.64
68.13
34.02
54.72
54.15
53.15
68.14
44.13
54.11
52.04
65.09
39.17
47.39
54.61
50.88
67.30
47.85
52.03
57.80
56.99
38.94
43.93
38.58
35.68
36.73
44.88
40.74
43.84
42.07
41.09
40.62
32.45
31.11
36.37
32.45
30.87
34.62
36.13
29.21
35.59
34.87
31.89
42.90
44.00
42.30
48.47
38.44
64.59
43.28
42.80
46.26
55.10
49.44
51.31
49.81
46.79
68.43
52.07
59.20
40.88
55.01
44.61
52.61
66.97
62.35
39.27
64.27
48.55
54.69
78.96
60.63
44.13
71.65
77.31
72.02
41.51
59.30
35.78
72.73
83.37
48.95
50.78
54.03
54.67
58.55
74.27
93.00
31.48
48.80
83.06
45.43
108.32
31.09
78.55
29.79
160.63
18.11
70.45
69.45
33.59
111.73
37.01
101.25
37.59
189.63
22.38
84.73
94.32
36.98
126.60
20.89
114.86
46.17
105.78
34.47
131.05
26.24
158.60
21.31
99.21
76.60
91.75
123.02
28.45
126.90
86.35
150.40
51.82
202.47
28.37
136.89
85.37
96.73
78.35
90.54
49.92
115.30
76.81
238.25
72.13
125.47
81.79
115.98
44.73
163.51
46.87
82.53
77.84
65.97
98.86
128.75
34.35
96.15
91.03
87.83
92.66
79.54
65.35
139.20
28.05
109.53
105.84
67.10
128.02
98.97
76.80
134.46
70.93
67.40
110.69
58.02
100.48
57.35
70.48
129.55
47.32
89.51
102.65
100.90
62.39
88.91
86.72
77.81
89.23
143.78
65.88
171.99
78.23
242.12
136.22
79.75
48.79
223.16
40.59
168.32
49.55
114.80
115.77
61.12
131.06
110.19
44.75
235.71
40.37
98.48
182.68
45.79
84.03
76.08
88.12
66.26
81.86
52.63
143.03
90.48
45.14
67.92
72.46
48.80
70.04
63.08
62.33
151.55
78.76
71.19
46.99
92.03
51.74
158.40
51.84
69.71
38.80
83.10
74.48
63.92
65.72
157.83
59.06
60.66
39.89
99.03
56.83
37.70
89.41
51.12
50.88
78.26
66.84
50.18
59.55
90.52
40.48
54.56
77.81
70.66
92.71
64.33
32.73
35.15
70.13
72.98
59.52
43.60
47.66
58.08
41.51
43.16
36.74
96.76
74.89
63.88
40.73
67.95
59.94
52.08
60.46
79.68
72.71
89.93
42.00
70.99
110.27
129.26
126.70
309.57
34.51
227.64
559.37
257.61
273.72
215.92
285.97
254.84
304.16
235.71
255.90
205.99
280.64
250.38
235.08
122.25
140.17
139.23
205.66
313.17
259.20
290.79
255.36
283.25
314.79
316.22
254.69
288.70
268.83
305.94
240.48
309.74
248.28
307.69
314.54
341.61
250.14
230.01
222.30
320.23
229.01
310.44
227.60
291.54
254.72
362.82
258.49
232.49
239.22
338.86
240.45
360.15
275.44
265.26
291.34
343.81
208.20
264.50
296.92
329.38
300.85
220.97
370.88
274.09
342.73
251.57
352.34
238.90
224.14
238.56
260.71
268.21
324.12
290.51
333.00
252.94
306.23
279.95
330.59
328.09
307.23
360.26
365.16
370.69
300.60
290.01
289.99
294.34
285.79
328.23
196.85
300.87
224.88
322.84
311.49
342.35
371.25
307.17
285.20
370.38
357.91
391.00
311.29
372.18
345.94
370.94
447.04
305.37
394.67
478.39
455.29
442.04
489.32
491.58
482.67
483.05
457.97
461.87
449.87
412.28
414.22
353.58
355.30
303.22
312.47
236.61
252.22
302.54
141.24
108.79
312.26
166.56
172.90
201.54
119.06
236.97
307.02
162.20
227.07
185.51
182.21
212.54
151.54
191.51
67.70
145.86
184.93
159.28
106.79
184.52
112.44
146.60
89.51
147.46
