0.00
372.68
373.05
413.48
365.52
372.83
296.93
343.73
373.22
336.49
361.57
309.31
356.12
333.41
342.86
345.98
343.56
349.49
329.37
336.11
329.29
231.89
289.56
297.67
299.95
261.79
286.99
313.74
224.99
247.20
269.80
320.20
340.84
307.56
212.86
149.52
262.43
153.17
165.96
199.67
180.12
215.02
243.61
248.08
246.18
260.74
203.46
241.53
250.63
206.99
229.31
243.94
153.60
147.04
227.39
218.16
165.11
142.63
215.11
260.28
238.65
233.99
263.59
232.24
277.96
201.30
352.71
313.08
357.15
314.09
346.74
377.95
375.07
270.59
421.86
227.30
432.54
427.57
329.26
405.22
347.45
386.47
370.71
372.31
415.06
388.29
416.39
334.93
367.17
428.53
369.82
424.41
415.86
365.74
427.22
386.73
378.50
346.48
421.53
379.79
380.57
369.69
381.38
369.86
348.39
330.64
314.62
310.98
334.86
331.36
324.88
303.57
341.68
285.03
339.10
196.22
242.53
223.89
146.98
213.64
159.23
200.33
160.27
113.17
165.90
202.86
263.68
179.89
252.65
228.33
273.45
254.31
238.15
148.87
155.04
140.08
135.64
285.43
200.89
162.70
141.72
262.72
339.46
297.66
272.84
271.17
289.76
408.74
357.66
397.36
382.32
323.42
386.86
330.31
296.94
326.95
332.37
369.04
329.55
436.26
464.46
421.58
453.12
455.77
395.46
459.36
438.08
357.91
471.06
430.12
451.31
439.53
406.97
444.25
420.88
408.95
468.64
438.74
424.66
444.90
428.94
420.86
448.31
382.53
470.12
443.13
437.10
415.69
466.66
421.10
433.68
443.77
459.56
462.12
383.96
467.45
471.90
425.00
452.12
427.57
461.34
462.76
457.33
456.73
449.40
453.20
434.24
448.03
474.04
433.85
472.37
450.65
436.54
470.84
462.55
452.15
453.46
469.70
466.01
465.85
400.13
478.76
457.34
445.36
418.96
426.35
401.28
348.69
364.68
234.60
392.18
371.94
382.28
389.31
425.35
227.57
350.22
275.40
192.04
445.14
210.20
315.97
183.75
321.99
275.06
261.94
226.89
335.18
206.69
256.17
210.34
339.06
198.29
495.64
393.96
342.94
335.58
458.14
382.11
407.00
409.50
429.04
477.75
436.51
496.58
448.11
481.53
491.89
489.66
493.08
496.12
431.84
511.61
499.82
499.98
504.80
510.17
506.15
509.96
505.41
488.17
511.78
518.19
521.68
500.42
520.17
519.41
514.02
503.10
510.02
518.04
475.71
513.10
508.49
513.93
510.38
515.80
503.69
493.41
490.15
487.48
489.58
506.29
485.38
497.09
493.92
482.60
489.00
495.31
469.67
492.38
503.76
476.03
485.47
467.70
474.36
480.33
458.92
464.70
463.12
464.59
421.91
472.01
446.02
442.92
460.30
451.40
450.21
418.43
428.62
412.87
393.36
421.93
413.53
428.03
420.82
412.26
378.92
386.26
424.66
406.06
400.91
360.68
381.86
402.81
339.31
294.49
360.64
361.63
310.56
383.48
317.14
419.80
304.03
240.69
224.78
252.20
189.36
146.51
351.92
205.26
143.05
320.95
210.26
155.44
244.30
205.49
115.17
232.58
196.13
135.46
131.52
184.66
180.42
214.40
225.29
245.92
257.95
215.43
212.30
234.24
199.47
235.88
290.45
320.99
354.09
304.85
334.63
344.96
363.73
337.99
350.07
298.58
346.35
384.95
400.22
413.56
374.76
415.03
374.93
418.79
345.87
381.87
360.09
370.56
416.12
364.88
398.23
407.06
398.95
377.26
428.47
415.11
391.51
366.64
391.21
395.37
391.31
404.58
388.20
391.42
415.58
390.50
426.52
384.34
394.06
336.03
386.75
376.43
343.74
301.15
292.57
255.64
225.28
216.03
326.23
192.06
178.53
293.69
161.54
159.15
300.72
230.33
110.84
216.36
183.96
174.18
237.07
99.97
133.45
200.35
147.33
119.01
114.95
161.19
246.52
288.52
294.32
318.01
341.54
342.03
336.27
385.10
387.90
404.55
329.28
433.45
411.69
421.89
447.00
406.57
464.43
411.11
454.90
429.51
436.30
377.60
428.89
433.60
388.77
419.79
405.54
394.89
406.70
387.21
371.03
375.20
352.15
369.78
361.51
362.43
351.65
313.72
350.79
334.83
286.78
325.46
315.15
336.42
283.93
276.87
249.80
226.47
233.54
191.93
278.43
225.48
224.58
214.01
187.80
278.78
236.92
231.69
231.38
235.19
281.50
218.14
253.36
316.09
290.53
218.75
335.93
331.83
369.83
317.03
364.51
380.55
300.77
339.97
305.57
394.48
412.41
388.45
427.55
383.19
432.07
398.16
439.95
439.12
483.04
455.93
457.47
474.93
405.65
389.56
468.21
460.12
323.64
454.47
416.17
465.45
431.24
444.27
430.21
465.14
375.15
392.35
422.17
467.25
455.96
479.07
474.35
468.25
415.89
474.05
435.00
434.56
406.14
461.70
439.87
447.30
417.18
457.46
428.23
422.74
418.73
386.00
439.06
404.32
411.00
394.92
387.11
408.58
400.30
383.63
427.34
377.50
371.09
385.92
358.52
211.15
130.14
183.44
338.55
189.32
141.45
251.31
227.76
223.30
266.34
223.67
269.28
278.05
247.16
265.97
286.93
225.43
257.70
252.55
182.13
275.11
162.48
215.75
259.35
297.37
315.18
436.37
432.73
451.94
421.77
471.43
412.90
467.55
496.57
483.05
495.42
407.30
502.89
472.15
494.23
501.91
487.62
440.79
510.76
484.03
494.93
486.11
489.17
448.56
503.65
475.31
484.83
499.30
484.12
473.60
492.74
479.77
480.23
505.65
475.15
501.86
511.64
494.93
499.42
498.79
475.23
498.42
506.77
489.35
466.41
494.79
495.40
478.02
467.84
489.28
471.39
468.06
484.89
484.66
475.28
496.11
491.00
513.73
512.79
498.92
472.17
522.05
496.22
494.69
501.90
501.21
513.47
506.78
512.07
519.84
497.39
507.24
524.51
489.94
502.81
515.79
517.07
492.56
488.17
496.18
526.62
495.34
446.48
506.14
491.16
491.99
452.10
508.10
468.42
458.05
510.13
519.71
527.63
534.24
518.60
520.17
540.76
533.52
541.69
544.56
532.30
543.02
540.92
525.27
540.80
553.56
542.76
537.72
557.28
555.19
549.54
550.24
535.53
551.21
530.09
540.99
554.64
544.70
552.72
520.97
536.37
518.52
552.38
552.05
536.37
555.93
540.64
543.39
554.43
551.42
544.59
549.68
551.66
544.35
542.75
543.15
548.53
552.59
546.81
549.36
548.19
542.14
537.33
518.75
539.13
544.75
544.12
545.21
541.85
508.61
520.69
519.63
490.77
509.90
475.89
503.43
528.88
530.75
513.92
526.67
522.83
541.40
528.68
483.66
519.40
526.49
458.55
491.73
510.08
497.52
482.18
458.84
474.33
487.70
419.41
471.58
446.21
422.12
331.88
483.04
448.65
346.30
424.02
385.10
482.69
398.16
493.60
468.71
459.23
399.49
503.89
478.64
461.82
518.97
530.24
525.66
483.37
503.75
510.21
501.36
524.81
475.13
514.60
471.63
512.51
487.93
451.45
484.74
511.47
454.19
493.19
427.31
530.62
415.21
497.98
433.39
510.67
523.21
370.51
485.52
513.36
488.23
473.13
520.79
413.30
528.53
441.07
522.61
423.33
510.92
426.02
458.14
491.52
474.31
509.42
520.76
497.82
494.37
433.87
401.41
263.47
378.88
308.64
303.41
360.09
352.43
366.12
318.04
309.06
362.32
351.33
400.79
378.67
333.76
267.38
377.05
348.44
291.28
411.83
398.53
362.76
348.25
324.84
374.16
282.40
263.10
296.70
409.76
310.18
294.52
315.37
315.58
313.60
335.99
299.08
352.13
340.15
319.97
415.89
348.06
317.97
311.91
312.48
341.47
382.20
381.46
511.21
371.73
364.41
457.52
273.46
492.75
482.60
450.14
440.49
474.70
292.15
434.31
429.05
458.23
357.22
451.36
363.43
470.12
290.37
453.30
422.24
438.22
392.40
380.18
449.83
474.20
398.10
367.59
419.64
445.92
367.50
455.03
422.93
396.50
388.40
378.86
403.91
471.40
433.54
425.76
470.06
471.90
469.40
431.54
471.39
473.59
399.50
454.54
480.71
505.57
441.89
467.44
430.03
493.37
483.60
449.71
472.06
360.85
361.94
434.80
451.17
464.45
432.39
408.16
452.11
329.91
383.27
378.73
432.59
345.64
475.91
484.94
301.47
409.40
467.30
476.47
451.65
454.32
401.99
471.35
226.95
398.59
428.83
463.23
438.77
443.07
429.26
411.67
437.10
452.88
394.13
426.41
413.84
403.50
465.30
348.33
420.37
455.05
457.53
477.00
465.28
415.20
358.10
317.44
447.04
385.02
296.29
245.24
238.19
183.13
480.04
425.90
454.69
326.44
358.98
511.52
345.40
347.95
470.70
273.36
479.78
356.75
462.64
455.03
455.58
320.40
298.79
262.93
359.50
334.45
411.23
266.79
430.81
381.59
256.71
461.93
357.02
461.98
367.77
390.78
301.34
310.72
241.10
380.42
344.15
291.06
378.93
263.45
267.74
285.54
296.64
337.27
282.29
251.21
289.40
268.90
320.50
295.58
322.13
242.94
242.42
294.79
265.25
223.13
271.41
233.25
245.07
306.02
261.21
251.23
259.75
195.36
238.33
282.34
190.21
273.67
275.10
296.57
215.72
294.00
242.03
268.04
250.74
286.01
265.76
234.19
307.00
234.28
304.46
292.35
322.00
292.86
205.90
231.99
293.83
274.80
306.52
315.11
268.96
311.65
266.38
225.52
283.05
293.68
348.90
267.76
314.24
206.79
290.87
300.02
238.25
344.33
276.74
341.98
272.60
320.45
245.48
225.23
310.30
332.95
274.08
280.11
245.53
269.49
261.24
252.80
311.02
270.29
245.73
329.70
263.00
209.68
266.35
249.93
308.80
263.60
256.88
295.20
328.84
238.02
275.59
282.04
285.88
336.37
299.84
242.22
304.66
234.15
255.86
249.22
286.99
252.94
314.93
266.70
220.98
310.97
236.45
217.53
259.44
332.72
223.02
262.95
270.40
279.85
281.95
211.67
217.44
223.80
318.91
257.13
329.95
282.09
242.59
340.14
270.86
280.64
212.34
252.44
259.46
262.31
291.14
321.82
297.33
304.84
255.78
329.44
325.69
374.43
281.13
382.69
276.42
271.86
352.15
237.80
299.14
361.57
224.26
308.75
328.94
310.42
226.23
300.31
218.24
256.20
251.03
255.13
267.18
318.08
211.80
299.29
282.42
197.34
238.73
209.43
217.02
179.74
273.80
254.86
251.76
315.75
273.15
180.96
256.95
215.68
247.95
294.01
211.45
327.09
235.77
256.56
252.90
284.02
263.97
272.50
279.13
251.15
286.88
344.90
313.21
307.74
247.97
234.49
278.83
234.10
361.13
270.31
304.14
310.62
347.50
220.79
287.57
338.82
313.79
338.01
319.23
356.98
322.83
266.56
306.64
276.18
322.21
229.51
368.31
420.52
275.99
279.87
266.89
391.45
303.54
302.74
320.00
321.97
248.54
307.75
323.30
268.74
309.74
364.24
300.42
427.18
214.10
376.51
306.64
388.26
368.91
389.17
281.96
229.97
261.39
323.74
309.90
238.51
313.14
373.82
370.83
307.93
272.04
233.79
255.09
335.56
301.66
279.67
302.59
210.27
201.58
320.05
217.52
245.95
264.08
288.93
243.62
259.80
264.00
283.96
264.47
260.83
270.35
294.87
262.06
230.12
281.64
264.67
213.50
192.17
192.26
281.64
186.55
339.84
278.12
233.11
275.72
246.51
260.77
290.04
263.88
239.07
242.99
307.29
280.74
223.15
237.90
292.51
321.38
266.37
217.95
283.60
219.93
319.39
262.85
285.09
246.39
324.29
292.08
318.67
282.62
292.21
332.33
340.53
337.14
263.88
278.79
266.81
362.03
346.02
348.91
267.58
312.22
314.46
332.40
296.66
284.57
230.56
316.87
313.96
335.31
309.09
308.53
247.00
316.99
332.85
329.46
331.39
355.55
297.94
343.57
304.44
275.91
387.61
382.42
301.22
278.66
249.04
309.89
345.98
266.64
389.11
244.05
354.30
290.30
339.75
290.82
312.17
295.96
356.00
250.53
279.21
388.86
303.53
240.58
415.44
324.87
396.99
409.58
376.37
376.93
323.29
406.95
345.30
367.57
350.07
292.49
340.89
287.85
259.61
301.11
297.42
286.52
297.75
247.01
230.13
204.95
193.93
261.44
192.79
287.45
282.08
256.72
277.36
292.16
242.77
309.58
375.62
203.01
320.94
273.99
354.26
321.14
191.59
353.25
233.70
327.90
323.80
319.91
298.81
230.98
271.39
298.43
241.75
272.75
344.05
250.52
323.58
229.37
361.30
366.71
224.87
292.57
313.52
350.57
216.01
360.17
275.63
242.68
316.46
294.17
240.06
327.50
392.62
213.25
321.25
255.26
356.79
320.16
324.09
189.39
324.79
353.08
346.02
241.95
365.01
245.52
336.69
167.87
354.00
309.80
246.18
271.01
362.77
339.83
265.99
245.77
259.45
296.53
287.29
313.91
223.09
262.26
332.30
233.48
220.96
364.71
202.38
246.69
220.20
283.25
342.62
218.03
246.09
230.70
292.35
198.64
334.73
230.28
253.92
294.08
296.70
300.66
290.00
274.66
227.52
358.46
116.87
303.84
282.05
277.10
200.65
158.74
246.18
184.46
252.73
174.26
330.14
278.85
287.32
217.44
315.98
331.79
226.39
206.25
212.14
292.63
143.12
162.97
323.32
228.05
427.84
219.85
197.10
294.09
343.49
208.58
219.70
366.44
208.35
257.07
206.53
148.41
296.34
302.27
226.18
284.52
128.72
322.80
92.41
209.27
147.00
210.31
296.22
175.47
277.06
236.87
125.31
179.81
211.22
135.84
310.74
246.54
222.61
110.85
226.73
182.96
182.23
205.24
349.96
296.33
281.23
199.92
146.55
275.05
317.16
295.95
189.39
98.00
202.44
275.56
153.77
157.54
259.40
262.96
164.00
204.90
107.49
227.68
340.01
304.01
262.18
302.41
255.40
339.58
291.09
366.27
284.51
253.42
175.58
109.40
332.15
124.04
157.38
169.67
166.22
249.93
140.54
150.39
204.09
32.31
230.32
44.01
236.04
545.34
334.22
415.27
450.12
377.24
320.72
423.80
358.76
388.19
386.02
423.07
371.61
419.01
357.65
402.58
303.92
393.07
297.85
412.95
256.83
336.55
448.85
407.87
329.13
419.86
384.50
343.66
386.98
349.76
384.48
339.02
369.25
399.45
219.05
246.37
160.18
297.14
280.04
242.54
297.09
239.38
257.62
242.20
273.15
239.62
218.01
312.50
239.36
229.57
242.86
261.60
246.01
253.97
242.63
331.88
250.02
215.32
330.26
286.74
313.85
265.20
247.43
291.39
216.67
330.17
234.29
326.29
221.85
354.83
224.12
334.43
350.90
242.40
256.67
269.49
185.24
140.66
209.30
266.93
204.55
213.52
249.94
242.14
118.34
200.68
198.00
157.66
234.98
85.64
148.64
122.78
94.26
495.79
282.58
296.70
300.44
171.31
83.72
152.05
225.70
243.96
240.09
270.73
304.19
258.91
298.92
230.57
350.78
185.88
370.18
182.70
278.71
275.01
327.51
305.34
274.78
256.13
218.39
192.35
359.92
246.26
205.33
423.07
308.45
532.93
215.17
242.00
165.03
214.49
131.83
117.22
83.96
212.44
324.08
344.79
447.07
335.11
305.91
374.91
190.37
230.14
242.10
250.70
219.91
169.90
268.49
261.72
32.23
107.99
160.21
185.40
113.62
173.58
175.72
218.45
153.71
182.68
264.56
136.21
190.26
124.36
215.41
83.88
182.45
158.06
58.62
271.80
119.28
280.59
218.71
218.14
32.51
429.45
61.76
238.67
53.20
157.82
243.03
182.50
147.08
117.59
192.46
138.65
320.84
41.49
372.31
456.11
219.03
161.11
130.47
227.42
217.47
176.58
171.38
213.06
174.53
142.51
273.41
162.39
175.03
210.19
166.76
253.11
126.80
226.83
117.90
261.30
176.69
196.60
250.82
166.96
189.36
193.60
205.52
191.04
210.83
195.01
222.78
135.55
233.32
197.14
92.28
313.30
158.27
253.66
122.89
280.95
187.58
196.66
191.97
160.07
146.99
258.86
184.58
164.21
278.92
147.47
204.55
248.23
69.62
222.91
185.07
226.53
186.63
117.90
143.42
325.33
158.72
258.62
251.40
200.40
119.60
215.26
190.63
183.52
201.23
292.10
199.98
174.62
234.64
115.51
376.47
180.58
230.13
253.69
158.47
228.17
306.59
190.80
248.24
195.51
188.68
215.01
237.15
222.01
207.74
180.92
215.12
177.20
181.68
