0.017140
0.184700
0.173306
0.184081
0.185698
0.184645
0.183483
0.188119
0.180103
0.176281
0.206155
0.189505
0.186047
0.188739
0.166899
0.174865
0.184701
0.174855
0.177363
0.181288
0.176749
0.163880
0.175629
0.180659
0.182199
0.187236
0.172431
0.173023
0.187003
0.184249
0.177590
0.185337
0.168503
0.174793
0.174229
0.173681
0.183156
0.179381
0.173840
0.171864
0.184460
0.172748
0.178802
0.168830
0.173050
0.175846
0.180343
0.173388
0.180141
0.176594
0.189714
0.183886
0.175562
0.189142
0.170259
0.177349
0.184432
0.195597
0.164175
0.180255
0.190563
0.192886
0.193184
0.161623
0.189490
0.182779
0.183543
0.177667
0.173479
0.161573
0.168617
0.180212
0.168413
0.177753
0.171749
0.169129
0.176798
0.179391
0.163802
0.161149
0.176740
0.169044
0.174685
0.166178
0.172147
0.189373
0.176585
0.168106
0.168644
0.167706
0.178607
0.178498
0.173547
0.166510
0.175607
0.177354
0.166361
0.192526
0.186428
0.179746
0.169712
0.171043
0.166840
0.164773
0.174678
0.173516
0.165600
0.168566
0.172071
0.183884
0.187742
0.180824
0.188015
0.173897
0.185322
0.184476
0.181004
0.174510
0.175917
0.160785
0.175281
0.172610
0.163979
0.172662
0.160578
0.167563
0.182818
0.175411
0.174577
0.182098
0.191396
0.173721
0.175799
0.173537
0.183305
0.174584
0.162163
0.161866
0.163739
0.166445
0.191496
0.176682
0.186857
0.167553
0.170150
0.167694
0.172148
0.162744
0.175058
0.185175
0.173005
0.174871
0.186104
0.172007
0.178331
0.183913
0.181321
0.178866
0.177198
0.172185
0.186091
0.173807
0.181650
0.163517
0.171492
0.168011
0.172075
0.210376
0.168867
0.183430
0.189166
0.188905
0.172564
0.191118
0.178051
0.174678
0.167697
0.174097
0.173414
0.175188
0.193827
0.180104
0.179579
0.194247
0.186445
0.183107
0.186031
0.194941
0.181711
0.182369
0.171711
0.168854
0.184222
0.182723
0.163772
0.162010
0.181533
0.161886
0.163947
0.185175
0.162235
0.171842
0.165969
0.164804
0.162875
0.184015
0.167030
0.179271
0.171961
0.171698
0.166463
0.166313
0.180584
0.166936
0.180374
0.172156
0.162575
0.163561
0.166667
0.162994
0.167820
0.162039
0.168144
0.176011
0.164552
0.165060
0.172068
0.165493
0.171540
0.166791
0.169365
0.171518
0.164834
0.169234
0.177603
0.182162
0.185041
0.171252
0.161363
0.160708
0.182626
0.175764
0.172008
0.171594
0.168908
0.172324
0.172435
0.179717
0.171594
0.166136
0.178684
0.174277
0.166259
0.176231
0.166816
0.172709
0.168921
0.163731
0.171156
0.165054
0.179950
0.165409
0.177750
0.173600
0.178929
0.160887
0.156446
0.156717
0.171566
0.168586
0.178514
0.156564
0.165240
0.164114
0.168568
0.168520
0.172494
0.170525
0.169200
0.172859
0.182771
0.164583
0.186946
0.171842
0.167516
0.176145
0.184878
0.177623
0.177170
0.178127
0.165110
0.182880
0.177206
0.181320
0.170085
0.171610
0.185134
0.180397
0.166421
0.165603
0.178647
0.171937
0.168950
0.171353
0.167989
0.172316
0.173197
0.176833
0.173731
0.176026
0.176924
0.176665
0.172232
0.176823
0.175508
0.193095
0.177967
0.162645
0.177292
0.169194
0.186150
0.176417
0.180498
0.178429
0.186084
0.166310
0.180699
0.165786
0.164826
0.165446
0.179870
0.195387
0.183696
0.183726
0.193025
0.181079
0.181194
0.182716
0.179585
0.165570
0.181048
0.174370
0.182232
0.177348
0.175715
0.179989
0.165988
0.180037
0.168449
0.185497
0.178533
0.169000
0.171433
0.165690
0.164647
0.166526
0.167189
0.176300
0.164314
0.171486
0.166565
0.180345
0.176183
0.179329
0.174944
0.186030
0.165160
0.170714
0.170578
0.170892
0.168864
0.180792
0.175744
0.169625
0.169328
0.170276
0.163402
0.179902
0.168376
0.175965
0.168359
0.177765
0.175731
0.180668
0.176656
0.185558
0.174207
0.178821
0.164078
0.166129
0.163192
0.171382
0.165045
0.145210
0.153470
0.179293
0.170711
0.173854
0.163203
0.168053
0.163548
0.164728
0.175244
0.164048
0.169136
0.175182
0.183838
0.178138
0.175369
0.179809
0.195430
0.176251
0.173372
0.173875
0.168853
0.176950
0.174487
0.175773
0.171099
0.174845
0.184743
0.178067
0.175122
0.169758
0.173493
0.172585
0.172745
0.177576
0.171938
0.179193
0.178865
0.184181
0.166589
0.175490
0.175982
0.178788
0.176534
0.192043
0.175436
0.173994
0.166625
0.172349
0.173605
0.175668
0.172311
0.176632
0.170067
0.174174
0.173031
0.171227
0.171613
0.169460
0.181736
0.175431
0.167627
0.174815
0.170661
0.182847
0.201438
0.179404
0.180029
0.175463
0.178915
0.183010
0.173615
0.175015
0.181919
0.173799
0.170807
0.168140
0.174369
0.176589
0.178046
0.170655
0.174711
0.171908
0.165526
0.182162
0.173100
0.173670
0.170279
0.176922
0.191597
0.181339
0.167124
0.180363
0.167750
0.179516
0.180862
0.196942
0.180904
0.184802
0.187961
0.195889
0.166498
0.167489
0.164758
0.172079
0.170830
0.177361
0.180509
0.199662
0.182642
0.173337
0.178721
0.169384
0.176826
0.173168
0.174306
0.170096
0.182779
0.176595
0.175474
0.163612
0.161931
0.164383
0.163933
0.177054
0.187549
0.165254
0.183996
0.191471
0.211063
0.182987
0.201007
0.181633
0.186986
0.170280
0.174165
0.162709
0.178846
0.175342
0.174186
0.169632
0.196415
0.183749
0.172355
0.180689
0.182112
0.176397
0.171942
0.174926
0.169814
0.187011
0.169937
0.177113
0.177651
0.162620
0.174685
0.172700
0.182510
0.183843
0.169341
0.161825
0.179009
0.174212
0.182933
0.179174
0.180335
0.178180
0.180500
0.171562
0.176975
0.179159
0.177468
0.176465
0.174439
0.175682
0.179613
0.171898
0.178846
0.178957
0.179718
0.179534
0.174112
0.174336
0.177124
0.170969
0.173019
0.177760
0.179122
0.177480
0.175958
0.178058
0.193796
0.163720
0.186566
0.333246
0.177056
0.183423
0.176402
0.184700
0.163872
0.163806
0.180444
0.185105
0.165650
0.176188
0.177616
0.180855
0.177253
0.181168
0.178035
0.176188
0.173303
0.181829
0.173127
0.182421
0.180397
0.172551
0.182390
0.172684
0.194757
0.185214
0.181443
0.177825
0.171937
0.180342
0.167854
0.166588
0.171695
0.170444
0.170871
0.182664
0.176972
0.170811
0.173682
0.176727
0.169823
0.180917
0.176863
0.169334
0.180061
0.177522
0.167840
0.165162
0.176067
0.178712
0.178422
0.186561
0.174349
0.175697
0.174254
0.170713
0.173811
0.185823
0.201608
0.177363
0.169033
0.177125
0.183085
0.178460
0.165828
0.172041
0.171739
0.179352
0.173008
0.173175
0.179283
0.171350
0.168658
0.175400
0.175278
0.170155
0.179110
0.174418
0.171417
0.180198
0.178523
0.174141
0.177365
0.184048
0.174879
0.173500
0.165756
0.159762
0.164489
0.152874
0.171993
0.161837
0.177029
0.176889
0.179435
0.174807
0.201635
0.159196
0.167080
0.172302
0.214813
0.169677
0.165594
0.169937
0.176647
0.179099
0.173852
0.177606
0.185188
0.176014
0.193285
0.188176
0.172039
0.183277
0.180815
0.171674
0.194227
0.176510
0.183781
0.171619
0.180366
0.182298
0.171073
0.160692
0.162907
0.172063
0.173726
0.186430
0.178651
0.176948
0.175543
0.180646
0.182285
0.178449
0.179308
0.170429
0.173382
0.171076
0.186953
0.190045
0.190407
0.206699
0.194830
0.182255
0.175920
0.165884
0.161918
0.169627
0.179295
0.173720
0.177300
0.182677
0.181094
0.175772
0.179920
0.188417
0.178910
0.199770
0.175034
0.163062
0.164033
0.164961
0.182896
0.161554
0.168161
0.186718
0.179473
0.169015
0.206738
0.186749
0.187559
0.177212
0.178584
0.169705
0.186895
0.175769
0.174844
0.176299
0.180208
0.179132
0.180203
0.172895
0.172336
0.167096
0.180553
0.181777
0.173711
0.178491
0.172586
0.178180
0.169128
0.171232
0.171762
0.176020
0.174669
0.174620
0.186482
0.182060
0.189276
0.181278
0.170169
0.174104
0.166791
0.179114
0.164224
0.179856
0.173990
0.168668
0.192528
0.186571
0.165705
0.179101
0.180332
0.177054
0.177084
0.188431
0.173190
0.183514
0.172574
0.178545
0.173573
0.164536
0.178606
0.171711
0.164133
0.180814
0.166418
0.181620
0.166102
0.183473
0.166089
0.180117
0.165267
0.172755
0.173689
0.178707
0.171909
0.168569
0.176635
0.160460
0.179015
0.164149
0.165627
0.174562
0.177061
0.182872
0.180518
0.183065
0.181938
0.175786
0.186749
0.172573
0.175530
0.183672
0.186605
0.179550
0.178129
0.176442
0.168111
0.168524
0.162418
0.163248
0.178103
0.183348
0.183586
0.175326
0.182077
0.175642
0.174579
0.187045
0.184403
0.183396
0.190483
0.180585
0.169812
0.171079
0.172767
0.173270
0.177976
0.164457
0.173508
0.183978
0.189026
0.166391
0.183796
0.182264
0.178570
0.178477
0.173214
0.178688
0.176422
0.178127
0.179108
0.171161
0.185711
0.211504
0.191397
0.170908
0.176937
0.186971
0.169279
0.180182
0.173756
0.178105
0.183124
0.177139
0.174130
0.182389
0.181482
0.173228
0.179254
0.186254
0.175233
0.175934
0.174660
0.178159
0.176893
0.179870
0.183664
0.170719
0.171021
0.180645
0.177908
0.177273
0.178177
0.180119
0.180298
0.184369
0.181350
0.164911
0.171793
0.186163
0.181544
0.170499
0.185635
0.181627
0.178908
0.177487
0.189144
0.197004
0.183552
0.166497
0.177653
0.174324
0.183422
0.164481
0.172739
0.164275
0.170965
0.181198
0.182683
0.188641
0.174258
0.170767
0.203246
0.181956
0.173051
0.182739
0.177880
0.175179
0.179444
0.194064
0.176206
0.179933
0.173009
0.171043
0.186057
0.186013
0.184394
0.181131
0.171498
0.177138
0.173011
0.172719
0.166069
0.164708
0.171236
0.172719
0.172645
0.171479
0.181257
0.161459
0.180357
0.188833
0.174932
0.175529
0.185222
0.181262
0.172181
0.163982
0.177234
0.185518
0.177549
0.183144
0.166386
0.177769
0.181245
0.190718
0.175854
0.175842
0.180077
0.171041
0.181269
0.188471
0.186480
0.175617
0.177058
0.181569
0.181367
0.175046
0.177018
0.183833
0.172806
0.163031
0.169087
0.174999
0.167874
0.173791
0.178175
0.184902
0.179831
0.183269
0.174175
0.181973
0.177215
0.168474
0.177030
0.163237
0.180515
0.170717
0.178628
0.175259
0.167360
0.174507
0.173484
0.166306
0.175629
0.176209
0.169619
0.177008
0.169593
0.183262
0.182433
0.173746
0.173524
0.182945
0.165991
0.169086
0.165603
0.174693
0.174829
0.188875
0.181663
0.178706
0.176836
0.175086
0.180591
0.178726
0.178474
0.185953
0.188983
0.172991
0.186691
0.162819
0.179537
0.187276
0.185827
0.184668
0.222497
0.192573
0.176807
0.165044
0.166924
0.166658
0.176553
0.163247
0.174721
0.178157
0.179244
0.180193
0.173617
0.172798
0.169823
0.178149
0.179453
0.185628
0.168524
0.165169
0.175251
0.175156
0.174091
0.177162
0.173611
0.185745
0.174167
0.174800
0.183778
0.176949
0.187365
0.184199
0.194380
0.166410
0.167856
0.172098
0.184915
0.165880
0.165239
0.163419
0.164483
0.178476
0.168001
0.166818
0.170256
0.177158
0.173671
0.166722
0.167062
0.172442
0.172297
0.175104
0.182728
0.172453
0.172257
0.169485
0.180372
0.161310
0.170449
0.184935
0.164186
0.160463
0.172499
0.176009
0.174303
0.184245
0.163642
0.169713
0.177873
0.184338
0.165758
0.173470
0.174374
0.163868
0.176453
0.161865
0.179064
0.169953
0.174010
0.178224
0.164551
0.173783
0.173485
0.164832
0.174953
0.166914
0.172432
0.166308
0.174489
0.174405
0.161212
0.173810
0.172686
0.175743
0.174016
0.173430
0.180033
0.184038
0.165597
0.187793
0.163812
0.177842
0.179596
0.170172
0.172760
0.183526
0.166222
0.186370
0.175734
0.170619
0.199791
0.185465
0.163280
0.163231
0.168528
0.164145
0.177943
0.186566
0.164226
0.182343
0.174481
0.175719
0.172862
0.182626
0.163078
0.172814
0.169204
0.176665
0.176706
0.184018
0.169850
0.178408
0.168503
0.183291
0.179022
0.179361
0.186450
0.166911
0.172267
0.159938
0.174770
0.185907
0.177890
0.186725
0.177091
0.199371
0.175989
0.183126
0.183309
0.166370
0.168088
0.171316
0.180835
0.183896
0.186174
0.178580
0.164456
0.174276
0.169719
0.178213
0.172731
0.169515
0.179174
0.168176
0.165907
0.174204
0.174399
0.170809
0.186784
0.167947
0.170080
0.174180
0.175559
0.174788
0.172912
0.163908
0.182890
0.183264
0.185495
0.185429
0.183879
0.181847
0.183930
0.161378
0.179939
0.180017
0.174506
0.179039
0.175350
0.181587
0.164968
0.182770
0.166675
0.179714
0.177206
0.164958
0.166079
0.180989
0.179810
0.180542
0.166335
0.173218
0.183689
0.181895
0.172548
0.166351
0.171225
0.167194
0.180677
0.180452
0.184684
0.166102
0.185608
0.166502
0.165321
0.177268
0.164775
0.165243
0.178078
0.186930
0.162939
0.175001
0.180023
0.164647
0.173150
0.181145
0.182265
0.198486
0.174506
0.181574
0.191213
0.183657
0.179557
0.166955
0.182337
0.170007
0.170385
0.172759
0.176758
0.172043
0.169856
0.181249
0.180195
0.181301
0.168614
0.182895
0.179457
0.186864
0.189991
0.179468
0.179654
0.188576
0.189124
0.172931
0.189440
0.172422
0.184267
0.165983
0.166532
0.165141
0.178602
0.178343
0.183176
0.191657
0.185493
0.177078
0.177585
0.165147
0.185672
0.163597
0.177549
0.175679
0.168242
0.176472
0.177855
0.180291
0.181468
0.181149
0.173809
0.176134
0.186554
0.165429
0.167730
0.191882
0.167234
0.185833
0.164159
0.181476
0.173562
0.183457
0.180642
0.176670
0.195240
0.168691
0.174664
0.180327
0.187826
0.174816
0.184278
0.185435
0.188885
0.185347
0.176139
0.179725
0.185875
0.222783
0.182887
0.162529
0.178954
0.176996
0.181324
0.179762
0.189036
0.175970
0.177400
0.181460
0.174219
0.169768
0.180356
0.171975
0.177468
0.178435
0.182896
0.173148
0.174893
0.178059
0.176689
0.165004
0.181958
0.180868
0.166703
0.176289
0.165617
0.188462
0.175198
0.201979
0.195659
0.182096
0.172813
0.178288
0.179050
0.176888
0.177108
0.180839
0.176560
0.174288
0.171894
0.172380
0.179693
0.176064
0.179272
0.180438
0.181637
0.182242
0.182902
0.166028
0.181998
0.174164
0.179504
0.184195
0.174402
0.171146
0.182973
0.169237
0.171761
0.176881
0.178035
0.178099
0.177263
0.183224
0.178600
0.187562
0.172979
0.177231
0.174276
0.179888
0.174667
0.171273
0.181629
0.176891
0.174830
0.176238
0.175526
0.176195
0.174998
0.174170
0.177813
0.182525
0.200225
0.192407
0.190244
0.187230
0.186892
0.188683
0.189724
0.181534
0.176445
0.187548
0.183712
0.175860
0.181654
0.184089
0.174742
0.184840
0.176975
0.182295
0.182580
0.185380
0.209571
0.183908
0.180930
0.175676
0.175791
0.178145
0.177091
0.176410
0.189388
0.173807
0.175641
0.182396
0.168670
0.181084
0.174728
0.175103
0.184602
0.179615
0.180862
0.183756
0.176572
0.180414
0.176190
0.187427
0.186896
0.184808
0.177584
0.184283
0.180344
0.170128
0.177129
0.173114
0.178673
0.176129
0.178133
0.183582
0.182383
0.179656
0.177684
0.172576
0.214833
0.178987
0.172796
0.176535
0.178899
0.175249
0.178225
0.175059
0.178464
0.176491
0.169311
0.170924
0.177175
0.172291
0.187548
0.180088
0.181924
0.178528
0.177004
0.176513
0.184725
0.179368
0.183385
0.174037
0.180052
0.186682
0.169484
0.177779
0.179264
0.189046
0.167064
0.173953
0.180543
0.181687
0.176262
0.177232
0.184446
0.186679
0.184580
0.178133
0.184884
0.192670
0.190090
0.225366
0.290715
0.313721
0.337622
0.341137
0.353995
0.348005
0.352008
0.349195
0.340735
0.355275
0.343322
0.336915
0.332916
0.348719
0.330891
0.332534
0.329315
0.341716
0.340531
0.344469
0.335197
0.340091
0.355471
0.341109
0.339865
0.332929
0.338833
0.363174
0.345557
0.344682
0.339686
0.342963
0.349270
0.341440
0.359743
0.341509
0.348910
0.345958
0.344362
0.351235
0.383090
0.350529
0.337353
0.349099
0.343241
0.365855
0.353451
0.364356
0.332539
0.337778
0.348322
0.341083
0.343662
0.353144
0.324643
0.338634
0.338032
0.353261
0.346176
0.327138
0.334771
0.339510
0.336102
0.340923
0.341052
0.360538
0.340087
0.348540
0.346585
0.334266
0.353495
0.340513
0.356876
0.343129
0.348659
0.333160
0.355779
0.355001
0.342175
0.358720
0.353782
0.367964
0.360981
0.337550
0.363298
0.333997
0.335717
0.373039
0.331851
0.321960
0.345091
0.320002
0.340715
0.327030
0.346869
0.334279
0.343399
0.338697
0.348089
0.343176
0.341784
0.336459
0.340938
0.349221
0.334714
0.340517
0.350313
0.345441
0.345300
0.344218
0.357430
0.331747
0.345719
0.338113
0.341237
0.328579
0.348274
0.343534
0.345250
0.342298
0.349867
0.341670
0.310305
0.209864
0.306231
0.271616
0.281336
0.210924
0.208895
0.232411
0.290378
0.213491
0.209217
0.228570
0.298013
0.244675
0.309447
0.293408
0.214241
0.275749
0.318602
0.293859
0.269253
0.314153
0.307400
0.206918
0.268724
0.298809
0.218472
0.296039
0.209337
0.272087
0.235473
0.278652
0.198785
0.280148
0.215874
0.200613
0.282539
0.213328
0.222806
0.256213
0.273308
0.187826
0.281733
0.225152
0.213726
0.283990
0.223805
0.278071
0.222148
0.235247
0.202383
0.264890
0.204980
0.290019
0.199883
0.269181
0.218758
0.242652
0.223474
0.207126
0.298658
0.190948
0.205684
0.208244
0.269762
0.213022
0.296662
0.201434
0.252609
0.206483
0.272317
0.239428
0.274170
0.218612
0.290710
0.201562
0.215057
0.205453
0.278012
0.211543
0.271247
0.211681
0.246511
0.210466
0.274518
0.262750
0.211500
0.229063
0.293142
0.282934
0.236092
0.217489
0.217966
0.274995
0.223907
0.219443
0.295961
0.287193
0.234957
0.283327
0.212378
0.241154
0.277365
0.220985
0.258524
0.268273
0.229121
0.289845
0.266556
0.268628
0.281070
0.210672
0.296837
0.265697
0.284899
0.222344
0.273419
0.279065
0.262891
0.281792
0.262943
0.224073
0.296119
0.233823
0.286858
0.210658
0.200458
0.206545
0.291207
0.233315
0.288532
0.213187
0.284347
0.252700
0.227605
0.302661
0.216191
0.218269
0.284292
0.203796
0.264773
0.277802
0.204480
0.278563
0.286337
0.279824
0.262896
0.292175
0.293533
0.294817
0.298956
0.233732
0.324806
0.218476
0.263736
0.309187
0.281357
0.286419
0.291373
0.220099
0.286808
0.213804
0.233624
0.210366
0.290754
0.197995
0.213040
0.217274
0.263417
0.229004
0.277321
0.268337
0.280901
0.201447
0.209723
0.210463
0.300786
0.207124
0.279758
0.284854
0.216426
0.272670
0.252934
0.210611
0.263019
0.225348
0.321019
0.209993
0.299647
0.294454
0.226074
0.320479
0.207281
0.206400
0.287297
0.344926
0.217547
0.275039
0.271815
0.302708
0.311005
0.284914
0.308641
0.299674
0.306649
0.288944
0.270087
0.271004
0.290542
0.271110
0.278977
0.291774
0.267468
0.208549
0.204502
0.276242
0.265395
0.211021
0.198905
0.210700
0.187319
0.188015
0.174006
0.183893
0.171732
0.185368
0.194123
0.182964
0.176886
0.184235
0.184056
0.178856
0.165024
0.174821
0.188979
0.180707
0.176345
0.177185
0.185081
0.184614
0.183830
0.184593
0.170718
0.178962
0.174900
0.164256
0.193012
0.178460
0.173424
0.171951
0.172006
0.171579
0.178905
0.169696
0.183181
0.163046
0.181267
0.180746
0.179019
0.172420
0.173688
0.181767
0.171657
0.176510
0.166779
0.171313
0.185189
0.194228
0.187793
0.176985
0.169297
0.179699
0.168440
0.175308
0.172482
0.171645
0.174802
0.181030
0.176130
0.169240
0.165426
0.169589
0.192062
0.172631
0.173161
0.177164
0.183199
0.181803
0.178996
0.176347
0.177672
0.181567
0.169258
0.177039
0.161067
0.162849
0.160006
0.162154
0.160140
0.164987
0.190437
0.194561
0.180158
0.172920
0.162198
0.162887
0.163260
0.163143
0.179158
0.176043
0.177111
0.186436
0.165143
0.161622
0.162833
0.163033
0.173735
0.227066
0.171780
0.162170
0.160768
0.165954
0.179316
0.197956
0.178249
0.174528
0.160286
0.160552
0.170473
0.163123
0.186379
0.176495
0.189688
0.176195
0.168172
0.158000
0.159110
0.159219
0.159199
0.172800
0.163030
0.160350
0.159742
0.159182
0.168036
0.177490
0.201968
0.180291
0.181551
0.163561
0.174169
0.168765
0.168372
0.172221
0.184367
0.196147
0.190621
0.173085
0.154127
0.156969
0.161959
0.163480
0.164332
0.160079
0.169868
0.178888
0.185829
0.170192
0.178663
0.180041
0.187612
0.179228
0.169940
0.182731
0.185771
