0.00
0.90
0.89
0.87
0.90
0.86
0.85
0.85
0.87
0.83
0.81
0.78
0.75
0.62
0.65
0.68
0.64
0.55
0.55
0.64
0.56
0.51
0.53
0.58
0.47
0.61
0.46
0.63
0.66
0.58
0.69
0.62
0.71
0.63
0.72
0.70
0.77
0.76
0.77
0.68
0.64
0.69
0.77
0.71
0.64
0.73
0.74
0.65
0.77
0.56
0.65
0.70
0.81
0.74
0.71
0.69
0.77
0.82
0.78
0.78
0.77
0.79
0.66
0.76
0.71
0.66
0.78
0.66
0.67
0.67
0.63
0.67
0.60
0.64
0.63
0.56
0.32
0.14
0.32
0.78
0.69
0.78
0.76
0.79
0.29
0.72
0.73
0.60
0.37
0.59
0.32
0.27
0.42
0.56
0.42
0.56
0.39
0.32
0.31
0.48
0.53
0.59
0.68
0.40
0.47
0.41
0.44
0.42
0.33
0.45
0.48
0.54
0.47
0.48
0.15
0.28
0.23
0.17
0.40
0.47
0.34
0.32
0.19
0.11
0.16
0.31
0.43
0.51
0.48
0.35
0.27
0.62
0.70
0.33
0.58
0.53
0.52
0.63
0.60
0.36
0.46
0.46
0.49
0.32
0.48
0.47
0.47
0.50
0.46
0.58
0.59
0.52
0.63
0.49
0.61
0.57
0.59
0.63
0.62
0.58
0.50
0.52
0.56
0.44
0.39
0.50
0.65
0.50
0.55
0.49
0.29
0.35
0.18
0.28
0.18
0.26
0.24
0.15
0.20
0.20
0.29
0.13
0.29
0.14
0.07
0.18
0.23
0.49
