0.00
0.96
0.95
0.94
0.93
0.88
0.89
0.87
0.76
0.72
0.65
0.67
0.67
0.66
0.64
0.71
0.71
0.70
0.75
0.74
0.73
0.75
0.76
0.70
0.71
0.69
0.69
0.73
0.73
0.77
0.80
0.78
0.80
0.78
0.79
0.79
0.79
0.76
0.74
0.75
0.70
0.70
0.75
0.70
0.58
0.59
0.56
0.54
0.49
0.49
0.52
0.52
0.55
0.55
0.63
0.61
0.62
0.60
0.64
0.59
0.67
0.69
0.75
0.78
0.86
0.85
0.79
0.73
0.72
0.70
0.71
0.74
0.78
0.78
0.85
0.83
0.84
0.84
0.88
0.87
0.87
0.87
0.87
0.87
0.87
0.87
0.87
0.84
0.85
0.84
0.81
0.85
0.86
0.87
0.88
0.87
0.87
0.85
0.86
0.86
0.88
0.86
0.86
0.86
0.88
0.86
0.89
0.89
0.89
0.90
0.89
0.89
0.88
0.89
0.89
0.90
0.90
0.90
0.89
0.89
0.89
0.90
0.84
0.86
0.76
0.73
0.70
0.84
0.88
0.84
0.85
0.89
0.78
0.84
0.85
0.76
0.71
0.42
0.48
0.35
0.21
0.39
0.55
0.81
0.42
0.54
0.61
0.79
0.82
0.65
0.55
0.76
0.79
0.74
0.85
0.81
0.88
0.87
0.89
0.90
0.90
0.90
0.87
0.84
0.89
0.88
0.90
0.91
0.92
0.91
0.91
0.86
0.90
0.85
0.92
0.91
0.89
0.88
0.65
0.87
0.64
0.38
0.65
0.85
0.65
0.53
0.40
0.18
0.77
0.65
0.59
0.44
0.87
0.50
0.80
0.57
0.41
0.76
0.44
0.72
0.68
0.80
0.79
0.65
0.62
0.10
0.79
0.16
0.61
0.05
0.38
0.04
0.33
0.34
0.41
0.42
0.32
0.33
0.39
0.43
0.42
0.49
0.49
0.58
0.62
0.56
0.68
0.51
0.65
0.58
0.71
0.57
0.67
0.60
0.55
0.56
0.62
0.53
0.38
0.48
0.48
0.29
0.42
0.48
0.31
0.17
0.10
0.20
0.22
0.12
0.13
0.14
0.12
0.09
