0.00
575.74
575.59
574.63
570.80
571.93
571.77
572.31
571.69
572.72
573.01
573.50
572.06
573.69
572.62
568.74
566.53
567.37
566.39
571.25
571.99
571.50
570.48
571.43
572.03
570.55
572.66
573.03
572.89
572.33
572.97
572.62
573.15
573.32
573.14
572.66
572.15
573.55
573.47
573.54
573.55
573.09
573.30
573.35
573.59
573.70
572.88
573.71
573.79
572.40
573.10
573.32
573.02
573.58
572.48
573.99
572.47
573.84
573.58
573.53
573.41
570.17
573.06
571.13
572.11
572.20
571.39
571.90
571.14
574.00
572.54
573.92
574.55
571.76
572.85
571.25
569.85
567.32
564.22
566.47
570.36
570.42
567.31
568.17
568.69
567.83
564.03
569.29
566.06
567.89
571.11
567.52
568.61
568.63
568.54
568.86
564.72
570.59
568.07
564.56
566.23
564.35
567.23
566.20
564.76
566.26
563.14
566.78
566.91
567.07
563.35
563.54
565.14
562.35
566.71
563.67
567.16
563.19
565.22
551.21
560.26
556.05
565.45
538.62
558.89
564.83
552.83
564.63
537.86
561.81
562.74
559.91
557.48
560.36
554.79
561.77
561.84
544.58
559.86
566.43
566.23
566.68
569.72
568.64
567.43
566.45
567.61
568.32
569.95
568.54
570.31
568.76
567.37
568.19
569.74
565.35
564.23
565.00
560.40
569.23
562.72
569.91
566.39
565.00
567.05
567.58
568.07
569.01
564.45
561.69
569.74
564.65
567.72
568.47
569.57
564.20
572.05
564.34
570.52
570.94
569.28
570.97
565.98
571.51
568.02
569.69
571.54
570.16
570.65
570.97
570.24
570.67
569.80
571.71
571.43
570.65
570.60
570.36
570.99
570.62
568.48
568.33
568.30
568.93
568.89
567.44
558.59
562.33
562.57
556.47
563.45
561.09
563.96
566.66
564.97
562.92
558.90
567.57
551.71
538.51
566.42
551.17
564.49
557.02
559.02
536.26
559.53
558.06
542.91
547.99
542.57
551.20
533.11
545.55
557.17
548.26
551.44
555.54
565.99
564.88
565.77
554.71
564.06
567.79
560.95
562.25
560.92
563.32
566.23
564.55
563.63
564.31
567.13
567.92
562.95
565.33
565.92
561.93
560.03
559.06
562.17
564.91
562.09
564.80
551.27
557.20
559.30
561.02
553.56
541.93
561.82
558.84
543.89
548.40
537.37
533.93
486.68
476.12
541.02
542.17
528.14
507.43
501.02
512.16
528.62
536.12
524.65
525.62
488.92
507.74
533.81
547.52
542.81
559.34
561.63
542.54
551.62
560.32
554.55
571.71
571.93
569.47
570.88
572.12
566.68
558.57
573.72
569.00
572.96
568.53
564.44
574.30
573.90
574.15
574.04
574.18
574.31
574.83
574.49
575.11
574.94
574.13
574.49
573.57
572.89
574.21
574.70
574.63
574.68
572.16
572.70
573.60
573.56
573.54
572.41
571.60
570.58
567.86
572.40
572.87
570.05
568.30
568.74
569.83
560.26
565.78
564.77
562.14
557.13
564.19
550.57
392.24
481.94
539.15
559.05
222.76
564.68
553.23
557.39
555.53
546.88
264.16
354.96
292.37
84.65
179.01
290.98
135.20
266.15
310.42
197.01
255.57
231.67
288.57
225.65
251.96
281.97
223.31
217.71
262.97
225.74
127.81
407.59
224.39
267.99
213.03
181.55
231.18
257.02
118.25
73.20
128.33
301.36
127.79
309.11
73.87
504.54
223.84
185.95
89.67
487.55
117.72
134.66
288.09
149.20
122.14
292.60
281.04
280.52
364.06
93.53
181.16
270.04
490.21
68.15
124.41
198.84
237.90
163.69
330.51
268.91
252.76
255.00
410.10
192.67
365.85
162.11
437.51
148.99
352.53
213.92
404.28
182.51
169.52
173.90
502.67
123.63
245.59
210.96
396.41
208.22
397.83
201.61
225.60
464.50
120.64
185.47
345.05
177.01
198.75
250.68
423.21
125.98
241.91
89.76
228.43
386.67
149.08
151.13
203.60
231.82
225.31
145.19
318.08
278.67
209.49
268.84
91.44
190.67
184.87
185.42
165.62
153.11
37.83
106.30
199.32
37.88
107.37
44.96
56.83
293.12
144.88
398.33
135.43
137.80
228.37
166.82
52.24
117.19
132.09
252.64
156.84
123.42
63.97
120.38
198.78
185.59
279.66
250.35
230.98
128.59
242.43
196.78
106.09
97.71
65.40
145.97
253.21
241.73
150.01
174.11
172.00
29.19
133.29
96.77
57.97
128.99
83.78
177.00
213.29
183.25
79.27
130.42
59.91
135.62
80.85
62.35
139.57
32.64
252.55
122.92
158.48
61.42
109.16
106.39
92.48
81.67
236.77
141.16
88.80
17.18
68.54
48.88
105.41
135.96
187.92
123.55
170.99
485.30
152.73
224.45
106.89
113.69
110.17
165.42
248.73
110.09
60.82
97.72
132.18
90.58
190.90
65.18
