0.00
0.93
0.92
0.89
0.89
0.87
0.87
0.88
0.89
0.88
0.89
0.87
0.87
0.87
0.88
0.88
0.88
0.88
0.89
0.89
0.90
0.90
0.88
0.88
0.87
0.87
0.87
0.89
0.88
0.88
0.87
0.88
0.89
0.88
0.88
0.88
0.88
0.87
0.88
0.89
0.89
0.88
0.89
0.89
0.90
0.89
0.88
0.89
0.90
0.90
0.89
0.89
0.89
0.87
0.88
0.89
0.87
0.89
0.88
0.88
0.88
0.89
0.89
0.90
0.89
0.88
0.88
0.89
0.89
0.89
0.89
0.89
0.89
0.89
0.89
0.89
0.89
0.90
0.89
0.90
0.89
0.90
0.88
0.89
0.90
0.89
0.90
0.90
0.90
0.89
0.89
0.89
0.89
0.89
0.89
0.89
0.89
0.90
0.90
0.89
0.89
0.89
0.90
0.89
0.89
0.89
0.89
0.89
0.89
0.89
0.89
0.89
0.89
0.89
0.89
0.89
0.89
0.90
0.90
0.89
0.89
0.89
0.90
0.89
0.90
0.90
0.90
0.89
0.89
0.90
0.90
0.89
0.90
0.89
0.90
0.90
0.89
0.89
0.88
0.89
0.90
0.90
0.89
0.89
0.89
0.89
0.88
0.89
0.89
0.88
0.89
0.88
0.88
0.87
0.88
0.88
0.88
0.88
0.88
0.88
0.88
0.89
0.88
0.88
0.89
0.89
0.89
0.89
0.89
0.88
0.89
0.90
0.90
0.89
0.89
0.89
0.88
0.88
0.85
0.89
0.89
0.89
0.89
0.89
0.90
0.90
0.90
0.89
0.89
0.88
0.88
0.87
0.88
0.89
0.87
0.88
0.87
0.88
0.88
0.88
0.88
0.88
0.88
0.87
0.88
0.87
0.88
0.87
0.88
0.88
0.87
0.88
0.88
0.86
0.87
0.86
0.88
0.88
0.88
0.87
0.87
0.88
0.88
0.87
0.88
0.87
0.88
0.88
0.88
0.88
0.86
0.86
0.87
0.87
0.86
0.86
0.86
0.88
0.88
0.88
0.85
0.87
0.87
0.87
0.87
0.89
0.88
0.87
0.86
0.86
0.86
0.87
0.86
0.85
0.83
0.84
0.86
0.86
0.86
0.85
0.84
0.87
0.85
0.85
0.84
0.84
0.86
0.84
0.83
0.84
0.85
0.85
0.83
0.83
0.83
0.82
0.82
0.81
0.83
0.81
0.83
0.83
0.82
0.83
0.84
0.82
0.83
0.82
0.84
0.83
0.83
0.84
0.84
0.85
0.86
0.85
0.86
0.85
0.86
0.84
0.86
0.85
0.86
0.86
0.86
0.87
0.86
0.87
0.86
0.86
0.86
0.86
0.86
0.87
0.86
0.87
0.87
0.87
0.87
0.86
0.85
0.85
0.88
0.87
0.87
0.87
0.87
0.87
0.87
0.88
0.87
0.87
0.86
0.86
0.86
0.86
0.84
0.88
0.88
0.88
0.84
0.86
0.87
0.88
0.88
0.87
0.87
0.86
0.86
0.87
0.88
0.86
0.87
0.86
0.88
0.87
0.87
0.87
0.83
0.88
0.88
0.87
0.86
0.88
0.86
0.85
0.84
0.87
0.88
0.88
0.86
0.88
0.86
0.87
0.88
0.87
0.84
0.87
0.85
0.86
0.87
0.87
0.85
0.87
0.88
0.86
0.86
0.87
0.83
0.87
0.87
0.86
0.86
0.83
0.86
0.85
0.86
0.82
0.84
0.84
0.82
0.87
0.85
0.86
0.83
0.83
0.84
0.85
0.78
0.84
0.78
0.81
0.82
0.73
0.80
0.79
0.81
0.66
0.72
0.81
0.70
0.68
0.61
0.71
0.78
0.83
0.76
0.56
0.37
0.41
0.28
0.42
0.18
0.61
0.48
0.47
0.53
0.47
0.37
0.14
0.23
0.22
0.33
0.37
0.50
0.40
0.56
0.39
0.47
0.16
0.38
0.17
0.30
0.56
0.61
0.64
0.51
0.48
0.53
0.30
0.41
0.47
0.57
0.49
0.56
0.47
0.52
0.56
