0.045722
0.601516
0.457479
0.636983
0.688116
0.666170
0.490877
0.666715
0.867825
0.696983
0.619275
0.675105
0.639307
0.637007
0.452079
0.632852
0.705757
0.616299
0.616098
0.472448
0.612441
0.673732
0.663580
0.638252
0.604503
0.453254
0.615325
0.658420
0.645707
0.617890
0.645753
0.692938
0.640565
0.637590
0.630930
0.610144
0.670798
0.878960
0.654391
0.642457
0.645436
0.454244
0.644371
0.696974
0.633457
0.643752
0.685911
0.646621
0.682035
0.708484
0.737535
0.679987
0.576342
0.660798
0.692029
0.647503
0.720397
0.742066
0.602818
0.630975
0.668282
0.634289
0.638052
0.641244
0.627438
0.490243
0.624047
0.650724
0.639951
0.694770
0.593201
0.670355
0.844167
0.662689
0.697469
0.465335
0.892202
0.715616
0.659405
0.722041
0.468686
0.646228
0.697855
0.642100
0.713076
0.620531
0.619518
0.854530
0.507412
0.669909
0.734720
0.697781
0.689759
0.679147
0.610350
0.645972
0.655394
0.613479
0.613569
0.683995
0.861492
0.656904
0.631909
0.646935
0.619353
0.647221
0.443985
0.629332
0.821137
0.649928
0.750106
0.646992
0.705924
0.631217
0.619533
0.692483
0.643951
0.667168
0.818563
0.659044
0.724241
0.692123
0.590597
0.626298
0.668891
0.619066
0.658542
0.654231
0.632926
0.628549
0.698744
0.671218
0.643964
0.662089
0.599114
0.919837
0.749547
0.649600
0.666380
0.743359
0.535430
0.804291
0.677891
0.683578
0.667685
0.672730
0.875154
0.758541
0.909702
0.777312
0.642169
0.897832
0.971396
0.709387
0.930526
0.854885
0.740428
0.847078
0.725559
0.879172
0.637222
0.479953
0.776049
0.636302
0.632053
0.693645
0.608261
0.648522
0.625247
0.659857
0.451077
0.619421
0.657596
0.619030
0.673755
0.662607
0.723468
0.679435
0.645769
0.581681
0.642397
0.493657
0.841042
0.791184
0.936121
0.908805
0.700196
0.705978
0.579291
0.729416
0.964854
1.106460
0.962831
0.641910
0.662686
0.878143
0.729978
0.655803
0.686479
0.676583
0.424124
0.631572
0.620570
0.622529
0.694339
0.726463
0.695485
0.848932
0.683647
0.642254
0.456850
0.630300
0.681730
0.683409
0.638742
0.622595
0.614538
0.614672
0.779083
0.728029
0.464281
0.580837
0.470441
0.616351
0.729003
0.518003
0.600329
0.482870
0.714035
0.642609
0.627764
0.608103
0.631911
0.676429
0.570674
0.634183
0.677776
0.643322
0.622940
0.594775
0.567798
0.412863
0.613792
0.621608
0.630937
0.582648
0.634282
0.610986
0.640064
0.608711
0.575619
0.623258
0.598771
0.577551
0.568230
0.762841
0.454816
0.678271
0.713923
0.643872
0.627367
0.640712
0.738730
0.663251
0.657053
0.703278
0.717150
0.821477
0.646237
0.621895
0.625155
0.621827
0.617961
0.649480
0.698250
0.669657
0.629787
0.626478
0.627477
0.660071
0.623754
0.653422
0.683157
0.624089
0.444185
0.619371
0.585077
0.623655
0.454587
0.636233
0.639022
0.602699
0.463261
0.650531
0.663418
0.610690
0.659848
0.446237
0.637951
0.636310
0.588900
0.428286
0.651258
0.642792
0.519869
0.640115
0.764285
0.546395
0.629148
0.630091
0.625495
0.604117
0.658946
0.796945
0.632482
0.461725
0.643560
0.584969
0.425540
0.631811
0.671186
0.643428
0.644801
0.645881
0.649565
0.632279
0.631098
0.652711
0.626140
0.627767
0.635524
0.621495
0.644657
0.660948
0.653132
0.610447
0.662766
0.618942
0.590564
0.563323
0.592425
0.484766
0.616922
0.645197
0.633612
0.803840
0.674014
0.460297
0.631647
0.654250
0.844378
0.624533
0.470892
0.629937
0.643727
0.722826
0.699948
0.580569
0.617109
0.646097
0.630520
0.625071
0.618651
0.465916
0.844415
0.476293
0.553266
0.459061
0.566687
0.439233
0.648122
0.605198
0.644804
0.464594
0.688626
1.016726
0.685005
0.587287
0.695137
0.654210
0.650306
0.632273
0.620941
0.617572
0.636441
0.619021
0.620527
0.726320
0.667056
0.631428
0.729930
0.603662
0.644611
0.668642
0.683420
0.693301
0.711061
0.674922
0.625463
0.638541
0.656914
0.628814
0.756500
0.788787
0.487907
0.794034
0.637018
0.578963
0.783870
0.792983
0.724948
0.663838
0.634664
0.620789
0.618635
0.621749
0.726934
0.679422
0.661491
0.632543
0.655677
0.727739
0.898003
0.680968
0.723455
0.635604
0.640766
0.623908
0.571427
0.503938
0.643202
0.634903
0.450534
0.576140
0.676222
0.688657
0.731302
0.835081
0.493209
0.584830
0.627488
0.600879
0.663172
0.701485
0.666795
0.875517
0.478920
0.654779
0.602316
0.435867
0.678654
0.672631
0.646736
0.856427
0.699984
0.679763
0.811147
0.702929
1.006691
0.878920
0.691462
0.670164
0.687016
0.649250
0.843982
0.682108
0.675900
0.635432
0.622736
0.601240
0.692046
0.625384
0.777184
0.466433
0.615631
0.628118
0.698553
0.593560
0.657391
0.634072
0.621971
0.628226
0.621264
0.620121
0.636524
0.619909
0.601894
0.614712
0.659461
0.618473
0.797830
0.733593
0.823250
0.777141
0.734023
0.536091
0.631112
0.625670
0.641626
0.651145
0.698568
0.653047
0.603744
0.848084
0.662544
0.628623
0.760182
0.693542
0.643136
0.672801
0.624634
0.630423
0.635457
0.627987
0.637914
0.668798
0.690595
0.842927
0.533775
0.647208
0.711164
0.696376
0.490260
0.661212
0.657295
0.694340
0.626155
0.651362
0.794909
0.680930
0.663502
0.649992
0.461864
0.637038
0.630933
0.614113
0.703671
0.647005
0.488445
0.595597
0.689197
0.686551
0.665586
0.663116
0.687477
0.680443
0.657172
0.622631
0.626828
0.436255
0.680471
0.662008
0.639896
0.632922
0.609158
0.624713
0.635360
0.852591
0.651247
0.643501
0.623674
0.689219
0.694525
0.639413
0.718583
0.669765
0.723292
0.623378
0.623959
0.770510
0.722785
0.653082
0.661248
0.674961
0.639221
0.644755
0.674510
0.638987
0.665004
0.704060
0.637693
0.412668
0.677993
0.728325
0.692849
0.708089
0.645885
0.743320
0.506971
0.667466
0.625338
0.624189
0.618732
0.626941
0.639242
0.818318
0.778858
0.988838
0.859574
0.704499
0.647505
0.605448
0.438203
0.834439
0.713058
0.683982
0.615992
0.645613
0.791340
0.678682
0.622427
0.716219
0.653105
0.651273
0.697432
0.911813
0.465599
0.588035
0.463207
0.636980
0.665442
0.638367
0.630035
0.626115
0.639068
0.685359
0.647818
0.613953
0.833745
0.714547
0.699682
0.749284
0.637034
0.578012
0.614962
0.443197
0.643803
0.467209
0.638713
0.639772
0.645291
0.630857
0.667304
0.567345
0.634397
0.648201
0.735810
0.535298
0.841020
0.711376
0.472930
0.629485
0.624952
0.635792
0.718980
