0.00
0.11
0.16
0.05
0.05
0.11
0.30
0.15
0.09
0.04
0.05
0.05
0.24
0.31
0.36
0.42
0.47
0.53
0.49
0.47
0.48
0.45
0.44
0.48
0.52
0.47
0.46
0.53
0.55
0.55
0.44
0.56
0.50
0.48
0.48
0.46
0.53
0.51
0.47
0.54
0.57
0.45
0.52
0.51
0.48
0.48
0.53
0.47
0.53
0.52
0.54
0.51
0.53
0.47
0.52
0.56
0.57
0.55
0.55
0.52
0.51
0.51
0.53
0.51
0.52
0.50
0.54
0.53
0.55
0.53
0.53
0.52
0.52
0.54
0.53
0.51
0.49
0.56
0.54
0.56
0.52
0.54
0.54
0.50
0.56
0.53
0.53
0.50
0.54
0.51
0.53
0.54
0.51
0.54
0.53
0.52
0.53
0.48
0.55
0.47
0.56
0.51
0.51
0.48
0.48
0.50
0.51
0.48
0.53
0.56
0.53
0.47
0.55
0.52
0.46
0.50
0.50
0.49
0.48
0.50
0.50
0.47
0.51
0.50
0.53
0.52
0.52
0.55
0.54
0.52
0.52
0.57
0.54
0.52
0.50
0.52
0.51
0.52
0.53
0.53
0.50
0.46
0.51
0.49
0.56
0.55
0.57
0.56
0.55
0.54
0.57
0.53
0.55
0.52
0.55
0.56
0.56
0.54
0.57
0.56
0.53
0.55
0.55
0.55
0.56
0.50
0.53
0.54
0.49
0.52
0.59
0.56
0.54
0.52
0.56
0.50
0.50
0.55
0.56
0.56
0.57
0.56
0.52
0.54
0.53
0.56
0.53
0.54
0.52
0.55
0.53
0.56
0.54
0.53
0.53
0.54
0.55
0.49
0.55
0.57
0.51
0.53
0.52
0.51
0.51
0.54
0.54
0.49
0.52
0.55
0.51
0.47
0.56
0.54
0.49
0.46
0.53
0.56
0.48
0.51
0.57
0.47
0.47
0.55
0.47
0.56
0.50
0.52
0.56
0.48
0.56
0.57
0.54
0.45
0.53
0.50
0.50
0.56
0.54
0.55
0.44
0.54
0.52
0.49
0.52
0.55
0.49
0.55
0.44
0.54
0.55
0.51
0.54
0.52
0.47
0.48
0.53
0.48
0.51
0.54
0.45
0.55
0.48
0.47
0.50
0.50
0.51
0.48
0.51
0.54
0.49
0.55
0.46
0.56
0.48
0.47
0.52
0.53
0.57
0.51
0.49
0.46
0.50
0.47
0.43
0.54
0.53
0.50
0.50
0.46
0.46
0.48
0.56
0.49
0.49
0.41
0.44
0.44
0.43
0.55
0.49
0.44
0.55
0.46
0.45
0.44
0.49
0.40
0.42
0.55
0.40
0.48
0.37
0.47
0.53
0.46
0.56
0.46
0.37
0.46
0.40
0.39
0.33
0.52
0.40
0.35
0.33
0.44
0.35
0.26
0.46
0.39
0.27
0.23
0.13
0.35
0.49
0.41
0.05
0.11
0.08
0.43
0.50
0.42
0.45
0.46
0.53
0.46
0.34
0.33
0.48
0.26
0.28
0.26
0.34
0.43
0.34
0.18
0.32
0.29
0.56
0.47
0.16
0.50
0.15
0.15
0.17
0.09
0.13
0.35
0.15
0.07
0.19
0.11
0.08
0.05
0.06
0.07
0.09
0.04
0.24
0.26
0.12
0.13
0.19
0.12
0.19
0.14
0.25
0.28
0.35
0.32
0.32
0.41
0.25
0.43
0.23
0.40
0.25
0.10
0.22
0.36
0.40
0.36
0.29
0.35
0.41
0.48
0.14
0.28
0.27
0.32
0.30
0.35
0.10
0.43
0.05
0.28
0.10
0.13
0.29
0.11
0.41
0.27
0.23
0.35
0.32
0.19
0.34
0.25
0.29
0.27
0.07
0.15
0.26
0.24
0.27
0.27
0.11
0.17
0.11
0.23
0.20
0.21
0.10
0.24
0.07
0.36
0.06
0.16
0.06
0.15
0.09
0.13
0.02
0.07
0.37
0.12
0.09
0.05
0.11
0.17
0.04
0.49
0.37
0.24
0.46
0.32
0.31
0.30
0.40
0.34
0.31
0.27
0.05
0.07
0.22
0.18
0.19
0.08
0.07
0.10
0.11
0.05
0.41
0.25
0.04
0.07
0.55
0.14
0.08
0.07
0.05
0.21
0.15
0.13
0.02
0.16
0.19
0.14
0.06
0.11
0.18
0.16
0.16
0.09
0.12
0.08
0.12
0.15
0.20
0.18
0.24
0.49
0.39
0.09
0.08
0.08
0.29
0.15
0.31
0.08
0.18
0.10
0.08
0.06
0.34
0.12
0.39
0.26
0.45
0.39
0.20
0.29
0.49
0.39
0.40
0.42
0.46
0.49
0.53
0.50
0.57
0.49
0.61
0.53
0.38
0.43
0.29
0.37
0.41
0.22
0.14
0.18
0.09
0.13
0.08
0.26
0.28
0.27
0.25
0.14
0.31
0.19
0.40
0.16
0.05
0.22
0.46
0.33
0.17
0.35
0.14
0.22
0.23
0.05
0.37
0.16
0.43
0.23
0.26
0.38
0.30
0.09
0.18
0.20
0.15
0.15
0.10
0.08
0.13
0.27
0.29
0.13
0.13
0.15
0.26
0.36
0.13
0.04
0.21
0.27
0.21
0.15
0.13
