0.00
30.50
38.30
58.14
24.99
63.10
533.67
534.06
215.85
237.25
238.03
245.04
242.88
239.17
193.96
211.88
213.38
253.67
214.86
181.01
194.86
180.93
173.74
200.23
230.95
181.43
183.09
223.97
242.49
223.96
150.27
233.83
181.13
168.39
172.20
153.27
213.32
191.52
168.66
222.69
269.78
167.47
217.49
204.62
182.86
178.78
236.39
184.73
240.44
244.24
233.09
213.27
245.81
176.60
237.66
271.62
273.16
249.26
258.73
238.27
224.91
234.80
241.27
209.84
232.03
216.52
251.63
243.00
253.20
235.64
230.09
225.76
221.93
245.49
228.42
201.78
186.25
243.00
225.18
240.34
207.04
221.08
218.19
197.65
237.37
216.63
217.91
191.87
221.31
204.67
211.80
220.82
191.29
227.89
214.09
209.23
218.50
177.32
240.33
176.23
242.20
202.22
198.94
176.28
178.91
202.30
199.59
178.98
229.50
238.47
234.28
177.81
253.81
219.98
178.66
194.66
236.22
194.90
182.10
195.28
202.16
171.58
195.37
198.45
244.43
219.67
210.21
254.73
234.30
216.29
220.12
250.45
232.04
210.54
194.57
208.74
203.57
211.31
216.79
226.30
194.39
174.42
196.09
194.47
242.60
219.30
249.72
241.57
246.37
232.30
251.47
222.73
236.86
210.11
234.02
251.07
242.41
229.23
254.26
258.19
225.81
230.73
239.98
258.88
248.89
202.01
222.03
223.65
192.06
214.67
270.82
246.99
230.85
218.15
247.06
200.22
196.00
238.99
248.90
246.18
254.30
248.69
223.61
227.84
226.01
241.60
229.77
223.84
216.82
241.46
217.45
241.46
229.51
219.80
223.61
229.23
230.22
190.02
228.73
245.33
213.42
224.43
221.76
212.67
213.29
227.85
240.63
198.33
226.98
247.89
216.03
182.46
243.95
238.84
206.93
176.40
239.42
254.35
198.38
223.04
260.38
190.32
179.95
248.81
187.51
255.21
210.33
224.68
254.34
179.13
251.35
254.13
242.67
165.74
221.61
208.55
205.06
255.90
237.73
237.62
157.99
214.75
219.67
191.06
223.96
252.40
194.63
249.17
168.57
226.36
259.82
225.95
245.19
223.75
195.82
194.03
241.25
201.03
244.84
239.97
178.91
251.67
184.38
201.52
210.49
212.69
223.69
191.28
218.68
224.93
187.45
236.22
177.22
238.67
180.81
182.43
224.06
226.45
252.98
199.49
193.67
169.88
197.68
186.37
165.59
238.29
216.98
199.29
206.66
176.63
177.11
192.48
253.79
184.03
215.41
184.89
186.28
179.23
179.05
258.64
196.67
180.89
244.48
215.54
197.03
198.61
204.11
172.76
192.18
325.93
195.62
287.08
250.88
244.93
290.91
238.98
331.01
246.80
242.33
259.59
170.43
172.14
268.05
312.13
263.72
243.71
157.36
212.18
202.40
198.21
317.04
235.22
318.09
348.94
230.31
338.34
337.57
380.98
135.48
271.96
222.29
248.25
317.48
191.15
195.85
266.16
272.17
200.97
256.78
233.48
215.24
123.11
186.84
204.34
370.63
285.22
166.48
208.23
296.56
342.96
415.65
200.99
206.21
356.57
184.11
175.78
150.94
136.99
203.48
275.08
144.17
116.45
239.10
181.92
201.30
204.63
159.32
132.50
200.12
151.84
336.80
300.18
270.07
177.11
271.04
158.27
181.11
159.65
169.67
187.56
250.35
238.93
216.77
258.01
258.59
350.38
204.79
314.64
205.76
144.34
207.74
413.87
263.48
223.68
140.67
185.59
184.30
247.48
145.13
185.48
148.05
188.78
182.97
216.03
174.00
390.72
161.66
336.96
116.28
127.37
239.03
226.40
419.66
285.28
304.68
387.10
437.47
291.99
371.63
185.52
189.40
160.87
253.15
344.78
239.60
260.69
255.20
316.12
299.39
293.96
400.46
360.81
301.05
301.23
276.52
414.52
221.39
386.72
157.52
302.99
124.29
198.83
165.46
236.01
177.32
133.59
474.33
103.16
72.01
42.23
86.42
56.43
335.28
286.28
214.31
153.20
261.98
150.17
182.44
130.11
267.26
158.83
199.88
110.59
44.25
133.14
169.12
235.23
226.25
71.51
93.32
186.67
390.89
155.33
302.03
303.62
197.06
164.14
542.81
311.23
351.81
108.42
117.61
286.17
232.40
216.06
85.21
163.50
196.39
135.84
41.89
170.35
167.15
132.66
174.09
51.28
92.45
50.72
131.34
285.62
204.62
140.40
138.99
248.53
139.41
19.14
31.02
21.07
233.65
86.89
212.04
37.89
83.73
46.99
47.48
328.93
247.61
164.75
279.27
261.24
309.28
203.62
145.92
233.57
221.15
238.58
184.21
269.17
243.79
206.13
231.38
245.52
277.39
215.83
373.74
277.33
247.57
232.59
138.87
119.88
144.07
50.76
25.96
35.52
32.14
64.31
104.86
339.90
290.92
313.65
293.20
223.09
300.90
270.36
446.88
141.50
111.26
295.34
463.03
317.58
225.95
278.34
145.97
266.34
187.07
97.42
241.02
134.66
371.81
202.74
181.32
411.50
283.47
152.49
267.01
346.10
217.31
292.90
231.79
174.84
175.61
333.83
405.70
189.02
229.79
168.35
229.84
264.43
219.87
103.65
252.81
305.65
291.77
292.04
159.33
