0.013896
2.166600
0.163124
0.175556
0.178396
0.171116
0.172289
0.161651
0.161932
0.164183
0.161684
0.160968
0.186984
0.190217
0.200737
0.190258
0.184047
0.187120
0.200917
0.189767
0.182735
0.189851
0.209915
0.180765
0.188605
0.199386
0.186056
0.194541
0.193991
0.185067
0.197399
0.185300
0.186936
0.213933
0.196315
0.208705
0.206360
0.197705
0.195397
0.190182
0.187973
0.180947
0.201232
0.193939
0.182790
0.195250
0.201952
0.187090
0.198902
0.202043
0.202362
0.193113
0.188160
0.182952
0.192177
0.195479
0.198167
0.186951
0.186441
0.176468
0.185333
0.188257
0.180008
0.190304
0.187042
0.196699
0.190843
0.185468
0.185059
0.196845
0.182799
0.201051
0.187021
0.174782
0.188609
0.202673
0.209004
0.195829
0.182704
0.199512
0.198035
0.188871
0.198598
0.192816
0.188582
0.186210
0.204493
0.196029
0.192476
0.180017
0.180915
0.182837
0.187358
0.180970
0.188136
0.189781
0.195148
0.198065
0.194877
0.186169
0.197916
0.191697
0.182659
0.186538
0.187664
0.192215
0.195547
0.175915
0.178091
0.182109
0.182461
0.188382
0.183107
0.182583
0.189345
0.173002
0.170262
0.184582
0.185391
0.185188
0.187014
0.188307
0.172232
0.185427
0.185730
0.182273
0.176920
0.185707
0.178462
0.189039
0.197821
0.184183
0.198199
0.209964
0.205806
0.198354
0.199479
0.190976
0.191528
0.190687
0.194425
0.197039
0.199201
0.198688
0.197461
0.194169
0.219453
0.188509
0.196119
0.227821
0.182608
0.185380
0.191732
0.195959
0.183611
0.188414
0.210456
0.190243
0.189771
0.202899
0.180148
0.200051
0.197161
0.186589
0.172983
0.195487
0.179582
0.179403
0.179387
0.174606
0.183073
0.180564
0.173361
0.195173
0.184461
0.195349
0.186592
0.192762
0.202734
0.190794
0.182910
0.210028
0.200358
0.197184
0.200816
0.187946
0.198155
0.186014
0.192185
0.189821
0.186464
0.190424
0.182450
0.195950
0.187247
0.181641
0.187878
0.195458
0.192421
0.186538
0.182271
0.196637
0.198574
0.176428
0.177936
0.171588
0.186619
0.185092
0.178039
0.194708
0.176341
0.174860
0.171812
0.190071
0.185689
0.176185
0.191646
0.196937
0.182737
0.181948
0.196165
0.180431
0.182567
0.187723
0.172775
0.181115
0.183567
0.197165
0.193369
0.176771
0.189966
0.165038
0.170108
0.164260
0.163400
0.185051
0.177968
0.180528
0.193158
0.185467
0.165367
0.166871
0.181981
0.209115
0.185419
0.188761
0.168556
0.179945
0.165685
0.183865
0.178590
0.176038
0.181957
0.192602
0.189759
0.183562
0.172215
0.179534
0.182305
0.180665
0.200064
0.184026
0.181010
0.187168
0.207663
0.183182
0.182461
0.190295
0.201036
0.195853
0.187387
0.197839
0.186969
0.200751
0.190982
0.194410
0.181924
0.229870
0.195671
0.168769
0.185454
0.181584
0.172915
0.185126
0.214762
0.182185
0.189124
0.181444
0.199819
0.196038
0.177517
0.175509
0.171877
0.176777
0.169176
0.183297
0.174326
0.195508
0.188719
0.176907
0.176232
0.166449
0.166897
0.170105
0.177681
0.163628
0.174147
0.163409
0.176104
0.189449
0.179059
0.174555
0.183197
0.179640
0.178525
0.184536
0.166796
0.189699
0.189535
0.204880
0.197596
0.193336
0.165380
0.174093
0.170659
0.166554
0.176278
0.181339
0.174266
0.173975
0.187853
0.204243
0.194587
0.200843
0.192720
0.180078
0.184587
0.176692
0.177898
0.169215
0.175681
0.165644
0.165108
0.164104
0.170202
0.175149
0.166831
0.189647
0.170817
0.181228
0.191654
0.179279
0.187050
0.183423
0.193083
0.196079
0.180360
0.175125
0.173917
0.163710
0.167518
0.178986
0.173131
0.174781
0.166060
0.167612
0.169866
0.166824
0.165186
0.180894
0.168139
0.187323
0.164480
0.175770
0.177665
0.181775
0.166329
0.164777
0.165084
0.177247
0.176366
0.166622
0.168093
0.182970
0.172930
0.165235
0.139704
0.174271
0.151996
0.153190
0.153541
0.170671
0.157872
0.156917
0.159821
0.162775
0.174830
0.164336
0.162394
0.164854
0.177413
0.183440
0.174210
0.179555
0.178096
0.181902
0.165711
0.163778
0.166399
0.178630
0.180743
0.168297
0.184607
0.173579
0.166289
0.175867
0.167826
0.175173
0.167612
0.186100
0.190511
0.189320
0.176683
0.175092
0.172266
0.178600
0.181602
0.172964
0.172900
0.182987
0.191839
0.180810
0.191105
0.195215
0.180245
0.184663
0.171741
0.169558
0.171747
0.165342
0.190933
0.176746
0.176305
0.189886
0.174288
0.184498
0.164646
0.199017
0.194030
0.200012
0.177246
0.167372
0.177237
0.186782
0.195386
0.196048
0.192059
0.182823
0.174747
0.173897
0.180512
0.193073
0.187032
0.193890
0.167984
0.191888
0.178135
0.183508
0.183486
0.184966
0.208205
0.182871
0.174999
0.187925
0.191479
0.190487
0.176191
0.174064
0.167560
0.166371
0.166296
0.176520
0.167104
0.181909
0.187483
0.164406
0.170968
0.176372
0.189004
0.171136
0.165514
0.165414
0.166048
0.166014
0.166396
0.167079
0.165165
0.166043
0.175179
0.171164
0.175988
0.167827
0.179556
0.176487
0.174111
0.172941
0.172679
0.188793
0.174083
0.169850
0.165476
0.164370
0.173990
0.171713
0.165468
0.175388
0.172815
0.165411
0.174870
0.175646
0.164353
0.163903
0.169112
0.163272
0.168640
0.170594
0.162322
0.174033
0.165796
0.163146
0.188784
0.192702
0.194062
0.193844
0.195697
0.172302
0.178241
0.189627
0.183579
0.176054
0.172206
0.172215
0.182985
0.202735
0.180944
0.171469
0.166562
0.165541
0.165770
0.164111
0.175015
0.175644
0.179680
0.172369
0.179554
0.174281
0.172428
0.164982
0.166263
0.166503
0.175150
0.169721
0.165068
0.162990
0.162950
0.163647
0.167114
0.176550
0.176149
0.186486
0.194526
0.187532
0.178615
0.178111
0.172050
0.171671
0.189817
0.181709
0.179957
0.189894
0.182440
0.194973
0.193175
0.162580
0.178002
0.182570
0.172358
0.169184
0.175949
0.164355
0.169753
0.177789
0.171237
0.174470
0.172620
0.178309
0.176412
0.178914
0.176894
0.171040
0.191490
0.185728
0.166621
0.180573
0.169152
0.173950
0.168489
0.170755
0.170967
0.174597
0.163889
0.165588
0.162124
0.170105
0.165075
0.173047
0.166622
0.168261
0.163491
0.170294
0.175582
0.166544
0.164160
0.164654
0.168604
0.170003
0.164528
0.190912
0.180564
0.183795
0.187670
0.190282
0.185742
0.199695
0.183746
0.183744
0.190496
0.208623
0.181558
0.167822
0.168058
0.170643
0.169772
0.168300
0.174866
0.178511
0.164158
0.179424
0.186541
0.173116
0.176705
0.174167
0.165508
0.165101
0.167995
0.167308
0.176331
0.166968
0.166004
0.165818
0.167771
0.166852
0.165105
0.162765
0.174012
0.167053
0.170365
0.172465
0.180315
0.169940
0.165273
0.163320
0.176353
0.172582
0.163807
0.165824
0.165214
0.184380
0.163648
0.151259
0.131927
0.190887
0.177523
0.160024
0.158650
0.155467
0.149909
0.158753
0.150903
0.164708
0.165757
0.166845
0.163463
0.164183
0.175384
0.164500
0.166171
0.177408
0.176425
0.171468
0.179829
0.173294
0.169960
0.166373
0.170409
0.164047
0.169992
0.168728
0.166527
0.164240
0.177952
0.167682
0.137938
0.144203
0.141487
0.150143
0.139788
0.150230
0.157140
0.160736
0.146655
0.147821
0.157425
0.151663
0.165645
0.166312
0.183829
0.165629
0.165597
0.176543
0.174634
0.188669
0.185302
0.169632
0.183112
0.190779
0.178689
0.176185
0.164531
0.166560
0.177003
0.172386
0.166415
0.182775
0.170412
0.165858
0.170305
0.162411
0.165249
0.161585
0.166648
0.162115
0.161743
0.163062
0.165340
0.162122
0.163257
0.169438
0.162608
0.162251
0.165612
0.171313
0.170874
0.176005
0.165583
0.179092
0.170316
0.175522
0.163213
0.163789
0.163712
0.168971
0.170470
0.172993
0.175766
0.175095
0.178160
0.168540
0.166485
0.176995
0.176200
0.179637
0.169707
0.172741
0.173629
0.169092
0.175002
0.175165
0.175430
0.167515
0.169816
0.179194
0.174410
0.167771
0.171449
0.162593
0.163034
0.162477
0.161509
0.162171
0.181883
0.184618
0.188124
0.191351
0.182174
0.176729
0.168952
0.184588
0.180166
0.205821
0.230130
0.187887
0.173398
0.177252
0.171260
0.171294
0.171000
0.172020
0.158976
0.151298
0.173182
0.168881
0.173304
0.186226
0.187570
0.187929
0.239422
0.175508
0.164870
0.165998
0.165180
0.175059
0.211169
0.186931
0.173448
0.158731
0.147207
0.146840
0.152596
0.151128
0.164792
0.164012
0.164041
0.182695
0.182405
0.176477
0.157264
0.147555
0.149625
0.163779
0.174876
0.164863
0.180881
0.197092
0.197512
0.162069
0.184955
0.202317
0.175409
0.167877
0.166576
0.199360
0.159464
0.173857
0.188519
0.183978
0.183884
0.178039
0.174036
0.188334
0.225727
0.210378
0.205302
0.173871
0.183592
0.165672
0.182604
0.172171
0.164551
0.170011
0.166391
0.208098
0.191052
0.176768
0.176335
0.182439
0.177110
0.172637
0.173807
0.188798
0.172008
0.170455
0.173005
0.172314
0.172655
0.171119
0.177745
0.178008
0.171108
0.169878
0.171925
0.175790
0.171980
0.172970
0.170581
0.174878
0.178935
0.168918
0.179368
0.176312
0.186584
0.185292
0.206620
0.180748
0.172440
0.176720
0.194492
0.174629
0.174785
0.179585
0.189313
0.167384
0.172390
0.187938
0.187108
0.184432
0.173657
0.200179
0.175709
0.169204
0.170379
0.181239
0.169292
0.168461
0.172688
0.173014
0.166525
0.164343
0.171600
0.171534
0.178478
0.164600
0.171095
0.168499
0.188110
0.188153
0.163880
0.173454
0.165953
0.175577
0.166263
0.173797
0.173387
0.170327
0.182137
0.178842
0.167710
0.198344
0.182005
0.171309
0.175128
0.167980
0.167784
0.169471
0.166245
0.167362
0.174742
0.176294
0.178763
0.185743
0.188128
0.178529
0.186068
0.167462
0.189656
0.163334
0.171666
0.179487
0.181812
0.167583
0.167877
0.167202
0.165773
0.174629
0.164593
0.170255
0.184435
0.167995
0.173527
0.165686
0.172292
0.176790
0.176548
0.176136
0.173497
0.179591
0.165468
0.164543
0.166154
0.164320
0.182434
0.183246
0.181226
0.175999
0.173234
0.170415
0.174509
0.166891
0.169199
0.179888
0.175598
0.181582
0.187657
0.167480
0.177813
0.170369
0.169844
0.177358
0.177158
0.168943
0.181446
0.181435
0.178046
0.172583
0.172392
0.167971
0.173274
0.214237
0.165235
0.172365
0.177303
0.176505
0.178928
0.182552
0.175324
0.178094
0.173812
0.172410
0.169181
0.172979
0.189525
0.176180
0.174961
0.179715
0.183554
0.180389
0.179069
0.183656
0.186313
0.188511
0.174123
0.173556
0.172498
0.179269
0.178495
0.167700
0.165620
0.166591
0.169107
0.185370
0.165678
0.165987
0.165299
0.165294
0.164288
0.164873
0.179298
0.165224
0.173317
0.170071
0.168602
0.164013
0.169543
0.172184
0.173488
0.175007
0.164952
0.168973
0.164649
0.163746
0.166118
0.165529
0.165898
0.171251
0.163895
0.171526
0.170299
0.164815
0.162101
0.174071
0.167940
0.167360
0.177376
0.166152
0.183193
0.177598
0.165204
0.173422
0.167644
0.168100
0.176787
0.183132
0.167386
0.165176
0.176357
0.171410
0.172852
0.172178
0.177173
0.169007
0.171659
0.169205
0.168378
0.168838
0.166514
0.169771
0.165568
0.165592
0.167597
0.167887
0.170768
0.166354
0.184443
0.180830
0.163176
0.162407
0.156085
0.167012
0.167225
0.166980
0.174539
0.156673
0.164526
0.161030
0.162383
0.165920
0.178172
0.162555
0.180326
0.174997
0.169888
0.167988
0.186142
0.175445
0.176128
0.174722
0.185125
0.173002
0.176299
0.171799
0.174292
0.181416
0.184135
0.165864
0.164927
0.174564
0.186801
0.166566
0.167466
0.167970
0.168541
0.174631
0.167509
0.174133
0.169174
0.181163
0.169868
0.173316
0.174226
0.180251
0.174906
0.176911
0.169865
0.170060
0.191748
0.179043
0.174453
0.170142
0.180675
0.164952
0.187136
0.183930
0.181787
0.171967
0.180430
0.173298
0.169230
0.169406
0.163457
0.168227
0.190540
0.196787
0.166874
0.200968
0.187099
0.172596
0.175601
0.175645
0.170125
0.184097
0.176883
0.166697
0.192894
0.167293
0.181723
0.169833
0.178226
0.176290
0.166858
0.186030
0.167117
0.169252
0.166593
0.164791
0.164554
0.163717
0.168512
0.164956
0.179030
0.164375
0.174228
0.176634
0.188179
0.175760
0.167361
0.182489
0.164058
0.172724
0.166036
0.173486
0.163029
0.185756
0.167838
0.163194
0.167956
0.166504
0.166499
0.175724
0.179982
0.168257
0.169916
0.172310
0.179906
0.175502
0.174462
0.176894
0.166116
0.164922
0.164640
0.169600
0.164778
0.169121
0.149813
0.157121
0.170242
0.176854
0.159741
0.165411
0.177732
0.159338
0.159297
0.173745
0.166605
0.164675
0.170331
0.183078
0.192604
0.169679
0.180954
0.184738
0.207873
0.187731
0.178362
0.163866
0.166851
0.165096
0.180429
0.165009
0.169228
0.171716
0.172436
0.170421
0.165337
0.169095
0.166490
0.167708
0.172265
0.176527
0.169736
0.180288
0.168803
0.173077
0.165195
0.177388
0.165948
0.173635
0.175796
0.167361
0.172709
0.168432
0.167769
0.175465
0.165465
0.162701
0.178745
0.172571
0.165105
0.174379
0.166725
0.169401
0.164354
0.163990
0.175774
0.166267
0.167496
0.169343
0.178650
0.181033
0.164826
0.177786
0.174740
0.186927
0.176746
0.164832
0.166300
0.178219
0.170878
0.170613
0.166156
0.165262
0.175820
0.163965
0.166562
0.171423
0.171652
0.177970
0.190981
0.174821
0.177994
0.172343
0.176171
0.171095
0.196410
0.178206
0.172589
0.171248
0.170267
0.185661
0.183790
0.176264
0.183081
0.175840
0.204202
0.178113
0.172244
0.167526
0.164505
0.175305
0.179947
0.188151
0.186233
0.174720
0.172610
0.165737
0.172700
0.171365
0.177420
0.171144
0.163548
0.173195
0.169796
0.171441
0.170269
0.166023
0.164033
0.168225
0.180241
0.175678
0.174245
0.182376
0.187699
0.171523
0.187960
0.174632
0.173070
0.197612
0.179125
0.170635
0.182681
0.167612
0.175103
0.171869
0.178313
0.198351
0.170155
0.164953
0.184586
0.174917
0.169960
0.173866
0.165784
0.172076
0.188588
0.172142
0.170531
0.170478
0.169027
0.167840
0.169006
0.184549
0.192262
0.187812
0.166793
0.175793
0.166164
0.179057
0.171823
0.169219
0.168223
0.181728
0.169005
0.172072
0.174891
0.167813
0.168068
0.169166
0.179487
0.165414
0.175108
0.174295
0.168828
0.176653
0.167200
0.177032
0.168556
0.167344
0.169494
0.170994
0.173659
0.173992
0.170558
0.168097
0.189305
0.191504
0.181131
0.172147
0.173859
0.173032
0.182348
0.173032
0.203087
0.169856
0.167152
0.187756
0.222271
0.171260
0.171826
0.173280
0.176029
0.168103
0.171518
0.192841
0.182416
0.176638
0.176823
0.164865
0.171195
0.174337
0.189561
0.173934
0.172587
0.192115
0.174853
0.191060
0.173992
0.196952
0.180410
0.180747
0.166473
0.174976
0.166961
0.174448
0.168777
0.177394
0.163818
0.173431
0.175335
0.175560
0.168609
0.168736
0.183136
0.180604
0.187051
0.167316
0.168289
0.173960
0.168614
0.170046
0.166026
0.166269
0.166095
0.169127
0.186351
0.174079
0.196409
0.164325
0.170065
0.166194
0.174495
0.162861
0.162985
0.167729
0.165736
0.176585
0.168231
0.164974
0.175010
0.165079
0.169809
0.166801
0.174804
0.169489
0.167142
0.166496
0.168657
0.178319
0.170131
0.172281
0.176388
0.169192
0.166536
0.167446
0.145389
0.161382
0.158622
0.152976
0.168380
0.164510
0.180132
0.167991
0.167973
0.176242
0.167612
0.167822
0.166452
0.167429
0.183757
0.184157
0.171480
0.164820
0.177682
0.182435
0.187335
0.177731
0.183856
0.193866
0.167054
0.177995
0.196079
0.179737
0.189341
0.183104
0.183745
0.179298
0.167328
0.170855
0.192500
0.178514
0.167089
0.168146
0.167250
0.185302
0.187729
0.169666
0.173344
0.172137
0.178422
0.182005
0.178342
0.166644
0.166139
0.170115
0.173002
0.190347
0.181071
0.190056
0.193760
0.195529
0.164891
0.175704
0.165551
0.172563
0.171076
0.174481
0.170886
0.184771
0.173226
0.178434
0.167169
0.187939
0.189389
0.164992
0.170827
0.181196
0.164310
0.163966
0.163922
0.166361
0.178931
0.167878
0.187365
0.164575
0.164221
0.170954
0.164311
0.171897
0.182639
0.173255
0.189664
0.186990
0.201502
0.166651
0.183642
0.176080
0.171444
0.176030
0.174662
0.195750
0.178015
0.177797
0.167414
0.169253
0.168255
0.168712
0.167379
0.165121
0.169579
0.171419
0.167657
0.177903
0.166306
0.181990
0.175122
0.177589
0.163413
0.171755
0.164080
0.177981
0.176656
0.189470
0.180333
0.173792
0.178522
0.184244
0.188330
0.183608
0.171556
0.177479
0.165954
0.173529
0.179232
0.173756
0.173579
0.200892
0.182209
0.164423
0.165734
0.170351
0.170801
0.165237
0.166164
0.176184
0.166084
0.170593
0.174536
0.170129
0.171631
0.166157
0.178572
0.171250
0.173379
0.168649
0.171530
0.167065
0.169772
0.166815
0.166158
0.175409
0.181055
0.185396
0.183977
0.168376
0.179249
0.176434
0.174039
0.167979
0.175429
0.183200
0.178593
0.173654
0.167317
0.162036
0.173889
0.163020
0.163914
0.164134
0.186905
0.179474
0.172318
0.180273
0.180523
0.168842
0.171571
0.186983
0.178484
0.188069
0.182823
0.167490
0.166805
0.165786
0.164083
0.165469
0.175550
0.169462
0.176331
0.186725
0.169024
0.171280
0.176747
0.200184
0.165462
0.176645
0.170990
0.177669
0.175924
0.173121
0.168768
0.170143
0.197641
0.209880
0.208015
0.173956
0.184268
0.169137
0.169270
0.169971
0.170210
0.176451
0.170589
0.168499
0.169323
0.171110
0.174719
0.173885
0.174544
0.171432
0.167844
0.171200
0.170118
0.173095
0.173283
0.169431
0.211389
0.169475
0.190987
0.175311
0.170771
0.172230
0.172131
0.176128
0.170370
0.187051
0.174525
0.178299
0.173030
0.174467
0.175607
0.171929
0.174596
0.181995
0.176297
0.186397
0.202036
0.184016
0.174416
0.170805
0.182904
0.164282
0.175452
0.165168
0.167165
0.177397
0.188432
0.182531
0.169070
0.169605
0.171068
0.214474
0.167061
0.165082
0.179186
0.180429
0.176674
0.169958
0.187195
0.170235
0.170017
0.171451
0.170506
0.186596
0.175525
0.175658
0.172513
0.171201
0.174110
0.164225
0.172199
0.165354
0.166876
0.174237
0.177352
0.164904
0.171288
0.167749
0.165437
0.186385
0.185229
0.167153
0.171754
0.188588
0.172455
0.165557
0.166017
0.188715
0.175065
0.167427
0.172510
0.171563
0.174742
0.188769
0.174232
0.175890
0.174793
0.176823
0.169168
0.181231
0.181654
0.170460
0.170281
0.183564
0.176384
0.178607
0.171943
0.171529
0.174500
0.165759
0.168198
0.167573
0.166511
0.166580
0.164968
0.186742
0.177505
0.174544
0.178535
0.174832
0.177763
0.173172
0.166896
0.167118
0.168971
0.175090
0.166345
0.172443
0.168545
0.171663
0.181339
0.168587
0.166229
0.168548
0.167500
0.180514
0.172347
0.167512
0.174478
0.175844
0.175706
0.184094
0.164133
0.165726
0.171544
0.162911
0.177865
0.179992
0.183393
0.185035
0.166774
0.172546
0.168533
0.187920
0.168156
0.181061
0.179008
0.185406
0.174841
0.165988
0.166372
0.189798
0.185522
0.179292
0.179057
0.187115
0.177394
0.193237
0.173611
0.177492
0.163077
0.197116
0.182317
0.191231
0.191873
0.199467
0.180558
0.186450
0.178580
0.175009
0.182773
0.200657
0.179719
0.172701
0.181263
0.174507
0.168073
0.172822
0.177229
0.181576
0.167738
0.173598
0.182246
0.165137
0.186602
0.182882
0.168548
0.164810
0.177459
0.181555
0.167680
0.165044
0.165659
0.165663
0.163180
0.162546
0.173590
0.171791
0.166443
0.169345
0.169873
0.170759
0.165276
0.183277
0.167813
0.164310
0.185144
0.174525
0.167109
0.172013
0.180069
0.162887
0.164679
0.171039
0.164354
0.165487
0.179221
0.166824
0.180452
0.172133
0.166574
0.167349
0.175824
0.170539
0.175600
0.166798
0.164949
0.172669
0.169329
0.165578
0.169992
0.176842
0.171546
0.163779
0.165151
0.168282
0.167875
0.171227
0.166023
0.164665
0.167751
0.165327
0.174464
0.167177
0.172987
0.174306
0.163452
0.174818
0.173437
0.176579
0.175209
0.175009
0.169621
0.182858
0.168213
0.178097
0.169174
0.171780
0.175795
0.178561
0.177553
0.170413
0.174121
0.175310
0.177267
0.181165
0.173850
0.163704
0.166493
0.168390
0.172370
0.185712
0.173436
0.166086
0.173086
0.172863
0.184073
0.167977
0.167470
0.168504
0.168459
0.167514
0.175482
0.171474
0.170703
0.175557
0.175475
0.185653
0.175290
0.174730
0.166954
0.168163
0.175747
0.164946
0.175439
0.177155
0.180613
0.185659
0.177798
0.195720
0.173621
0.172477
0.166092
0.166606
0.169036
0.174010
0.176383
0.198619
0.165526
0.165164
0.172927
0.174433
0.167687
0.165658
0.168945
0.166743
0.170136
0.172612
0.163788
0.172905
0.172840
0.163727
0.173942
0.169140
0.170885
0.170144
0.165345
0.173509
0.175789
0.167170
0.182106
0.175244
0.186887
0.176258
0.183818
0.178168
0.171357
0.165973
0.180505
0.174051
0.168277
0.180918
0.166642
0.177471
0.165352
0.171652
0.166005
0.165984
0.170081
0.170262
0.167197
0.180596
0.172731
0.175874
0.171532
0.165540
0.181863
0.170772
0.166341
0.166780
0.164511
0.170333
0.186756
0.166797
0.181186
0.168306
0.168227
0.168796
0.165291
0.169092
0.165000
0.165750
0.180012
0.164572
0.175315
0.166236
0.165361
0.168039
0.175259
0.169931
0.199085
0.177852
0.179497
0.180929
0.191760
0.170628
0.165977
0.167041
0.172853
0.171727
0.175736
0.167718
0.170379
0.168055
0.167650
0.178005
0.166611
0.175259
0.172279
0.185939
0.176409
0.190905
0.178338
0.176555
0.180917
0.185110
0.181340
0.166193
0.179842
0.170948
0.166294
0.173358
0.166632
0.166637
0.172066
0.176005
0.190585
0.188614
0.171855
0.169837
0.169887
0.166528
0.168609
0.167413
0.175784
0.171685
0.171765
0.183156
0.173425
0.175130
0.172042
0.172002
0.174792
0.172222
0.175569
0.167018
0.184485
0.169825
0.179408
0.168618
0.178724
0.172235
0.180150
0.173185
0.185080
0.167365
0.210008
0.166939
0.175606
0.192289
0.182228
0.173496
0.179329
0.183001
0.185019
0.185338
0.164884
0.179107
0.211214
0.205684
0.182538
0.175097
0.166437
0.182958
0.176411
0.168614
0.175363
0.165570
0.169498
0.168881
0.167710
0.168902
0.164628
0.173355
0.173411
0.172938
0.166626
0.170955
0.167793
0.165509
0.164384
0.164927
0.171137
0.166139
0.165732
0.162793
0.164752
0.182787
0.176634
0.199206
0.183890
0.170762
0.166861
0.164914
0.172539
0.178659
0.172599
0.164198
0.163970
0.164496
0.167081
0.167457
0.176006
0.166633
0.180557
0.166643
0.170128
0.169647
0.171368
0.172214
0.174288
0.174514
0.166321
0.170141
0.169233
0.170170
0.167171
0.167459
0.165850
0.166864
0.169733
0.178333
0.178041
0.165256
0.168620
0.174837
0.174438
0.167048
0.169250
0.175685
0.166292
0.163059
0.181831
0.166655
0.165395
0.178287
0.166035
0.175499
0.164646
0.164208
0.183383
0.169828
0.196290
0.192820
0.178178
0.182765
0.170913
0.176930
0.181587
0.178579
0.180478
0.187715
0.167968
0.172202
0.172877
0.167541
0.182795
0.168759
0.172670
0.175758
0.176249
0.175432
0.203747
0.168531
0.172184
0.169489
0.171855
0.167965
0.170797
0.169606
0.180379
0.166001
0.165149
0.165333
0.166646
0.168441
0.175262
0.175344
0.167634
0.173187
0.165388
0.172173
0.166957
0.189493
0.166566
0.190548
0.174209
0.175454
0.169279
0.166042
0.174314
0.165545
0.168493
0.166028
0.170085
0.174459
0.184183
0.178684
0.175624
0.167831
0.167139
0.178289
0.203185
0.168525
0.168045
0.174775
0.167754
0.168139
0.178327
0.166934
0.168558
0.167344
0.167766
0.166678
0.170241
0.166920
0.183928
0.176620
0.174120
0.179358
0.167624
0.168700
0.188943
0.169123
0.172856
0.171882
0.167042
0.176643
0.170932
0.166789
0.174891
0.167445
0.169260
0.166580
0.178075
0.169018
0.167373
0.183458
0.178397
0.177736
0.173632
0.168507
0.177768
0.168629
0.177345
0.201057
0.166692
0.177326
0.176505
0.167649
0.188255
0.177538
0.180229
0.179471
0.183230
0.174040
0.181889
0.188376
0.172259
0.184536
0.181738
0.182798
0.177311
0.169109
0.178036
0.170168
0.188384
0.170298
0.178904
0.172682
0.168555
0.176802
0.170414
0.179736
0.167508
0.178063
0.167773
0.178696
0.173762
0.172274
0.179415
0.175244
0.191618
0.172660
0.184998
0.190150
0.167801
0.183197
0.167193
0.178853
0.171404
0.175085
0.190151
0.202709
0.176647
0.193364
0.179733
0.192534
0.173441
0.173889
0.182660
0.181265
0.169897
0.180173
0.180160
0.175193
0.183726
0.168875
0.179325
0.174527
0.174119
0.190060
0.173033
0.175974
0.177643
0.247402
0.207319
0.179981
0.183377
0.178887
0.202598
0.177412
0.188084
0.187634
0.191717
0.172328
0.171423
0.193879
0.207069
0.171936
0.183424
0.167657
0.187039
0.174013
0.175674
0.182634
0.170988
0.178675
0.171495
0.186199
0.175339
0.168655
0.184215
0.173801
0.174608
0.175776
0.181658
0.180994
0.171367
0.202905
0.192478
0.178334
0.176021
0.173334
0.177973
0.172657
0.179360
0.178975
0.202821
0.208071
0.174036
0.177570
0.167932
0.189620
0.177046
0.170713
0.193794
0.172828
0.193679
0.171257
0.196850
0.172212
0.182226
0.171122
0.173112
0.181065
0.169800
0.199077
0.172438
0.200839
0.201046
0.184299
0.198169
0.174129
0.201962
0.173141
0.171668
0.184183
0.172306
0.201921
0.179601
0.182210
0.183755
0.170150
0.190488
0.169005
0.187107
0.228889
0.176387
0.172910
0.330936
0.199930
0.176197
0.171341
0.168348
0.175829
0.173792
0.185404
0.168475
0.177832
0.168075
0.169119
0.186979
0.166535
0.178100
0.176024
0.170721
0.191220
0.180145
0.181157
0.165359
0.178358
0.171573
0.172062
0.182558
0.169687
0.182468
0.170697
0.184034
0.179218
0.171834
0.190459
0.182383
0.184583
0.170125
0.198858
0.175417
0.192840
0.187320
0.179024
0.182006
0.177179
0.187246
0.171586
0.169104
0.174039
0.168954
0.184103
0.179124
0.195211
0.166833
0.170395
0.178286
0.167858
0.180813
0.175345
0.171264
0.169938
0.181535
0.185357
0.192129
0.196397
0.178075
0.187432
0.195159
0.192312
0.186463
0.178219
0.183029
0.192241
0.209352
0.171607
0.194094
0.185843
0.170340
0.171530
0.188420
0.174263
0.191565
0.175484
0.207619
0.189736
0.184314
0.185511
0.185497
0.196377
0.178002
0.192704
0.170941
0.186636
0.189994
0.184429
0.175050
0.180723
0.172935
0.179933
0.197316
0.176646
0.184312
0.171297
0.181814
0.170471
0.176554
0.178418
0.175733
0.185421
0.175210
0.213253
0.175078
0.184544
0.170423
0.189880
0.170288
0.192857
0.179993
0.178297
0.185462
0.180424
0.204139
0.197028
0.173343
0.172214
0.175129
0.189778
0.177319
0.181089
0.167919
0.179592
0.168747
0.202296
0.175088
0.183304
0.173451
0.178383
0.167556
0.184499
0.198312
0.175824
0.190311
0.185100
0.181639
0.175162
0.207823
0.183081
0.179571
0.171103
0.183598
0.186139
0.188651
0.171176
0.186995
0.176735
0.184570
0.190943
0.174437
0.176483
0.170694
0.178295
0.200080
0.181960
0.187296
0.177405
0.176772
0.173858
0.173153
0.184216
0.188170
0.184545
0.179034
0.192669
0.179370
0.175280
0.196630
0.172776
0.188089
0.197017
0.172200
0.177095
0.192721
0.200715
0.177626
0.171096
0.177598
0.178927
0.191164
0.181095
0.188591
0.183491
0.177758
0.177945
0.169407
0.187999
0.178318
0.184610
0.194032
0.174968
0.176606
0.169839
0.191633
0.177539
0.203934
0.180431
0.167182
0.172173
0.183225
0.172356
0.179766
0.186566
0.169595
0.189363
0.169106
0.192893
0.185009
0.191534
0.179204
0.195946
0.197837
0.186535
0.185187
0.201856
0.189105
0.177602
0.185105
0.185475
0.178366
0.179853
0.170518
0.176462
0.189286
0.179766
0.182137
0.179339
0.168567
0.169887
0.182148
0.172438
0.192183
0.180640
0.173817
0.198238
0.184011
0.179414
0.195253
0.181397
0.192590
0.179597
0.170187
0.180028
0.192713
0.184092
0.183767
0.178770
0.168544
0.178687
0.173223
0.186284
0.180218
0.181776
0.183558
0.179889
0.187537
0.203308
0.187722
0.170829
0.203254
0.169407
0.174263
0.178643
0.183765
0.192873
0.181776
0.189990
0.173986
0.186617
0.170736
0.179190
0.178870
0.171098
0.191285
0.191102
0.189044
0.183523
0.170866
0.185891
0.174051
0.183895
0.172218
0.176753
0.183439
0.191993
0.177506
0.193352
0.196007
0.193639
0.180952
0.186694
0.172424
0.183174
0.168296
0.167062
0.187998
0.193933
0.180774
0.171182
0.177541
0.195041
0.198767
0.168668
0.178323
0.169758
0.178357
0.175228
0.168803
0.187098
0.176710
0.187287
0.168952
0.178955
0.181672
0.185767
0.173916
0.169033
0.183607
0.176506
0.189139
0.178216
0.181540
0.179287
0.178207
0.179172
0.176905
0.192667
0.194374
0.168619
0.182152
0.174761
0.173191
0.189224
0.192494
0.187469
0.184237
0.182486
0.179497
0.174108
0.179199
0.198079
0.166917
0.171288
0.165650
0.175339
0.173422
0.170515
0.184092
0.180654
0.165395
0.171981
0.168548
0.188524
0.174206
0.179540
0.172245
0.169035
0.170022
0.164641
0.164983
0.183881
0.173499
0.163392
0.171195
0.174136
0.175676
0.165143
0.164925
0.168303
0.173672
0.184343
0.172300
0.165889
0.176195
0.179319
0.166544
0.174437
0.164049
0.171348
0.171510
0.178181
0.182794
0.168175
0.166158
0.172039
0.174865
0.175470
0.169858
0.170108
0.166930
0.170381
0.165602
0.165655
0.173271
0.167775
0.166983
0.166184
0.169391
0.187254
0.176700
0.180992
0.164211
0.177055
0.175367
0.178244
0.173931
0.165827
0.183143
