0.00
0.97
0.96
0.95
0.92
0.92
0.92
0.93
0.92
0.93
0.92
0.92
0.91
0.91
0.89
0.87
0.89
0.89
0.90
0.91
0.92
0.92
0.92
0.93
0.93
0.92
0.93
0.94
0.94
0.94
0.94
0.94
0.94
0.94
0.94
0.94
0.94
0.94
0.94
0.94
0.94
0.94
0.94
0.94
0.94
0.94
0.94
0.94
0.94
0.93
0.94
0.94
0.94
0.94
0.94
0.95
0.94
0.94
0.94
0.94
0.94
0.92
0.94
0.93
0.93
0.93
0.93
0.93
0.92
0.94
0.93
0.94
0.95
0.93
0.93
0.93
0.92
0.91
0.91
0.91
0.93
0.93
0.92
0.92
0.92
0.92
0.91
0.92
0.91
0.92
0.93
0.92
0.92
0.92
0.91
0.91
0.90
0.92
0.91
0.90
0.91
0.91
0.91
0.91
0.91
0.91
0.90
0.91
0.91
0.91
0.90
0.91
0.91
0.90
0.91
0.91
0.92
0.91
0.91
0.88
0.90
0.89
0.91
0.85
0.89
0.91
0.89
0.91
0.85
0.90
0.90
0.90
0.89
0.90
0.88
0.90
0.89
0.85
0.89
0.91
0.91
0.91
0.92
0.91
0.91
0.91
0.91
0.91
0.92
0.91
0.92
0.91
0.91
0.91
0.92
0.90
0.90
0.90
0.89
0.91
0.89
0.92
0.90
0.90
0.90
0.91
0.91
0.91
0.89
0.89
0.91
0.90
0.91
0.91
0.91
0.89
0.93
0.90
0.92
0.92
0.91
0.92
0.90
0.93
0.91
0.92
0.93
0.92
0.93
0.93
0.92
0.92
0.92
0.92
0.92
0.92
0.92
0.92
0.92
0.92
0.91
0.90
0.90
0.91
0.91
0.90
0.87
0.88
0.87
0.83
0.85
0.84
0.84
0.85
0.82
0.84
0.84
0.90
0.80
0.80
0.88
0.86
0.90
0.78
0.85
0.74
0.73
0.82
0.76
0.75
0.68
0.73
0.62
0.74
0.82
0.79
0.82
0.82
0.87
0.85
0.87
0.85
0.88
0.91
0.88
0.88
0.88
0.90
0.90
0.89
0.88
0.88
0.89
0.89
0.85
0.87
0.89
0.89
0.84
0.87
0.88
0.88
0.88
0.88
0.84
0.86
0.87
0.87
0.86
0.80
0.88
0.87
0.81
0.83
0.83
0.83
0.63
0.66
0.83
0.84
0.79
0.73
0.72
0.75
0.79
0.78
0.75
0.79
0.73
0.75
0.79
0.80
0.79
0.85
0.87
0.81
0.85
0.87
0.86
0.91
0.92
0.90
0.91
0.92
0.90
0.88
0.93
0.91
0.93
0.91
0.89
0.94
0.94
0.94
0.94
0.94
0.94
0.95
0.94
0.95
0.95
0.94
0.95
0.94
0.94
0.95
0.95
0.95
0.95
0.92
0.93
0.93
0.94
0.94
0.92
0.93
0.92
0.91
0.93
0.94
0.93
0.92
0.92
0.92
0.86
0.89
0.87
0.85
0.83
0.86
0.82
0.54
0.72
0.83
0.86
0.42
0.88
0.84
0.84
0.88
0.86
0.53
0.67
0.60
0.22
0.44
0.63
0.29
0.38
0.50
0.35
0.40
0.45
0.51
0.39
0.48
0.52
0.33
0.35
0.41
0.42
0.22
0.61
0.29
0.45
0.33
0.26
0.34
0.35
0.20
0.16
0.21
0.42
0.20
0.40
0.11
0.57
0.15
0.21
0.12
0.55
0.15
0.24
0.29
0.27
0.19
0.30
0.28
0.38
0.35
0.07
0.27
0.29
0.51
0.06
0.21
0.28
0.31
0.20
0.48
0.34
0.28
0.31
0.39
0.11
0.38
0.18
0.44
0.08
0.36
0.23
0.37
0.12
0.23
0.17
0.49
0.10
0.27
0.28
0.33
0.16
0.45
0.10
0.29
0.48
0.11
0.30
0.43
0.23
0.27
0.22
0.48
0.08
0.30
0.15
0.19
0.52
0.09
0.23
0.13
0.27
0.21
0.21
0.34
0.37
0.37
0.34
0.20
0.28
0.22
0.24
0.35
0.23
0.08
0.17
0.29
0.10
0.14
0.12
0.20
0.47
0.21
0.59
0.21
0.29
0.41
0.32
0.18
0.24
0.22
0.40
0.35
0.35
0.22
0.25
0.35
0.32
0.53
0.53
0.54
0.41
0.49
0.48
0.34
0.32
0.18
0.35
0.48
0.37
0.40
0.45
0.39
0.13
0.32
0.21
0.17
0.29
0.18
0.36
0.41
0.37
0.29
0.35
0.23
0.40
0.31
0.21
0.32
0.13
0.47
0.28
0.33
0.21
0.30
0.24
0.24
0.22
0.47
0.30
0.26
0.09
0.07
0.02
0.26
0.28
0.32
0.18
0.26
0.71
0.32
0.36
0.24
0.27
0.29
0.36
0.48
0.25
0.18
0.25
0.31
0.22
0.27
0.18
