0.129989
0.513833
0.662711
0.666462
0.688182
0.614676
0.558861
0.447494
0.636635
0.661122
0.645445
0.679368
0.629728
0.661685
0.647385
0.664289
0.680015
0.652521
0.713133
0.714530
0.649489
0.715927
0.720958
0.694891
0.651699
0.635681
0.640005
0.651327
0.680809
0.650472
0.645225
0.643677
0.501481
0.625521
0.652349
0.655428
0.635368
0.892085
0.708194
0.480264
0.629956
0.623211
0.653549
0.665128
0.652567
0.820546
0.423901
0.670808
0.442819
0.692649
0.709554
0.898578
0.669966
0.606090
0.622805
0.596966
0.492608
0.701627
0.665627
0.634152
0.634421
0.638349
0.642898
0.671649
0.620082
0.657437
0.643032
0.638010
0.666862
0.653338
0.824603
0.651848
0.662489
0.627564
0.702264
0.765420
0.643389
0.666078
0.854372
0.651761
0.652543
0.621857
0.641525
0.680979
0.696449
0.641105
0.481115
0.607510
0.676664
0.626830
0.851638
0.766672
0.683819
0.637736
0.635217
0.636214
0.819257
0.653010
0.686250
0.671275
0.675678
0.676958
0.660553
0.760025
0.664644
0.447896
0.689181
0.503001
0.633295
0.618932
0.647041
0.630991
0.668396
0.688703
0.636998
0.632549
0.631761
0.614257
0.705531
0.609001
0.692045
0.650647
0.460762
0.659293
0.674694
0.740798
0.671610
0.718740
0.642158
0.665369
0.641315
0.661067
0.655670
0.634623
0.705668
0.700510
0.615507
0.665808
0.645017
0.641066
0.845927
0.642160
0.646439
0.624585
0.475396
0.642763
0.671187
0.598477
0.645571
0.642523
0.652432
0.634209
0.629133
0.650035
0.710853
0.666951
0.658303
0.823404
0.651987
0.652867
0.435512
0.700155
0.663031
0.687026
0.643530
0.623210
0.640677
0.627349
0.711401
0.667527
0.636485
0.663403
0.646406
0.671990
0.675741
0.781593
0.605147
0.565119
0.640601
0.630327
0.645134
0.634178
0.699381
0.671893
0.649167
0.655813
0.630039
0.639983
0.638855
0.674565
0.604908
0.691583
0.702894
0.753673
0.490386
0.918920
0.850565
0.819421
0.866925
0.724169
0.666826
0.655913
0.857598
0.692733
0.946768
0.867486
0.749010
0.708105
0.706747
0.711766
0.726941
0.638758
0.633813
0.642199
0.645691
0.618898
0.661178
0.631068
0.730522
0.618773
0.662138
0.677923
0.646724
0.671928
0.640318
0.683982
0.689624
0.648964
0.718928
0.468319
0.638888
0.661662
0.633408
0.682407
0.718205
0.664305
0.631315
0.640278
0.676143
0.666336
0.659560
0.678366
0.660530
0.696716
0.632151
0.635777
0.813797
0.465839
0.700056
0.657544
0.658091
0.668360
0.650764
0.661496
0.851958
0.694702
0.644823
0.623044
0.702726
0.621716
0.654112
0.429390
0.650795
0.709965
0.643726
0.627812
0.622480
0.624808
0.680083
0.448316
0.623173
0.674410
0.614490
0.633679
0.873455
0.490159
0.634362
0.674467
0.622913
0.672351
0.623078
0.652402
0.650017
0.662064
0.640840
0.702813
0.633753
0.629569
0.624539
0.638205
0.631982
0.624087
0.909114
0.646312
0.638890
0.635973
0.708518
0.700862
0.605760
0.474778
0.607955
0.633922
0.643776
0.701205
0.660236
0.679187
0.695388
0.673393
0.683715
0.722386
0.536337
0.627693
0.618735
0.627065
0.551422
0.448968
0.686120
0.664202
0.684002
0.634210
0.639834
0.667391
0.663076
0.627563
