0.009818
0.151035
0.156599
0.142506
0.170224
0.149782
0.147637
0.171828
0.153466
0.182123
0.147203
0.146240
0.143512
0.159461
0.150358
0.146832
0.161473
0.151362
0.248595
0.170536
0.192336
0.143823
0.142388
0.140192
0.238506
0.185455
0.150230
0.162877
0.144233
0.149242
0.143269
0.150928
0.141613
0.136141
0.139928
0.201047
0.160805
0.147021
0.157607
0.171369
0.141059
0.140279
0.143501
0.160872
0.161767
0.146701
0.151505
0.168060
0.145477
0.142623
0.153958
0.165148
0.157348
0.148442
0.164746
0.145628
0.146410
0.145786
0.168605
0.160783
0.195455
0.161131
0.152100
0.163884
0.184766
0.146568
0.150708
0.150644
0.160595
0.144711
0.144271
0.151115
0.142115
0.144027
0.141721
0.146825
0.149811
0.144299
0.147087
0.145284
0.156952
0.143738
0.185750
0.153910
0.145602
0.143890
0.151062
0.145754
0.181109
0.173795
0.153163
0.151313
0.187776
0.156787
0.157076
0.162762
0.150281
0.147378
0.185662
0.141515
0.172895
0.143955
0.161355
0.146255
0.149852
0.148409
0.172678
0.146885
0.162629
0.191606
0.152201
0.148464
0.144157
0.190150
0.145529
0.150752
0.156647
0.157926
0.142333
0.147888
0.138921
0.158706
0.157848
0.149384
0.163659
0.153080
0.146936
0.188008
0.171550
0.147786
0.147639
0.152792
0.204816
0.178424
0.147725
0.208755
0.177592
0.148560
0.142625
0.159360
0.147960
0.169792
0.157549
0.161369
0.145247
0.165335
0.154308
0.167408
0.149807
0.156885
0.152141
0.156249
0.148253
0.167535
0.150226
0.164722
0.148601
0.165599
0.144956
0.162984
0.144707
0.142983
0.142137
0.148491
0.166409
0.167289
0.176429
0.139125
0.176521
0.142575
0.155941
0.159359
0.158992
0.153208
0.191404
0.151927
0.159988
0.149557
0.150619
0.164977
0.150786
0.154893
0.160692
0.154219
0.146973
0.149756
0.157760
0.154095
0.164310
0.145371
0.157690
0.149555
0.172643
0.185024
0.153306
0.174079
0.157632
0.161899
0.151643
0.153786
0.156689
0.152719
0.182823
0.148646
0.165399
0.152776
0.146064
0.158375
0.165272
0.151242
0.153149
0.152211
0.144353
0.161098
0.144385
0.147962
0.225332
0.147210
0.149036
0.151035
0.180972
0.144915
0.145107
0.149489
0.158782
0.149925
0.143476
0.152645
0.211697
0.149253
0.156260
0.168778
0.152914
0.137331
0.154403
0.144785
0.148664
0.163394
0.150393
0.140684
0.151756
0.145701
0.141973
0.173520
0.146930
0.154405
0.155526
0.145514
0.155375
0.138819
0.161230
0.147092
0.146582
0.141310
0.164034
0.144999
0.157724
0.148369
0.146244
0.144412
0.178244
0.158678
0.163029
0.153027
0.155059
0.157895
0.149981
0.138648
0.142764
0.146653
0.151543
0.148026
0.156052
0.146803
0.144935
0.156752
0.157694
0.149104
0.181723
0.154102
0.150767
0.153531
0.144393
0.149400
0.153608
0.144721
0.151228
0.144531
0.150492
0.150980
0.149055
0.140439
0.144720
0.157844
0.151479
0.171503
0.141306
0.146188
0.175622
0.164917
0.150052
0.155439
0.166158
0.150386
0.159867
0.144673
0.153465
0.155468
0.157875
0.154568
0.156250
0.150503
0.145298
0.150929
0.160372
0.146241
0.154327
0.157714
0.154474
0.144937
0.147994
0.201715
0.134948
0.159464
0.168120
0.148391
0.153809
0.144138
0.156799
0.168013
0.142740
0.140698
0.167400
0.148408
0.163460
0.149458
0.151300
0.142902
0.152681
0.147567
0.145710
0.153105
0.154341
0.146565
0.150512
0.155226
0.146023
0.140026
0.144801
0.144114
