0.00
478.93
381.75
500.34
250.45
330.97
259.93
309.23
236.79
300.33
282.71
266.47
143.76
233.65
231.07
267.89
241.59
393.75
263.53
306.24
259.89
295.98
349.50
444.75
319.40
339.52
272.42
283.01
405.19
313.27
251.61
275.14
309.29
410.54
287.87
271.02
228.77
157.04
270.85
248.37
364.42
224.74
236.48
247.93
244.26
281.90
279.24
274.89
218.83
203.21
236.78
196.06
241.69
309.31
303.53
346.82
207.98
242.65
260.63
193.30
172.67
206.42
193.54
196.60
273.17
123.90
128.46
82.56
134.73
167.44
79.73
186.18
187.71
187.19
155.06
191.83
250.14
260.55
257.75
406.70
312.36
188.91
298.13
377.74
302.90
241.27
243.11
192.10
241.96
207.12
213.24
162.10
198.72
206.99
227.04
174.25
113.15
204.09
325.32
220.99
304.20
181.16
265.89
197.91
221.62
289.23
306.69
342.00
306.63
254.10
264.99
292.48
353.58
365.26
321.81
210.18
298.94
301.08
307.98
258.70
316.62
223.63
151.92
188.29
229.30
198.84
199.19
194.01
140.74
173.40
276.34
93.26
91.27
86.81
145.25
128.77
66.25
117.16
65.88
94.54
41.49
65.32
47.16
103.83
122.92
160.64
149.60
41.45
55.30
46.70
77.53
76.60
26.34
78.74
80.93
64.35
36.14
50.49
164.03
86.79
95.70
82.95
76.98
73.85
84.85
79.58
94.71
49.76
101.69
89.96
99.14
78.23
107.56
62.10
103.50
84.28
121.82
131.44
50.88
57.92
128.03
108.86
53.35
33.01
88.33
77.15
89.33
43.30
109.54
44.57
66.41
131.71
129.03
143.14
93.27
181.53
136.04
127.38
138.44
135.50
108.42
192.08
144.86
178.51
139.19
129.47
115.27
85.16
130.27
151.87
150.43
131.11
127.43
130.39
129.62
135.74
102.62
115.02
105.38
111.35
59.17
106.51
88.45
100.14
72.46
53.19
43.67
26.72
23.92
50.60
85.06
41.14
114.81
27.21
45.34
88.17
79.50
54.03
47.41
107.82
75.31
44.43
35.88
88.28
163.38
112.79
86.12
79.03
113.69
78.17
166.70
158.62
117.05
121.59
153.96
174.15
153.15
169.97
91.98
118.97
112.61
134.35
161.32
80.16
95.17
89.18
96.33
53.99
167.99
76.61
95.58
43.53
135.31
130.17
93.90
125.60
46.27
58.72
71.26
46.47
81.44
42.29
141.49
166.50
179.04
176.26
140.68
246.69
228.07
181.15
176.68
21.07
133.24
65.43
115.80
50.82
105.82
46.81
72.85
132.40
125.02
185.06
43.06
50.36
64.49
132.56
98.02
121.72
99.97
125.62
131.19
106.34
99.93
53.72
28.22
157.38
143.63
126.80
149.65
201.62
168.15
114.21
116.01
100.41
187.63
145.14
177.27
126.04
173.55
131.55
162.96
146.42
159.21
164.08
166.91
142.04
198.95
101.21
139.97
159.05
159.72
154.58
230.75
197.25
206.18
224.96
222.85
97.53
151.24
102.60
116.32
161.99
54.17
28.17
89.74
189.04
285.89
161.92
176.16
178.89
116.65
105.64
93.14
93.08
125.42
171.23
217.95
136.97
173.98
161.69
62.81
54.26
190.97
249.08
223.41
264.59
259.68
176.21
186.57
163.92
114.66
31.59
51.41
169.80
150.40
128.02
121.50
164.24
63.52
151.97
137.36
106.60
149.14
124.20
108.43
65.67
116.48
119.80
157.13
204.88
158.15
251.01
192.84
102.09
79.38
64.59
91.12
97.53
91.85
147.15
136.73
46.46
35.82
24.03
57.60
64.93
94.77
243.76
119.56
111.31
161.38
38.92
54.15
41.11
122.68
137.23
73.10
118.46
152.14
141.78
80.15
129.78
98.85
92.67
109.64
70.48
92.58
103.92
136.81
88.29
100.73
136.31
152.81
235.13
208.78
148.54
276.52
181.93
190.03
109.93
114.38
100.22
21.16
82.73
89.13
72.96
77.92
90.59
107.00
114.51
58.65
87.71
95.64
85.61
105.01
129.20
104.57
83.35
90.53
71.03
89.94
102.95
62.71
77.55
62.32
89.67
86.63
116.48
107.68
84.15
160.85
97.60
87.20
64.49
106.68
94.38
56.22
125.75
104.49
139.01
69.71
73.11
83.65
101.83
118.75
101.04
105.18
165.35
116.47
98.33
86.49
59.87
97.27
114.30
114.25
111.04
93.01
77.04
74.79
72.39
76.97
87.59
103.61
103.54
106.62
89.46
106.75
88.40
82.69
90.02
121.70
86.43
116.33
126.79
141.45
126.21
116.54
74.86
142.27
88.31
83.33
107.61
139.90
111.13
125.79
148.14
100.62
144.13
168.08
154.57
172.12
140.11
154.91
87.25
150.21
182.95
154.05
150.46
206.71
129.78
163.15
194.66
130.05
186.86
133.50
129.90
192.34
163.80
191.96
150.21
220.55
177.13
143.98
168.39
162.47
108.03
183.05
163.04
159.46
159.27
172.17
166.75
218.20
242.72
183.04
206.07
121.91
195.11
214.05
168.43
189.27
154.69
186.01
135.57
157.72
156.38
214.86
127.97
113.50
120.74
90.58
60.63
150.01
107.35
126.60
100.10
93.45
158.21
56.02
82.37
50.26
74.26
117.62
119.39
88.42
122.45
63.39
102.55
76.05
55.22
160.71
187.10
116.36
69.40
116.93
62.64
73.74
75.38
67.87
81.62
93.64
88.00
60.82
100.27
128.58
83.30
136.15
57.43
47.29
111.29
62.59
34.22
249.95
299.57
266.46
165.76
280.21
255.63
344.39
295.97
221.62
338.83
316.71
265.31
287.12
245.82
245.11
194.35
251.37
228.83
254.67
212.19
183.58
181.77
132.82
188.84
109.84
176.97
133.29
103.33
107.43
109.95
44.21
25.09
11.21
50.30
43.97
83.37
52.94
33.49
88.65
41.56
80.76
69.51
56.76
64.25
75.49
78.55
41.12
66.19
66.48
76.81
46.54
54.36
46.44
41.45
43.01
72.06
39.40
79.14
55.42
59.76
98.31
51.42
54.51
57.21
87.68
71.14
57.06
61.13
71.65
65.00
64.50
33.43
58.67
63.32
60.10
67.19
66.85
76.01
84.91
74.62
59.77
59.73
41.29
30.67
49.39
42.98
91.31
85.92
83.52
58.28
60.39
90.05
80.34
82.67
100.74
60.68
89.72
85.67
75.22
88.86
106.33
45.26
72.22
82.87
80.81
112.39
105.54
157.69
145.36
88.54
103.91
56.57
146.53
165.14
107.18
112.10
90.88
124.84
72.06
27.68
52.68
67.74
84.21
46.95
57.91
51.79
66.65
79.85
73.18
48.68
55.11
70.86
54.78
58.28
64.52
80.81
60.68
83.88
28.54
26.66
149.16
176.30
162.56
138.03
126.87
153.69
216.99
217.44
128.04
147.38
132.92
160.10
136.45
204.02
179.81
148.57
179.13
112.26
171.14
123.94
142.40
226.82
207.32
168.09
122.41
158.77
114.01
180.92
147.22
129.91
197.33
154.92
107.29
180.38
199.98
125.35
118.98
208.40
224.43
115.01
111.80
109.38
193.21
209.12
97.27
132.48
286.37
232.68
194.74
132.60
197.16
178.31
167.97
79.18
343.84
169.87
104.97
344.66
190.49
171.74
87.44
88.84
234.52
228.86
137.05
178.45
218.14
90.42
156.09
205.28
145.04
223.94
171.63
165.84
137.29
161.99
105.74
214.65
122.30
134.66
115.76
189.24
146.76
63.08
43.76
32.85
42.71
59.92
30.04
58.03
50.22
137.51
100.74
82.20
159.21
113.52
83.09
124.02
118.31
97.54
134.12
134.27
116.94
100.05
130.72
95.29
103.63
130.02
111.64
128.67
111.69
126.19
85.10
131.01
94.22
93.49
52.93
80.70
90.88
36.59
47.49
117.59
99.95
147.36
115.79
133.32
168.27
102.58
172.23
87.24
124.37
137.25
101.86
175.65
161.85
129.77
146.25
118.32
126.43
103.94
153.31
85.63
129.44
161.81
144.74
122.17
148.36
150.73
113.98
88.37
141.04
173.00
150.26
109.31
137.33
148.72
112.62
140.55
166.39
129.93
215.21
198.25
159.04
160.99
163.51
205.06
102.63
135.04
145.21
167.79
137.68
138.87
111.24
92.63
100.82
38.72
86.41
52.34
45.76
78.01
62.60
126.76
86.25
118.48
165.81
62.42
104.56
88.22
161.82
169.06
68.37
177.85
96.02
118.56
97.53
98.18
120.00
98.97
109.52
71.08
110.04
141.98
98.09
129.01
99.36
102.70
117.45
130.34
133.24
115.24
71.06
118.76
116.32
138.75
102.02
128.49
42.77
79.94
58.67
47.19
94.07
96.94
78.73
100.96
58.02
99.67
80.97
100.01
92.46
60.35
141.95
110.47
66.07
129.94
75.75
88.48
81.63
53.18
74.32
135.44
43.88
67.80
26.68
126.18
96.03
86.32
94.91
169.80
128.60
118.90
77.16
63.56
57.84
91.89
74.07
49.71
74.01
36.63
38.15
49.54
36.96
40.13
37.00
109.01
48.44
46.64
36.19
35.65
109.56
58.24
50.29
56.72
58.35
59.35
95.15
59.32
96.04
99.85
34.92
55.74
67.63
91.95
96.45
71.39
51.75
57.63
110.24
65.94
95.89
77.37
119.02
74.66
81.06
61.48
93.38
132.14
130.93
74.78
78.92
113.44
67.76
122.39
145.46
111.94
114.60
98.44
59.07
99.31
82.08
144.98
150.31
115.44
102.91
78.63
133.86
157.11
97.18
95.03
151.65
140.28
139.88
119.80
133.19
163.68
99.84
129.71
115.90
136.09
122.05
91.23
79.30
75.89
63.00
53.58
46.43
88.43
89.99
127.04
82.37
48.26
54.34
61.98
45.04
47.47
48.60
46.49
72.01
63.54
72.87
49.97
34.01
69.79
52.56
23.56
53.33
88.92
123.83
136.35
145.77
146.93
100.84
150.59
160.11
