0.00
0.73
0.77
0.77
0.78
0.77
0.75
0.79
0.72
0.80
0.77
0.75
0.77
0.78
0.73
0.77
0.79
0.78
0.76
0.77
0.75
0.78
0.78
0.78
0.81
0.78
0.75
0.79
0.78
0.77
0.79
0.77
0.76
0.76
0.78
0.79
0.79
0.75
0.73
0.75
0.74
0.78
0.71
0.74
0.72
0.76
0.76
0.79
0.77
0.80
0.74
0.77
0.78
0.79
0.75
0.74
0.78
0.75
0.78
0.77
0.77
0.75
0.78
0.75
0.77
0.77
0.79
0.76
0.76
0.77
0.77
0.78
0.76
0.73
0.79
0.76
0.77
0.78
0.79
0.79
0.80
0.76
0.79
0.78
0.76
0.78
0.78
0.79
0.78
0.76
0.78
0.79
0.79
0.79
0.78
0.78
0.77
0.77
0.78
0.77
0.75
0.76
0.72
0.76
0.71
0.78
0.73
0.75
0.72
0.75
0.68
0.78
0.70
0.74
0.77
0.74
0.75
0.74
0.76
0.76
0.75
0.72
0.70
0.73
0.68
0.72
0.69
0.72
0.68
0.69
0.73
0.67
0.72
0.70
0.60
0.63
0.58
0.59
0.27
0.16
0.27
0.20
0.18
0.25
0.23
0.20
0.18
0.11
0.13
0.19
0.17
0.08
0.10
0.16
0.10
0.74
0.73
0.72
0.71
0.66
0.71
0.64
0.72
0.69
0.71
0.71
0.71
0.67
0.71
0.72
0.69
0.65
0.68
0.72
0.75
0.72
0.74
0.72
0.68
0.75
0.72
0.73
0.75
0.68
0.69
0.75
0.70
0.73
0.73
0.76
0.73
0.75
0.74
0.72
0.72
0.62
0.77
0.74
0.58
0.76
0.72
0.73
0.67
0.67
0.71
0.66
0.73
0.64
0.75
0.72
0.71
0.75
0.74
0.69
0.75
0.73
0.74
0.64
0.67
0.74
0.71
0.63
0.73
0.66
0.60
0.59
0.59
0.67
0.53
0.61
0.49
0.49
0.62
0.59
0.53
0.44
0.54
0.38
0.39
0.50
0.37
0.21
0.39
0.21
0.43
0.33
0.36
0.29
0.23
0.32
0.32
0.41
0.46
0.29
0.55
0.35
0.30
0.27
0.28
0.18
0.38
0.31
0.39
0.51
0.50
0.55
0.47
0.42
0.52
0.39
0.53
0.34
0.42
0.35
0.31
0.30
0.37
0.34
0.44
0.13
0.32
0.23
0.36
0.35
0.38
0.52
0.38
0.39
0.39
0.48
0.47
0.48
0.52
0.60
0.49
0.63
0.44
0.42
0.51
0.53
0.53
0.55
0.61
0.54
0.57
0.51
0.54
0.52
0.56
0.60
0.61
0.53
0.45
0.54
0.53
0.50
0.56
0.58
0.60
0.51
0.57
0.47
0.58
0.48
0.52
0.56
0.56
0.52
0.56
0.46
0.59
0.52
0.58
0.51
0.56
0.50
0.59
0.54
0.53
0.52
0.56
0.59
0.62
0.54
0.48
0.62
0.58
0.50
0.63
0.48
