565	13	13	15
564	11	13	16
563	13	13	15
563	12	13	16
562	14	14	16
561	14	14	16
561	15	13	17
560	17	13	17
560	18	13	16
559	18	13	17
559	20	14	17
558	20	13	17
557	21	14	17
558	22	13	17
556	23	14	17
557	24	13	17
556	25	13	17
556	25	13	17
554	26	14	18
554	27	14	17
553	28	14	18
554	29	14	18
553	30	14	18
552	32	14	18
552	32	13	18
552	33	14	18
550	34	14	19
550	35	14	19
550	37	14	18
550	38	14	19
548	39	14	19
549	40	14	19
548	42	14	19
547	44	13	19
546	45	14	20
546	46	14	20
545	48	14	19
544	49	15	21
544	50	14	20
543	52	15	20
542	54	15	20
541	55	15	21
541	57	15	20
540	59	15	20
540	61	15	20
539	62	15	19
538	64	15	20
537	65	16	21
537	67	15	21
536	69	15	20
536	70	16	22
535	72	16	20
533	75	16	21
534	75	15	21
534	78	15	20
532	79	16	21
532	80	15	21
532	83	15	20
530	84	16	21
530	86	15	22
529	87	16	21
528	89	16	21
528	92	16	20
528	93	15	21
526	94	16	21
526	95	16	21
527	97	15	21
524	98	17	22
525	100	16	21
523	101	16	22
523	103	16	22
522	104	16	22
521	106	17	22
522	107	16	22
521	109	16	22
520	110	17	22
519	111	17	23
518	113	17	23
518	113	17	23
518	114	17	23
518	117	17	23
517	117	17	24
517	119	16	24
515	120	17	23
516	122	17	23
516	123	16	23
515	125	16	23
514	125	17	24
513	127	17	23
513	128	18	25
513	128	18	24
512	130	17	24
512	131	17	25
511	133	18	24
511	134	17	24
511	135	18	25
510	136	18	25
510	137	18	25
510	139	18	25
510	140	17	25
509	141	19	25
509	142	18	25
508	143	18	25
507	145	19	25
508	147	17	25
508	148	18	25
508	150	18	25
506	151	19	25
506	152	18	26
505	153	19	25
505	156	18	25
504	157	19	26
504	158	19	26
503	160	20	26
503	160	20	26
503	162	19	27
502	163	20	27
502	164	20	26
502	166	20	26
503	167	19	26
501	168	20	26
501	170	20	26
501	172	20	26
500	172	20	26
501	173	20	27
500	175	20	26
500	175	20	27
500	177	20	27
499	178	21	26
500	180	20	26
499	181	21	26
499	182	20	26
499	183	20	26
498	184	21	26
499	186	21	27
498	187	21	26
499	189	21	26
497	190	21	26
498	191	21	26
497	193	21	27
497	194	21	28
497	195	21	27
497	197	21	27
497	199	21	27
496	200	22	26
496	202	21	27
496	204	21	27
496	206	22	25
495	205	22	28
497	207	21	28
496	208	22	28
495	209	22	28
495	212	22	27
494	213	22	27
495	214	21	27
495	215	22	27
495	215	22	28
495	217	22	28
495	217	22	28
495	220	21	28
495	220	22	28
495	221	22	28
494	222	22	28
495	223	21	28
495	225	21	28
495	225	21	28
494	225	22	29
494	226	22	29
494	227	22	29
494	228	22	29
493	229	22	29
492	229	23	29
493	230	23	29
492	229	23	29
493	230	23	29
492	230	23	29
493	233	22	28
492	232	22	29
492	232	22	28
492	233	23	28
492	234	23	28
493	233	23	29
493	234	23	29
492	235	24	29
493	234	22	29
491	235	23	29
491	236	22	27
493	236	22	27
491	235	23	28
491	236	22	28
493	236	22	27
492	234	23	30
491	235	23	28
492	234	22	29
492	236	22	28
493	236	21	28
493	234	21	29
494	233	21	29
493	235	22	27
493	233	22	28
493	238	21	25
494	237	21	25
493	235	21	27
494	234	22	26
492	234	22	27
494	233	22	28
493	231	23	29
494	231	21	28
493	231	22	29
493	230	22	29
493	230	22	28
492	230	23	28
494	230	22	29
494	228	22	30
494	228	22	29
494	228	22	29
494	228	22	28
494	227	22	29
493	226	22	30
494	225	22	29
494	229	21	27
494	228	21	26
494	225	21	29
494	225	22	30
495	225	22	28
494	222	22	32
494	225	23	28
494	225	20	28
496	223	21	30
495	222	22	29
495	222	22	30
495	221	22	31
493	222	23	29
496	223	22	28
497	222	21	29
495	222	21	28
496	220	23	30
494	221	23	29
496	218	24	30
496	220	24	29
497	219	22	29
498	219	22	29
499	220	21	27
500	220	20	26
500	222	21	23
501	220	19	25
501	219	21	26
502	219	19	26
501	218	20	25
502	219	20	23
503	217	20	26
504	218	20	24
503	217	21	26
502	212	23	29
504	212	22	29
503	214	24	27
504	214	22	26
504	214	22	26
502	210	26	30
502	209	26	31
507	216	21	24
502	208	26	31
508	214	22	25
506	213	22	26
505	210	27	27
503	208	30	30
506	211	30	28
507	210	29	28
505	208	32	30
507	210	32	28
506	208	33	29
509	210	32	27
513	210	27	26
508	208	33	29
507	207	36	28
507	206	38	29
507	206	38	29
507	206	38	30
508	206	38	29
509	206	38	30
509	206	38	29
510	206	38	29
510	207	38	28
511	206	39	29
511	208	38	28
513	207	39	28
513	208	39	27
514	209	41	27
515	207	42	29
515	209	43	28
516	207	44	29
517	208	44	27
518	208	44	28
518	208	46	28
519	209	46	28
521	209	46	29
521	209	46	28
523	210	47	26
522	210	47	26
524	209	47	27
524	209	46	27
526	209	46	26
527	209	46	26
527	212	46	23
528	210	46	24
529	209	47	25
529	210	47	24
530	211	49	23
530	212	49	22
532	212	49	22
533	212	48	22
534	211	48	22
536	211	47	23
535	211	49	23
537	210	48	24
536	209	48	24
538	211	43	21
540	209	42	23
539	210	46	22
539	211	45	21
540	209	44	22
542	210	50	23
545	211	44	22
544	210	45	22
544	210	45	20
548	212	46	20
547	210	48	22
547	210	48	22
548	211	48	21
550	210	47	22
550	211	49	21
551	210	47	21
552	211	47	21
554	210	46	22
556	211	34	21
556	210	33	21
559	211	41	21
559	210	31	22
561	212	31	20
559	210	42	20
562	210	37	20
562	208	31	22
563	210	27	21
563	209	36	21
565	209	33	21
566	207	34	22
564	209	40	21
565	207	38	22
567	209	31	20
568	207	34	22
569	206	33	22
569	206	34	22
568	206	37	22
568	204	31	24
571	206	28	22
573	204	31	22
573	206	26	21
574	205	29	21
573	204	31	22
573	205	31	21
574	204	30	22
576	203	29	22
576	204	30	21
576	204	29	21
578	203	27	22
579	202	24	20
580	203	21	19
580	202	20	20
581	203	20	19
579	202	21	20
580	202	22	20
581	201	20	19
581	201	19	19
583	201	18	20
582	200	20	20
582	200	21	19
583	199	20	19
582	200	20	19
584	198	18	19
583	199	19	19
582	199	19	19
583	198	20	19
584	198	18	18
585	199	16	17
584	198	18	18
585	198	18	18
585	198	16	17
585	197	16	18
584	198	16	17
585	197	16	18
585	197	16	17
585	197	15	17
584	197	17	17
585	197	16	18
585	197	16	17
585	196	16	17
585	197	15	17
585	196	15	17
585	197	15	17
585	195	15	17
586	196	14	17
585	196	15	16
586	196	14	16
585	195	15	16
585	195	14	17
585	196	14	15
585	196	15	15
585	195	15	15
585	196	14	16
585	194	14	17
585	195	14	16
585	194	14	15
585	194	15	15
585	194	15	16
