0.00
410.36
508.50
452.70
517.75
371.77
472.14
487.77
422.96
450.07
482.64
459.15
454.87
404.63
510.87
452.00
490.66
425.68
382.24
454.79
360.62
461.89
459.22
370.91
477.63
434.75
480.63
483.50
438.76
468.48
461.72
455.98
429.21
386.22
367.75
351.97
431.54
417.04
313.12
399.08
397.56
434.32
450.52
321.85
407.94
465.65
456.66
495.98
489.88
476.47
478.03
470.91
443.58
497.59
422.47
470.51
394.99
451.79
504.18
436.56
487.09
425.30
460.86
503.68
484.49
427.49
475.01
469.59
476.33
462.94
469.75
486.50
503.22
412.72
465.30
482.38
493.04
455.41
491.53
415.39
446.70
457.54
490.07
474.72
393.27
459.29
402.64
499.22
408.67
468.68
408.66
475.20
467.80
436.89
453.33
449.55
412.21
460.61
415.65
431.07
441.83
366.32
415.23
413.35
403.98
406.29
408.34
448.38
417.70
414.09
344.15
416.00
396.81
429.04
380.55
445.46
299.32
381.77
346.24
420.26
322.01
380.63
384.65
345.61
376.22
351.62
363.78
414.85
391.38
319.54
316.60
349.43
305.79
322.65
318.08
332.92
352.18
313.63
338.24
289.45
265.29
293.33
286.02
328.18
295.26
312.99
262.17
313.78
226.62
322.25
271.07
289.48
275.19
265.90
302.42
271.51
266.11
264.35
252.60
272.08
249.07
286.30
293.02
280.80
253.03
261.65
233.98
277.93
304.34
242.55
219.21
257.86
249.98
232.58
295.16
238.93
264.52
295.17
338.13
332.57
297.79
289.52
275.94
314.76
290.17
288.51
242.60
308.80
249.08
259.36
312.29
313.30
315.04
325.52
318.67
258.06
322.66
316.75
281.50
313.21
282.44
305.02
310.46
314.20
313.43
376.86
366.66
321.33
320.51
324.05
280.56
260.61
298.30
352.43
374.63
363.04
363.82
324.19
330.34
331.03
311.70
323.30
237.09
416.33
340.84
308.81
341.36
272.32
278.60
257.77
275.14
376.41
361.74
326.11
345.10
327.16
417.64
378.19
355.18
323.23
419.09
370.32
268.39
391.48
240.41
366.40
281.30
387.44
366.20
331.77
286.32
350.67
278.21
365.67
342.92
419.89
320.80
350.99
311.59
361.93
384.17
369.58
442.82
402.43
320.03
395.94
372.57
382.65
329.40
353.21
385.33
342.03
384.33
403.21
367.75
337.46
348.21
376.23
356.86
416.94
385.62
321.58
403.11
329.56
397.93
407.14
402.54
374.76
335.12
395.08
356.70
308.72
301.31
364.78
313.58
328.64
365.80
318.29
309.90
320.26
400.05
318.74
389.32
268.88
349.97
383.47
362.45
399.09
379.42
383.67
401.75
404.67
389.34
354.11
398.69
414.45
397.32
346.48
389.81
367.07
351.16
356.55
376.08
375.58
375.82
325.88
341.98
308.06
329.84
398.27
419.54
434.72
423.84
449.54
427.05
427.87
420.91
382.69
394.88
417.01
393.69
409.27
399.01
401.45
349.21
343.02
349.12
385.98
372.90
317.73
370.17
362.39
361.33
385.61
314.38
377.64
375.78
339.71
384.83
359.80
346.08
332.84
321.13
351.36
351.47
345.35
393.69
283.03
236.94
301.62
344.82
349.88
368.79
365.44
397.44
337.66
352.05
338.31
391.69
393.99
377.45
370.52
408.42
380.93
385.02
373.40
412.09
443.47
430.27
417.46
448.79
474.98
438.79
445.16
470.87
416.20
454.97
423.92
405.65
370.60
411.17
422.40
419.71
465.52
435.33
436.90
455.96
438.87
429.23
443.00
464.54
442.62
471.51
446.70
422.90
451.17
428.27
393.04
326.90
382.76
361.50
362.13
411.77
388.67
376.85
392.77
396.87
368.01
382.21
350.32
370.33
338.20
374.12
389.54
349.74
391.80
348.02
291.12
363.12
361.72
343.53
339.02
351.36
401.34
372.29
362.32
322.62
384.67
369.77
355.34
435.63
383.84
412.70
411.84
388.48
349.77
373.80
362.33
288.74
289.77
336.52
269.95
304.45
322.89
327.33
286.85
300.09
275.90
376.96
302.58
355.40
347.93
248.28
303.08
240.63
328.62
361.85
369.27
318.06
396.86
420.32
362.78
364.88
357.62
325.61
284.77
395.33
250.44
340.03
317.03
299.39
318.58
303.29
331.97
274.87
277.23
304.57
255.45
233.17
278.95
298.25
271.85
290.90
326.85
297.82
240.81
236.56
211.85
363.24
255.37
310.37
231.10
393.71
359.57
297.28
330.82
250.00
246.36
277.19
307.47
287.01
179.20
228.30
248.60
311.56
258.87
194.58
190.16
291.37
206.30
186.05
246.41
206.68
217.68
171.01
282.96
153.53
210.48
175.47
176.21
201.36
201.21
200.82
249.29
282.44
217.29
220.12
177.29
199.76
227.16
196.05
231.13
207.28
212.80
235.94
196.65
202.75
175.71
168.41
198.44
247.84
228.50
262.67
296.63
194.25
186.60
235.78
215.31
199.22
195.34
310.51
297.77
331.11
307.78
303.72
282.59
317.97
345.06
303.94
220.68
218.35
344.21
344.03
362.27
315.81
304.23
268.91
355.95
365.14
336.42
317.16
298.99
292.98
319.77
302.30
306.32
310.31
318.49
281.05
268.08
300.70
306.07
306.76
320.47
280.86
346.92
327.75
334.77
352.50
337.21
315.14
337.37
364.65
392.59
411.14
391.40
329.54
341.44
365.93
352.78
331.58
374.85
357.99
389.21
400.65
359.21
389.60
376.24
397.98
378.08
374.06
382.14
344.02
388.51
344.13
418.81
380.23
385.58
388.40
373.49
326.89
381.72
323.43
371.59
295.83
372.25
280.46
353.63
352.34
375.30
220.23
386.65
339.43
341.33
330.92
417.97
385.51
360.37
260.06
267.96
355.97
350.29
280.10
282.53
227.17
213.11
193.39
211.47
336.06
389.19
316.60
352.83
289.60
353.57
280.01
321.11
209.54
252.30
254.09
273.29
300.59
320.58
315.66
283.03
182.93
328.57
242.63
281.15
315.72
332.75
301.23
304.16
289.15
248.28
273.34
236.56
233.39
249.80
307.55
252.31
273.73
292.26
293.74
319.29
307.46
322.52
