0.033743
0.128919
0.133262
0.167894
0.147342
0.143073
0.145935
0.140104
0.144750
0.146793
0.141553
0.146156
0.154526
0.132720
0.157413
0.148030
0.144971
0.148910
0.140382
0.147227
0.141114
0.142040
0.138761
0.132702
0.145987
0.145091
0.162325
0.148658
0.139578
0.140148
0.147814
0.149909
0.151415
0.141190
0.145757
0.148852
0.137510
0.141613
0.153320
0.154483
0.140807
0.145078
0.145163
0.149316
0.147486
0.140083
0.148067
0.165375
0.142582
0.142907
0.143347
0.146106
0.142736
0.139325
0.141056
0.138851
0.157218
0.141372
0.159081
0.151728
0.142632
0.151248
0.142672
0.153452
0.160391
0.163509
0.149758
0.156853
0.137881
0.155536
0.144910
0.144286
0.149714
0.166593
0.152740
0.147192
0.153019
0.146547
0.138255
0.151153
0.140309
0.146434
0.151028
0.153184
0.161032
0.141400
0.161699
0.141695
0.144464
0.151083
0.150370
0.140861
0.154030
0.150768
0.163696
0.143999
0.147310
0.150342
0.161975
0.138969
0.153798
0.148958
0.145124
0.148136
0.158937
0.156845
0.144289
0.147465
0.188808
0.171594
0.150560
0.155512
0.154311
0.148504
0.145141
0.153751
0.157089
0.167462
0.145161
0.164860
0.152690
0.145558
0.142836
0.147698
0.150393
0.154654
0.144281
0.142071
0.145008
0.146459
0.139284
0.130980
0.135618
0.123724
0.120310
0.124407
0.125043
0.137955
0.146199
0.121287
0.123884
0.122573
0.145856
0.126085
0.125157
0.121725
0.125028
0.121300
0.128049
0.122231
0.123940
0.128517
0.125418
0.132700
0.114747
0.135762
0.133920
0.136179
0.134859
0.128008
0.144701
0.139369
0.121861
0.123807
0.125072
0.129446
0.127552
0.114657
0.130572
0.130957
0.121651
0.134049
0.123566
0.128081
0.123873
0.132251
0.121746
0.131392
0.177050
0.124592
0.123001
0.138132
0.143382
0.132340
0.128847
0.127206
0.138071
0.125654
0.170849
0.139906
0.125837
0.128290
0.114987
0.123222
0.128055
0.128117
0.121355
0.119834
0.125259
0.130146
