0.00
0.81
0.83
0.82
0.83
0.81
0.83
0.81
0.81
0.82
0.83
0.83
0.81
0.82
0.81
0.82
0.83
0.81
0.83
0.80
0.82
0.81
0.82
0.81
0.80
0.78
0.81
0.79
0.81
0.81
0.81
0.81
0.80
0.81
0.82
0.79
0.81
0.80
0.81
0.79
0.77
0.79
0.80
0.80
0.80
0.79
0.74
0.79
0.79
0.79
0.81
0.80
0.79
0.76
0.79
0.78
0.78
0.78
0.77
0.77
0.76
0.77
0.75
0.72
0.76
0.73
0.75
0.77
0.75
0.75
0.74
0.74
0.77
0.76
0.75
0.73
0.76
0.77
0.73
0.67
0.68
0.73
0.69
0.72
0.71
0.73
0.75
0.70
0.73
0.73
0.71
0.66
0.68
0.72
0.67
0.63
0.67
0.67
0.67
0.71
0.69
0.71
0.68
0.73
0.66
0.72
0.66
0.75
0.68
0.70
0.67
0.70
0.66
0.69
0.66
0.68
0.66
0.68
0.71
0.69
0.70
0.71
0.73
0.69
0.71
0.63
0.62
0.66
0.64
0.68
0.72
0.62
0.71
0.67
0.67
0.68
0.69
0.68
0.66
0.66
0.64
0.69
0.69
0.63
0.70
0.62
0.71
0.54
0.65
0.59
0.66
0.70
0.57
0.63
0.62
0.65
0.61
0.59
0.68
0.63
0.57
0.65
0.60
0.57
0.66
0.60
0.51
0.65
0.59
0.50
0.65
0.65
0.58
0.63
0.61
0.61
0.59
0.51
0.59
0.55
0.59
0.65
0.63
0.56
0.66
0.61
0.63
0.63
0.67
0.65
0.68
0.68
0.69
0.63
0.68
0.65
0.65
0.67
0.68
0.63
0.67
0.66
0.65
0.61
0.62
0.65
0.66
0.69
0.66
0.69
0.65
0.67
0.66
0.66
0.66
0.65
0.65
0.63
0.62
0.68
0.64
0.64
0.66
0.59
0.68
0.65
0.60
0.66
0.63
0.63
0.64
0.62
0.59
0.61
0.65
0.64
0.65
0.62
0.56
0.66
0.61
0.59
0.60
0.65
0.64
0.64
0.62
0.65
0.66
0.65
0.57
0.57
0.64
0.57
0.57
0.61
0.55
0.57
0.59
0.59
0.63
0.61
0.57
0.51
0.52
0.54
0.53
0.59
0.58
0.56
0.54
0.55
0.60
0.57
0.59
0.54
0.57
0.48
0.53
0.59
0.57
0.58
0.56
0.59
0.57
0.55
0.52
0.54
0.48
0.48
0.50
0.48
0.56
0.55
0.54
