0.031410
0.140801
0.140676
0.148311
0.160236
0.147290
0.147188
0.154022
0.148263
0.153123
0.142976
0.136113
0.144564
0.159105
0.169399
0.138968
0.144082
0.136177
0.149573
0.153776
0.149087
0.153877
0.149951
0.154737
0.144108
0.149018
0.141358
0.149187
0.142004
0.165857
0.153584
0.153109
0.173758
0.154608
0.140613
0.162310
0.155220
0.150700
0.148170
0.149277
0.149862
0.150379
0.151059
0.155754
0.147280
0.145557
0.149027
0.150015
0.144428
0.159124
0.158284
0.150712
0.143934
0.138743
0.137660
0.152500
0.153305
0.150939
0.159179
0.146668
0.147043
0.143841
0.150927
0.139738
0.143223
0.148458
0.150105
0.146916
0.166012
0.169319
0.143753
0.137910
0.148268
0.178061
0.136334
0.161107
0.158204
0.141723
0.143195
0.142482
0.176772
0.172175
0.157708
0.143861
0.175056
0.152764
0.147248
0.150505
0.157306
0.154444
0.149183
0.162981
0.135790
0.152217
0.129610
0.126613
0.127593
0.130285
0.165691
0.133188
0.117173
0.125564
0.122481
0.130666
0.131645
0.124124
0.125147
0.131109
0.126145
0.119884
0.128732
0.130049
0.144711
0.133886
0.175506
0.149234
0.138918
0.145604
0.144970
0.141676
0.158245
0.150485
0.153767
0.135229
0.144520
0.134165
0.144660
0.144443
0.148438
0.164866
0.137653
0.147888
0.144969
0.147565
0.148345
0.148708
0.175451
0.143322
0.151856
0.147452
0.145334
0.148346
0.155099
0.166003
0.151997
0.142060
0.150717
0.150044
0.156818
0.148044
0.141170
0.148499
0.148669
0.155901
0.166179
0.143831
0.142743
0.150794
0.169448
0.161392
0.149534
0.161295
0.148706
0.137495
0.159722
0.193836
0.212479
0.163894
0.137936
0.180770
0.147007
0.156479
0.159050
0.145324
0.147088
0.136895
0.148566
0.153181
0.140290
0.151318
0.165795
0.150229
0.153183
0.159853
0.138691
0.149196
0.136895
0.151234
0.168154
0.150795
0.147697
0.141700
0.152789
0.141604
0.147572
0.145676
0.156001
0.148074
0.141399
0.138705
0.142194
0.137285
0.146086
0.151011
0.145595
0.152684
0.139869
0.155027
0.149368
0.148777
0.136565
0.160782
0.151974
0.167628
