0.012613
0.153996
0.151584
0.162562
0.153946
0.162968
0.168990
0.149538
0.153625
0.141293
0.161568
0.168980
0.143575
0.160208
0.171818
0.168095
0.164222
0.162777
0.152119
0.162464
0.190738
0.152489
0.148996
0.164501
0.161327
0.160421
0.157935
0.161304
0.146499
0.156458
0.160139
0.143943
0.191580
0.160537
0.157583
0.159384
0.153198
0.156402
0.164702
0.160469
0.168580
0.158740
0.165507
0.149622
0.152119
0.151656
0.144602
0.166932
0.161287
0.149615
0.177009
0.154686
0.143075
0.152794
0.145766
0.167238
0.171269
0.150375
0.179516
0.165012
0.168720
0.160540
0.156417
0.160598
0.149405
0.160034
0.157032
0.159837
0.147479
0.143817
0.145205
0.144567
0.148784
0.189234
0.150759
0.151020
0.159728
0.154564
0.158747
0.185161
0.165190
0.149857
0.142832
0.146428
0.165171
0.143925
0.148294
0.161164
0.178965
0.146030
0.165018
0.154227
0.151870
0.153549
0.154655
0.193622
0.163908
0.150096
0.144406
0.147647
0.158850
0.152119
0.182551
0.158452
0.141154
0.150821
0.150719
0.153932
0.142518
0.142951
0.169440
0.149212
0.141008
0.173688
0.143669
0.143131
0.168972
0.149820
0.151938
0.150721
0.150892
0.169687
0.140768
0.140825
0.139998
0.165196
0.145181
0.142456
0.147066
0.153097
0.165590
0.154316
0.141123
0.139411
0.145187
0.147134
0.141505
0.149040
0.144801
0.161215
0.145253
0.167933
0.163492
0.159194
0.151469
0.163720
0.145203
0.171549
0.163016
0.147011
0.138604
0.177091
0.156791
0.157456
0.149298
0.159142
0.151711
0.154693
0.143918
0.154219
0.154248
0.166620
0.160769
0.153504
0.156821
0.152485
0.161778
0.148641
0.146960
0.160852
0.162572
0.169506
0.137779
0.131729
0.121952
0.128775
0.132856
0.123959
0.117886
0.124195
0.119580
0.138910
0.130046
0.126421
0.124144
0.127142
0.132652
0.120115
0.128703
0.128626
0.125932
0.121266
0.117765
0.124112
0.131286
0.119549
0.121898
0.160742
0.164642
0.131345
0.125788
0.133141
0.124288
0.129480
0.122723
0.131469
0.120751
0.123197
0.127367
0.129554
0.137095
0.119130
0.123289
0.160381
0.122272
0.177759
0.133334
0.116181
0.139365
0.122936
0.131224
0.122372
0.124371
0.128752
0.128802
0.157653
0.142805
0.135600
0.124432
0.134683
0.156116
0.142392
0.129523
0.133337
0.127663
0.140955
0.125897
0.118809
0.127348
0.124498
0.128165
0.124583
0.128595
0.135353
0.128376
0.123947
0.125111
0.123314
0.134775
0.119732
0.131148
0.121065
0.123836
0.117973
0.126752
0.118359
0.139404
0.121518
0.117278
0.128456
0.140404
0.128369
0.143080
0.130066
0.158199
0.126344
0.129255
0.130897
0.135647
0.148943
0.160853
0.183527
0.157008
0.175263
0.171261
0.151034
0.153195
0.144534
0.149939
0.143987
0.144135
0.147030
0.154233
0.156039
0.158003
0.151247
0.143514
0.172003
0.139333
0.147796
0.165328
0.138555
0.148496
0.152298
0.152515
0.158564
0.131741
0.131913
0.128622
0.130253
0.134385
0.119605
0.134846
0.125427
0.125395
0.126875
0.134001
0.161890
0.134703
0.124120
0.126481
0.121032
0.123436
0.125826
0.117011
0.155699
0.152283
0.128025
0.169512
0.127820
0.127418
0.122573
0.130467
0.123671
0.124738
0.126805
0.120645
0.155988
0.149321
0.121541
0.120419
0.131118
0.121246
0.119991
0.119323
0.127244
0.123885
0.137167
0.124100
0.129244
0.134203
0.122519
0.135522
0.132103
0.127851
0.143791
0.140836
0.149600
0.173573
0.152943
0.163016
0.150737
0.154977
0.154782
0.152726
0.152634
0.147323
0.150692
0.147750
0.171515
0.143677
0.157133
0.145637
0.151770
0.151309
0.158880
0.182088
0.151241
0.151271
0.145853
0.162958
0.153533
0.147778
0.149318
0.147571
0.144560
0.145819
0.142606
0.149060
0.149252
0.149647
0.152817
0.161389
0.154109
0.145169
0.151775
0.161875
0.146671
0.147151
0.166233
0.150054
0.149888
0.157606
0.155968
0.146695
0.150689
0.164382
0.148083
0.155869
0.155321
0.151689
0.155153
0.149500
0.155710
0.149542
0.153335
0.181469
0.140537
0.144734
0.150409
0.147920
0.153354
0.146525
0.157831
0.152647
0.149055
0.145138
0.217693
0.171620
0.149537
0.151193
0.158329
0.144782
0.170494
0.149786
0.159292
0.147093
0.161428
0.148170
0.148976
0.146095
0.149304
0.147065
0.167377
0.163549
0.156073
0.148458
0.152801
0.151609
0.153440
0.148035
0.147983
0.150002
0.149350
0.147657
0.158567
0.150849
0.145856
0.145700
0.170532
0.147742
0.146480
0.152098
0.144885
0.149094
0.147865
0.141371
0.145941
0.172099
0.149204
0.153377
0.152225
0.149233
0.147516
0.146273
0.148352
0.150260
0.183171
0.141135
0.156499
0.167141
0.155761
0.151459
0.184792
0.153227
0.161606
0.150504
0.147511
0.149605
0.153502
0.199970
0.160606
0.158518
0.154791
0.157380
0.197911
0.172788
0.176426
0.152536
0.164809
0.147321
0.150715
0.176478
0.150046
0.147217
0.155016
0.160404
0.150536
0.146021
0.149233
0.150975
0.159471
0.169883
0.170656
0.144295
0.149029
0.168607
0.162817
0.164194
0.141369
0.150107
0.144153
0.179156
0.169381
0.156363
0.143997
0.151793
0.141276
0.155665
0.152181
0.149613
0.145618
0.156796
0.159679
0.157242
0.148694
0.144358
0.151184
0.157642
0.151525
0.143909
0.150477
0.152385
0.148794
0.141922
0.142649
0.147862
0.144536
0.145600
0.147517
0.149882
0.151576
0.147269
0.148021
0.149681
0.168778
0.149057
0.146654
0.172433
0.164822
0.147606
0.175449
0.164572
0.162056
0.162432
0.143989
0.149870
0.152041
0.154033
0.154461
0.151310
0.148216
0.165251
0.149064
0.149590
0.153199
0.154669
0.147838
0.195319
0.215804
0.144828
0.148504
0.164736
0.158324
0.146890
0.148158
0.141890
0.150551
0.174449
0.141211
0.145759
0.145012
0.196226
0.152848
0.145821
0.141383
0.144727
0.146543
0.139442
0.146954
0.151292
0.143953
0.148741
0.147576
0.165934
0.183786
0.150816
0.150105
0.153454
0.151787
0.149391
0.151851
0.162584
0.149770
0.144399
0.154302
0.147589
0.151511
0.153065
0.150711
0.150501
0.148072
0.151658
0.147568
0.147358
0.140640
0.148737
0.146930
0.146804
0.150870
0.147125
0.166821
0.182869
0.172085
0.144108
0.146083
0.143245
0.147433
0.145907
0.147693
0.151818
0.148580
0.154130
0.148623
0.145105
0.156222
0.150589
0.176572
0.169898
0.154771
0.157848
0.142406
0.156072
0.148580
0.151524
0.149498
0.145032
0.150091
0.161672
0.143135
0.145290
0.148635
0.147985
0.165118
0.156474
0.151137
0.185393
0.149126
0.149437
0.154535
0.145609
0.141005
0.139940
0.152050
0.143826
0.148361
0.144488
0.149756
0.144302
0.157512
0.149536
0.157102
0.140229
0.153974
0.141802
0.140740
0.153944
0.137969
0.146638
0.139819
0.151134
0.151603
0.156923
0.146449
0.147010
0.146398
0.149673
0.151760
0.142772
0.149024
0.148869
0.161328
0.146831
0.144056
0.160529
