0.00
460.00
550.21
516.35
511.39
502.66
485.58
447.33
320.33
415.80
442.45
356.64
406.93
466.02
421.11
328.47
364.24
340.36
473.33
441.32
434.88
462.16
502.46
394.22
532.41
516.29
547.69
498.70
520.04
484.40
519.86
539.55
525.83
498.44
508.16
506.37
512.37
500.70
514.12
508.73
522.08
518.73
517.06
527.28
508.55
500.61
505.77
511.13
501.69
503.20
489.31
481.90
511.34
494.71
505.72
488.28
500.05
495.31
481.63
513.65
497.93
502.08
522.41
522.24
513.39
519.00
521.06
517.83
511.96
480.67
524.76
507.58
516.16
520.91
490.43
478.87
461.41
429.14
425.12
425.06
457.98
445.07
400.73
397.92
341.91
439.32
372.52
378.70
444.11
421.14
447.46
447.84
390.39
347.92
395.71
420.52
448.28
439.83
430.76
384.79
408.17
386.81
408.97
414.27
385.91
381.54
408.24
335.73
388.69
377.47
373.35
328.13
360.43
370.10
380.95
320.14
307.37
333.96
387.33
350.27
360.23
374.32
308.11
206.24
213.64
256.03
232.21
227.93
268.27
298.96
207.54
243.38
218.64
305.58
313.60
293.98
345.42
330.25
276.05
307.85
254.62
255.59
288.33
281.90
282.68
248.95
284.76
251.65
195.40
154.17
225.36
267.34
207.33
214.04
228.31
162.10
141.42
182.34
148.61
166.23
130.16
385.83
325.22
230.15
314.92
264.99
311.33
293.37
258.15
210.70
212.08
197.07
95.29
182.36
99.75
136.87
102.89
115.59
101.68
215.07
117.49
158.86
188.48
189.62
223.58
179.75
268.31
230.96
238.17
251.83
322.30
243.21
350.47
233.15
232.29
275.31
270.36
232.30
320.63
171.68
231.37
196.32
231.40
297.72
215.16
350.55
271.66
348.26
276.21
404.63
235.90
270.49
368.73
374.54
258.30
270.55
381.75
246.57
241.42
295.45
317.22
246.42
239.98
260.56
321.21
241.47
259.70
251.72
218.58
280.55
318.03
299.27
298.03
274.29
216.92
312.56
115.79
100.69
88.92
40.96
59.84
73.49
261.26
276.36
279.69
251.81
269.84
309.18
278.80
289.64
267.98
322.38
319.41
289.28
316.18
322.80
307.01
318.21
329.82
283.53
281.37
313.03
308.48
291.99
290.16
309.57
287.19
283.13
251.15
265.48
270.31
292.93
233.07
270.38
263.87
263.81
250.74
247.26
223.54
260.51
232.11
242.97
218.30
245.11
249.28
264.81
243.49
256.22
241.22
250.51
267.84
234.85
229.47
238.77
237.94
245.88
225.21
208.46
214.20
238.58
225.27
238.87
243.74
247.20
230.07
241.17
239.86
251.41
240.94
223.91
240.35
222.54
215.41
212.63
243.94
225.68
224.34
235.91
225.30
238.05
234.94
232.49
245.57
246.04
250.45
249.15
241.75
288.99
269.53
235.23
299.36
315.03
324.13
308.18
333.76
325.48
307.49
226.19
139.48
195.90
165.57
100.74
82.57
61.23
64.78
58.53
253.85
308.66
263.46
236.97
258.22
401.16
223.16
319.31
266.55
270.69
290.12
320.06
278.58
213.46
265.34
236.81
241.89
230.48
307.92
258.33
303.21
315.33
369.64
303.85
353.06
202.49
302.96
183.46
166.60
132.16
132.66
103.57
36.94
186.89
233.04
230.59
197.68
146.24
131.49
213.55
243.82
160.39
79.69
156.96
155.16
114.65
87.57
56.80
157.78
53.03
106.70
51.41
73.74
68.65
103.08
81.75
80.40
59.14
47.63
91.17
100.39
340.91
463.05
437.78
470.61
435.94
428.25
445.47
458.02
449.33
451.62
454.32
442.16
440.11
408.82
461.41
438.50
414.21
458.52
426.03
468.67
451.18
446.70
458.67
438.61
465.03
449.89
410.57
453.95
406.88
425.38
466.78
445.15
431.26
429.73
401.95
433.01
412.62
438.92
407.07
434.69
409.69
428.01
423.73
447.54
433.01
436.78
427.95
418.60
404.36
381.05
407.55
350.03
268.05
338.92
360.91
335.61
323.08
326.62
316.94
272.61
338.94
238.20
176.18
173.20
277.71
254.89
181.76
286.98
304.68
403.02
413.25
393.21
311.19
214.44
225.91
271.93
284.71
308.43
140.01
257.62
233.17
305.27
245.33
289.31
333.10
292.09
321.90
375.29
303.86
296.73
312.66
280.43
291.29
263.40
362.65
331.64
293.66
284.80
267.89
247.58
222.22
332.32
244.55
342.87
258.56
239.02
261.40
272.17
233.80
293.57
212.32
174.49
232.92
186.38
165.47
80.79
201.47
105.71
71.67
83.26
57.06
137.65
63.73
92.54
278.28
242.82
132.63
183.16
144.59
202.31
158.53
123.20
113.35
115.72
180.67
151.56
145.99
153.27
111.37
125.19
91.62
90.89
108.48
95.29
87.20
160.49
257.11
264.35
289.77
326.30
308.27
283.25
283.91
311.45
282.87
285.98
324.34
297.42
283.82
310.00
306.21
301.24
299.08
288.64
295.29
321.45
318.32
327.80
306.43
308.05
312.72
326.10
313.32
310.53
318.93
297.06
306.93
292.14
317.17
316.13
316.18
309.73
305.81
321.51
308.50
309.45
311.69
309.20
335.59
314.60
302.38
301.14
305.31
307.23
308.93
333.01
312.59
304.50
313.64
305.96
305.41
303.02
333.41
300.69
297.35
306.57
269.58
312.52
304.05
315.76
280.51
288.85
279.10
279.32
283.44
308.63
319.50
298.17
292.91
282.00
315.09
299.77
311.89
287.98
296.22
289.33
300.43
295.12
306.47
280.86
265.99
280.26
307.88
272.35
293.06
310.60
286.49
308.50
303.05
309.45
299.86
292.32
333.92
284.11
307.33
314.59
298.81
300.29
297.84
315.24
311.53
308.31
301.01
316.09
288.58
298.59
316.01
271.84
290.14
294.28
323.66
302.73
286.61
310.61
273.41
283.01
300.82
301.22
289.86
272.44
268.59
276.01
311.19
314.56
306.30
323.85
305.26
309.76
312.16
317.85
302.14
289.61
308.69
320.15
311.41
298.03
345.73
301.85
