0.00
448.75
437.83
423.45
365.88
457.07
373.08
390.71
372.60
273.44
325.39
384.73
301.02
345.72
301.56
284.13
273.15
263.05
222.74
290.13
203.12
311.87
239.83
325.24
231.29
249.19
256.26
239.37
219.38
209.65
232.69
244.47
235.58
211.00
211.09
237.63
219.62
211.68
221.02
205.71
256.53
193.80
236.83
277.03
231.70
221.68
230.53
234.55
217.24
196.71
226.87
249.29
275.49
232.86
232.00
237.98
214.78
216.23
283.17
318.71
310.81
228.67
257.44
152.99
233.95
195.62
194.32
188.78
176.01
163.59
178.71
224.60
166.12
184.27
181.77
135.68
153.32
161.96
159.87
174.33
172.77
170.61
164.48
168.63
112.00
144.04
113.27
162.45
151.84
142.12
110.91
113.42
134.51
128.24
163.76
101.76
86.13
98.89
101.48
77.61
56.58
71.79
73.49
139.22
73.25
84.32
131.11
105.49
85.70
98.83
122.25
148.40
72.71
59.23
110.50
98.33
99.31
77.79
115.91
94.70
112.63
95.36
160.56
101.85
106.47
101.02
144.88
87.35
107.40
120.48
140.92
106.08
127.10
117.86
145.95
201.60
158.76
123.75
144.31
150.27
145.96
162.72
158.85
182.04
173.20
231.49
212.11
230.10
194.98
238.85
181.47
200.56
193.12
149.50
194.88
172.15
206.43
223.38
204.85
236.73
202.49
240.00
177.42
224.72
176.82
157.12
180.11
171.62
189.51
153.51
223.87
235.31
265.08
217.14
195.11
187.18
195.85
174.91
178.79
183.81
196.07
209.95
187.20
172.78
205.59
176.35
118.00
93.38
73.61
61.62
118.35
89.16
181.76
103.95
96.77
136.42
96.59
116.78
97.49
98.31
