0.00
0.68
0.79
0.74
0.79
0.68
0.76
0.78
0.73
0.74
0.77
0.75
0.76
0.71
0.79
0.75
0.77
0.72
0.68
0.71
0.66
0.74
0.73
0.64
0.73
0.72
0.76
0.75
0.74
0.77
0.76
0.75
0.74
0.68
0.65
0.61
0.72
0.70
0.59
0.66
0.68
0.72
0.73
0.61
0.66
0.75
0.75
0.79
0.78
0.76
0.77
0.77
0.74
0.76
0.70
0.73
0.68
0.73
0.78
0.72
0.76
0.73
0.76
0.78
0.76
0.73
0.76
0.75
0.76
0.75
0.77
0.77
0.78
0.69
0.74
0.77
0.79
0.74
0.76
0.69
0.71
0.73
0.78
0.76
0.68
0.73
0.66
0.78
0.70
0.76
0.71
0.75
0.74
0.73
0.73
0.73
0.71
0.73
0.70
0.71
0.73
0.66
0.70
0.70
0.69
0.69
0.68
0.72
0.70
0.69
0.63
0.69
0.67
0.70
0.67
0.72
0.59
0.65
0.63
0.70
0.61
0.67
0.68
0.63
0.67
0.64
0.66
0.71
0.68
0.62
0.62
0.65
0.60
0.61
0.61
0.62
0.64
0.61
0.63
0.57
0.56
0.60
0.59
0.62
0.60
0.62
0.57
0.61
0.53
0.62
0.58
0.60
0.58
0.58
0.61
0.58
0.58
0.56
0.55
0.58
0.55
0.60
0.60
0.59
0.56
0.56
0.55
0.58
0.61
0.55
0.54
0.56
0.58
0.54
0.60
0.56
0.58
0.60
0.64
0.63
0.60
0.59
0.59
0.62
0.59
0.60
0.56
0.63
0.55
0.57
0.62
0.62
0.65
0.63
0.64
0.56
0.63
0.63
0.60
0.64
0.59
0.63
0.64
0.64
0.65
0.69
0.68
0.65
0.65
0.66
0.61
0.57
0.63
0.67
0.68
0.67
0.68
0.65
0.67
0.67
0.65
0.66
0.58
0.72
0.66
0.67
0.69
0.62
0.62
0.61
0.62
0.69
0.69
0.67
0.69
0.66
0.71
0.69
0.70
0.65
0.72
0.72
0.59
0.68
0.56
0.68
0.62
0.70
0.69
0.68
0.62
0.70
0.61
0.69
0.67
0.73
0.64
0.69
0.63
0.69
0.71
0.69
0.73
0.72
0.62
0.71
0.69
0.68
0.64
0.68
0.70
0.66
0.69
0.71
0.66
0.65
0.66
0.70
0.68
0.72
0.71
0.65
0.71
0.66
0.71
0.72
0.71
0.68
0.62
0.70
0.65
0.56
0.60
0.67
0.63
0.65
0.68
0.64
0.61
0.63
0.71
0.64
0.69
0.59
0.67
0.68
0.68
0.71
0.70
0.71
0.71
0.72
0.70
0.68
0.71
0.72
0.71
0.64
0.69
0.68
0.65
0.66
0.69
0.68
0.69
0.63
0.67
0.62
0.66
0.72
0.73
0.75
0.74
0.75
0.74
0.73
0.73
0.69
0.70
0.73
0.69
0.71
0.69
0.70
0.65
0.66
0.66
0.69
0.68
0.61
0.68
0.66
0.63
0.65
0.60
0.67
0.55
0.55
0.62
0.66
0.65
0.59
0.63
0.65
0.65
0.64
0.69
0.60
0.51
0.62
0.66
0.65
0.66
0.55
0.68
0.58
0.66
0.54
0.70
0.66
0.67
0.69
0.69
0.64
0.69
0.67
0.71
0.75
0.72
0.72
0.73
0.77
0.74
0.74
0.77
0.72
0.76
0.73
0.73
0.68
0.73
0.72
0.73
0.77
0.75
0.73
0.76
0.72
0.71
0.74
0.76
0.74
0.75
0.74
0.73
0.74
0.73
0.71
0.63
0.68
0.68
0.65
0.69
0.70
0.67
0.69
0.68
0.68
0.67
0.65
0.67
0.66
0.67
0.69
0.66
0.68
0.64
0.60
0.64
0.67
0.64
0.65
0.66
0.70
0.68
0.68
0.63
0.68
0.68
0.64
0.74
0.70
0.70
0.71
0.70
0.67
0.65
0.67
0.61
0.57
0.64
0.51
0.60
0.51
0.63
0.57
0.57
0.54
0.67
0.62
0.65
0.63
0.47
0.62
0.51
0.63
0.68
0.67
0.62
0.70
0.70
0.66
0.66
0.64
0.64
0.56
0.70
0.56
0.64
0.64
0.62
0.64
0.63
0.65
0.60
0.61
0.62
0.58
0.55
0.60
0.63
0.59
0.57
0.66
0.61
0.55
0.54
0.50
0.66
0.55
0.61
0.54
0.71
0.68
0.62
0.62
0.55
0.52
0.55
0.61
0.60
0.47
0.46
0.48
0.58
0.52
0.42
0.40
0.54
0.49
0.47
0.52
0.46
0.44
0.41
0.52
0.38
0.47
0.44
0.40
0.45
0.41
0.40
0.48
0.51
0.51
0.47
0.47
0.34
0.47
0.44
0.46
0.47
0.35
0.50
0.36
0.35
0.41
0.41
0.40
0.44
0.46
0.55
0.57
0.45
0.45
0.50
0.49
0.46
0.46
0.63
0.57
0.61
0.60
0.60
0.58
0.62
0.66
0.62
0.50
0.52
0.68
0.66
0.69
0.64
0.61
0.57
0.67
0.70
0.66
0.62
0.61
0.62
0.63
0.62
0.62
0.62
0.62
0.59
0.59
0.59
0.62
0.62
0.65
0.59
0.68
0.66
0.66
0.68
0.65
0.62
0.67
0.68
0.71
0.73
0.72
0.65
0.65
0.69
0.68
0.65
0.69
0.69
0.70
0.73
0.69
0.71
0.69
0.72
0.69
0.67
0.69
0.67
0.71
0.66
0.74
0.71
0.70
0.71
0.69
0.65
0.70
0.64
0.69
0.63
0.69
0.62
0.68
0.67
0.70
0.53
0.70
0.65
0.66
0.66
0.72
0.70
0.68
0.58
0.58
0.68
0.66
0.60
0.60
0.53
0.51
0.47
0.48
0.62
0.69
0.63
0.63
0.58
0.62
0.57
0.59
0.45
0.50
0.48
0.49
0.55
0.54
0.55
0.54
0.45
0.56
0.48
0.56
0.61
0.62
0.63
0.59
0.59
0.56
0.58
0.55
0.54
0.57
0.61
0.56
0.59
0.61
0.62
0.63
0.62
0.65
