0.00
0.80
0.84
0.82
0.84
0.84
0.84
0.82
0.84
0.82
0.84
0.84
0.84
0.83
0.84
0.82
0.85
0.86
0.84
0.85
0.84
0.85
0.84
0.86
0.83
0.85
0.82
0.84
0.83
0.83
0.82
0.83
0.84
0.80
0.84
0.81
0.84
0.82
0.83
0.82
0.82
0.83
0.83
0.83
0.83
0.82
0.83
0.81
0.82
0.79
0.82
0.78
0.82
0.79
0.83
0.78
0.69
0.72
0.70
0.71
0.66
0.65
0.64
0.59
0.60
0.52
0.49
0.50
0.46
0.48
0.50
0.48
0.50
0.51
0.51
0.46
0.67
0.49
0.56
0.63
0.62
0.65
0.57
0.65
0.58
0.75
0.72
0.65
0.74
0.69
0.67
0.54
0.60
0.65
0.59
0.61
0.63
0.59
0.71
0.58
0.59
0.63
0.61
0.70
0.71
0.67
0.74
0.75
0.75
0.71
0.76
0.64
0.74
0.74
0.69
0.81
0.80
0.77
0.76
0.79
0.76
0.78
0.80
0.78
0.81
0.75
0.70
0.66
0.73
0.70
0.66
0.69
0.67
0.67
0.74
0.75
0.71
0.72
0.72
0.73
0.72
0.66
0.65
0.68
0.65
0.64
0.68
0.68
0.70
0.52
0.75
0.50
0.54
0.59
0.52
0.54
0.56
0.52
0.64
0.52
0.45
0.60
0.62
0.64
0.56
0.56
0.53
0.67
0.61
0.59
0.56
0.51
0.44
0.45
0.65
0.57
0.52
0.34
0.43
0.38
0.41
0.27
0.42
0.52
0.37
0.50
0.53
0.55
0.42
0.45
0.29
0.45
0.50
0.30
0.18
0.18
0.16
0.12
0.18
0.08
0.38
0.36
0.31
0.29
0.39
0.29
0.21
0.29
0.46
0.45
0.42
0.21
0.44
0.43
