0.00
335.53
251.45
361.06
366.31
398.61
326.35
344.78
223.43
371.71
344.49
297.65
341.36
269.86
326.86
300.94
230.14
281.10
266.98
291.46
197.73
271.32
224.34
315.32
219.33
357.61
303.79
253.57
219.63
253.87
365.97
321.35
324.28
301.63
301.94
233.96
315.49
232.69
235.08
277.60
229.20
251.27
235.05
237.20
200.33
246.58
276.11
235.14
297.00
200.56
296.75
255.57
211.63
309.33
254.44
206.81
247.38
278.12
267.33
247.79
219.89
256.25
180.37
192.01
224.83
226.32
255.15
144.22
239.54
187.88
157.83
179.27
178.90
152.47
177.28
209.89
187.48
153.02
191.38
244.36
234.78
202.80
238.60
154.79
154.12
147.19
152.51
205.06
150.11
194.19
244.53
180.59
160.73
139.02
131.43
149.54
117.30
189.65
83.85
123.39
128.87
226.01
251.95
207.22
179.06
164.47
198.25
225.67
193.01
236.16
112.43
198.86
155.59
185.67
208.32
172.48
159.59
166.70
128.91
173.38
156.28
293.43
196.33
140.10
125.33
199.16
127.35
148.49
113.56
148.80
63.58
135.96
124.62
62.18
63.81
88.84
167.60
118.79
96.62
102.28
85.66
32.16
95.65
129.63
105.86
150.72
108.75
118.45
93.86
107.46
141.70
79.39
113.26
67.14
197.02
89.81
103.35
159.28
169.87
114.23
134.03
127.78
127.68
124.56
99.56
145.21
170.71
108.93
94.81
143.70
146.72
126.71
111.41
158.85
115.00
119.17
179.07
177.84
158.74
148.25
157.69
85.71
182.83
123.36
114.04
120.86
102.10
110.53
151.44
69.07
89.32
109.83
51.78
138.71
116.87
68.58
99.56
80.68
79.41
134.08
121.87
112.56
110.01
88.30
111.30
101.71
82.21
131.69
144.23
157.71
75.10
108.34
105.50
65.83
97.86
91.75
191.28
183.21
174.64
110.00
67.77
196.56
174.43
146.11
115.83
127.06
118.85
67.07
108.11
108.03
185.03
185.63
128.07
152.52
130.68
102.22
79.63
62.63
142.03
177.15
102.67
71.35
211.34
218.12
179.75
157.77
77.89
83.43
91.25
136.06
191.08
104.06
146.35
103.75
127.05
102.74
124.04
195.58
127.18
179.11
130.61
177.41
164.64
173.08
173.59
169.28
163.29
155.01
128.30
152.40
159.66
125.13
141.22
153.61
141.82
97.44
85.92
73.89
110.00
176.81
120.74
95.51
84.06
77.30
94.12
97.31
131.52
186.31
115.40
106.30
124.61
59.73
129.32
104.55
113.47
89.90
123.99
62.13
71.53
85.45
70.33
79.70
162.93
104.06
54.63
74.42
146.85
114.01
171.52
106.22
174.10
154.72
118.38
183.76
157.78
115.49
102.82
39.04
123.29
