0.012448
2.455602
0.148824
0.135893
0.120343
0.126976
0.112033
0.114680
0.098012
0.120191
0.110631
0.117857
0.115319
0.109894
0.111107
0.118991
0.136111
0.125208
0.117324
0.119546
0.112114
0.123009
0.120148
0.141495
0.129831
0.119100
0.113697
0.134956
0.126523
0.139180
0.123421
0.125986
0.123706
0.130285
0.113970
0.117446
0.134756
0.141618
0.152513
0.138063
0.136461
0.143646
0.130595
0.179045
0.157412
0.146943
0.131372
0.152522
0.142295
0.160967
0.143812
0.141149
0.158818
0.140636
0.144911
0.139482
0.143208
0.142219
0.142141
0.147929
0.155999
0.135193
0.136710
0.139417
0.142593
0.144942
0.143408
0.149795
0.147318
0.176737
0.144626
0.141358
0.153803
0.153734
0.155861
0.141974
0.153901
0.136294
0.150965
0.136403
0.143104
0.141197
0.181996
0.151287
0.138120
0.149740
0.153507
0.150705
0.142330
0.144442
0.140746
0.153138
0.141999
0.150982
0.142644
0.153939
0.135246
0.143376
0.150939
0.136188
0.147798
0.142433
0.142362
0.151580
0.143899
0.137138
0.142170
0.153040
0.147090
0.167153
0.206872
0.139044
0.145935
0.151580
0.133496
0.148889
0.157963
0.135557
0.139382
0.137633
0.145580
0.168418
0.199619
0.162171
0.148486
0.158610
0.133026
0.144841
0.152902
0.158544
0.141448
0.138502
0.136123
0.169523
0.150854
0.152103
0.144521
0.142811
0.140195
0.159384
0.149863
0.143579
0.149076
0.146015
0.140379
0.137666
0.144136
0.141206
0.145498
0.137019
0.177905
0.168737
0.140686
0.135094
0.141868
0.171517
0.167012
0.139595
0.148427
0.188115
0.141338
0.145339
0.132869
0.144510
0.139088
0.146529
0.145679
0.133964
0.135386
0.135895
0.142895
0.144196
0.132502
0.134619
0.136329
0.138887
0.134769
0.150851
0.148507
0.144644
0.149618
0.148704
0.159111
0.146325
0.145039
0.157534
0.148923
0.138102
0.138570
0.149497
0.134393
0.151052
0.135035
0.147634
0.155519
0.181204
0.149243
0.154358
0.140967
0.145604
0.131026
0.138457
0.140406
0.138463
0.156256
0.160708
0.142600
0.136700
0.141829
0.142009
0.144709
0.143031
0.144572
0.133781
0.141302
0.150800
0.167006
0.137378
0.141894
0.142397
0.154062
0.167511
0.159741
0.152390
0.138727
0.148054
0.144883
0.139505
0.139746
0.137646
0.131969
0.139537
0.141751
0.147886
0.143962
0.150276
0.147791
0.144890
0.138713
0.143702
0.145476
0.160016
0.134881
0.142934
0.150543
0.160028
0.146135
0.139270
0.165539
0.128357
0.147222
0.140575
0.137985
0.135583
0.140037
0.129158
0.150363
0.132468
0.143409
0.136230
0.155839
0.134834
0.131835
0.141161
0.138293
0.138526
0.145080
0.143311
0.153938
0.170654
0.137369
0.137439
0.136274
0.141394
0.133719
0.150151
0.136115
0.176043
0.152872
0.141307
0.154631
0.136096
0.150137
0.148575
0.140237
0.156846
0.146255
0.135419
0.152705
0.137713
0.134064
0.138687
0.153811
0.128429
0.143928
0.139363
0.120415
0.118547
0.125655
0.129491
0.128237
0.137615
0.118943
0.129107
0.126161
0.127364
0.125838
0.117000
0.133733
0.127579
0.111266
0.120615
0.119829
0.120881
0.113925
0.122024
0.120803
0.121071
0.135058
0.133355
0.127808
0.113468
0.128889
0.122238
0.112975
0.118883
0.118260
0.126853
0.126739
0.128531
0.121343
0.125356
0.115340
0.121020
0.129330
0.139682
0.118859
0.117178
0.125179
0.153750
0.125764
0.113188
0.120380
0.117985
0.116777
0.126854
0.121547
0.131754
0.130496
0.140540
0.159473
0.116679
0.123291
0.123143
0.126746
0.112496
0.149373
0.122220
0.120373
0.130754
0.119447
0.120098
0.119841
0.121884
0.127107
0.122103
0.130299
0.120578
0.121736
0.135100
0.136889
0.128218
0.116270
0.119339
0.116511
0.112226
0.129418
0.122497
0.137926
0.121859
0.121937
0.124814
0.124686
0.119466
0.118462
0.112821
0.119533
0.119969
0.119331
0.132583
0.125834
0.119292
0.112357
0.153980
0.132462
0.134448
0.130326
0.117180
0.125579
0.123970
0.118516
0.121238
0.122447
0.122687
0.122615
0.122476
0.115268
0.117349
0.124933
0.122156
0.119274
0.151000
0.151095
0.136683
0.114742
0.120127
0.120963
0.136752
0.114023
0.115710
0.117549
0.121121
0.125544
0.123362
0.119371
0.123687
0.128550
0.122736
0.111975
0.138010
0.130876
0.139209
0.144485
0.140061
0.145500
0.137912
0.174516
0.150207
0.152790
0.152786
