0.00
0.76
0.76
0.75
0.70
0.77
0.71
0.72
0.71
0.60
0.66
0.71
0.68
0.69
0.66
0.63
0.61
0.61
0.57
0.65
0.56
0.65
0.56
0.66
0.55
0.59
0.62
0.58
0.56
0.54
0.57
0.59
0.57
0.56
0.55
0.59
0.56
0.56
0.56
0.54
0.62
0.54
0.54
0.65
0.58
0.54
0.53
0.57
0.54
0.52
0.56
0.59
0.62
0.56
0.57
0.56
0.56
0.50
0.61
0.68
0.67
0.56
0.58
0.38
0.51
0.48
0.44
0.48
0.45
0.44
0.46
0.54
0.38
0.47
0.47
0.44
0.44
0.43
0.39
0.45
0.50
0.48
0.48
0.39
0.36
0.36
0.34
0.44
0.39
0.42
0.34
0.25
0.39
0.35
0.43
0.35
0.30
0.33
0.37
0.32
0.25
0.30
0.31
0.22
0.29
0.35
0.46
0.42
0.36
0.40
0.41
0.48
0.26
0.29
0.39
0.35
0.34
0.30
0.38
0.35
0.40
0.37
0.49
0.38
0.37
0.38
0.45
0.37
0.39
0.43
0.46
0.39
0.41
0.41
0.46
0.54
0.47
0.44
0.47
0.45
0.46
0.47
0.49
0.51
0.50
0.60
0.56
0.57
0.52
0.59
0.55
0.55
0.53
0.47
0.55
0.50
0.56
0.56
0.56
0.56
0.54
0.58
0.50
0.56
0.52
0.49
0.54
0.55
0.50
0.49
0.56
0.56
0.60
0.54
0.52
0.52
0.52
0.50
0.50
0.51
0.52
0.52
0.53
0.49
0.54
0.50
0.41
0.37
0.32
0.32
0.35
0.34
0.44
0.34
0.32
0.41
0.28
0.38
0.33
0.34
