0.015891
0.135274
0.144686
0.150102
0.134262
0.147957
0.156453
0.142128
0.148327
0.150134
0.156782
0.152600
0.152494
0.143144
0.151846
0.142663
0.140161
0.167219
0.149184
0.155827
0.136118
0.154066
0.150592
0.149150
0.139682
0.144891
0.146814
0.146993
0.146482
0.150686
0.142223
0.153351
0.158104
0.136199
0.162025
0.141178
0.137079
0.142856
0.142839
0.149926
0.144053
0.145873
0.156435
0.159082
0.133717
0.149722
0.153850
0.142260
0.146728
0.141768
0.174546
0.155877
0.148147
0.156129
0.133378
0.160049
0.151300
0.142560
0.140014
0.149215
0.141793
0.134138
0.143823
0.143950
0.136270
0.147246
0.164141
0.144312
0.142488
0.150530
0.153419
0.141952
0.152111
0.153001
0.144945
0.149854
0.148642
0.138180
0.154725
0.140147
0.135346
0.148030
0.133877
0.172950
0.132811
0.140418
0.152043
0.145208
0.144795
0.154691
0.143409
0.145636
0.154901
0.154143
0.137995
0.150389
0.158257
0.162311
0.144640
0.147907
0.143038
0.151165
0.137352
0.146629
0.151256
0.147686
0.134842
0.145162
0.148222
0.147525
0.149833
0.155780
0.153888
0.157928
0.150451
0.149052
0.132288
0.142103
0.137151
0.158787
0.176924
0.155364
0.141488
0.205928
0.152180
0.175459
0.151694
0.149068
0.148507
0.164267
0.147847
0.145559
0.149379
0.152266
0.161089
0.142348
0.164369
0.152200
0.139540
0.150438
0.145830
0.134821
0.152422
0.145394
0.152725
0.139493
0.158788
0.140723
0.144467
0.143283
0.133242
0.152629
0.151414
0.153698
0.151873
0.162399
0.147900
0.146201
0.144145
0.147018
0.142099
0.143152
0.152217
0.145168
0.150029
0.141004
0.151069
0.148385
0.147099
0.154043
0.144292
0.138432
0.142467
0.149587
0.147132
0.148869
0.135612
0.152753
0.145396
0.152922
0.152134
0.140878
0.152337
0.156916
0.145550
0.149909
0.146115
0.141190
0.138241
0.138136
0.144914
0.145870
0.145198
0.137527
0.154454
0.161171
0.147037
0.146493
0.145846
0.148832
0.143217
0.162718
0.148848
0.146786
0.146741
0.137546
0.150963
0.140794
0.151817
0.143602
0.135225
0.142462
0.134514
0.158595
0.155286
0.155131
0.154645
0.138344
0.141326
0.146680
0.142862
0.162755
0.146498
0.139934
0.145201
0.140086
0.152471
0.145502
0.153501
0.143763
0.145155
0.151164
0.143316
0.149561
0.155674
0.140579
0.139622
0.150321
0.150989
0.168303
0.134306
0.153850
0.142117
0.144984
0.149358
0.134678
0.155810
0.131325
0.145215
0.139857
0.157179
0.141418
0.147228
0.211539
0.152084
0.160274
0.143816
0.178245
0.141058
0.168570
0.144490
0.148383
0.164143
0.145886
0.151926
0.150255
0.160451
0.151239
0.142515
0.155350
0.136939
0.141666
0.145965
0.155630
0.150548
0.145422
0.144904
0.148026
0.156109
0.144714
0.145745
0.146157
0.150977
0.146510
0.143228
0.163375
0.143300
0.139759
0.138156
0.140673
0.156177
0.133350
0.153450
0.133798
0.146486
0.153944
0.133408
0.146775
0.152359
0.136700
0.145053
0.149027
0.151185
0.149628
0.152882
0.154206
0.131078
0.146249
0.147885
0.150682
0.166596
0.152328
0.135795
0.148865
0.143334
0.153118
0.144338
0.153092
0.139629
0.152488
0.138571
0.153004
0.146552
0.150126
0.162279
0.138803
0.148726
0.155872
0.133267
0.151376
0.152581
0.142970
0.145183
0.138459
0.142525
0.140847
0.155546
0.140596
0.137825
0.142810
0.177104
0.133482
0.139804
0.153879
0.137076
0.139791
0.158567
0.140980
0.142905
0.164655
0.133640
0.147338
0.180503
0.140686
0.135829
0.142979
0.146092
0.147348
0.147851
0.156664
0.139978
0.162677
0.136699
0.144269
0.143147
0.149794
0.160733
0.154571
0.152585
0.157334
0.152822
0.148196
0.156643
0.172919
0.141959
0.174724
0.152932
0.162881
0.142847
0.155480
0.154775
0.148650
0.161108
0.152374
0.165671
0.171288
0.215582
0.153283
0.135758
0.144184
0.151874
0.154224
0.147902
0.158782
0.153199
0.147694
0.148852
0.145669
0.167716
0.151515
0.142190
0.136805
0.141597
0.136830
0.150427
0.137811
0.148360
0.150251
0.142699
0.144673
0.138165
0.156319
0.175768
0.167346
0.178523
0.146216
0.149324
0.144788
0.147203
0.154141
0.161141
0.159321
0.158049
0.128881
0.141968
0.149742
0.136113
0.146112
0.145622
0.166264
0.155928
0.156230
0.152117
0.147612
0.152466
0.148800
0.151828
0.153919
0.152947
0.147544
0.139249
0.136037
0.130972
0.147639
0.156610
0.155260
0.148088
0.140842
0.139884
0.151318
0.147161
0.152135
0.148942
0.158304
0.153831
0.146765
0.154212
0.151888
0.148812
0.151989
0.146612
0.146766
0.139843
0.143908
0.141077
0.149160
0.147260
0.150970
0.150322
0.153274
0.148090
0.140368
0.181937
0.149562
0.149991
0.145639
0.158571
0.140724
0.154394
0.139424
0.140689
0.156866
0.148783
0.142327
0.142955
0.149880
0.131614
0.159321
0.142413
0.143288
0.151151
0.142488
0.196700
0.154852
0.135105
0.147934
0.150449
0.145674
0.143504
0.151266
0.147382
0.148775
0.158864
0.167448
0.141541
0.152090
0.147836
0.152713
0.164426
0.154298
0.142498
0.141856
0.158038
0.164228
0.151152
0.150283
0.150299
0.151945
0.137935
0.140497
0.152104
0.160745
0.143257
0.149983
0.149056
0.165456
0.147548
0.135835
0.148571
0.143059
0.147013
0.151599
0.141767
0.152808
0.154701
0.159360
0.145511
0.152198
0.151890
0.150259
0.151957
0.145974
0.141473
0.151637
0.137965
0.155300
0.154393
0.141575
0.149611
0.136060
0.139055
0.145852
0.149406
0.150672
0.144667
0.167659
0.151141
0.156790
0.154015
0.163460
0.152053
0.153915
0.155418
0.160818
0.152513
0.147219
0.145211
0.136625
0.149575
0.145492
0.128812
0.147828
0.151738
0.141655
0.137824
0.157444
0.150309
0.140779
0.146915
0.141827
0.146717
0.149694
0.136762
0.147952
0.147315
0.154280
0.149934
0.144419
0.140373
0.136987
0.151307
0.146303
0.149763
0.150211
0.158933
0.142764
0.142276
0.152857
0.163328
0.140591
0.138237
0.154979
0.153990
0.137006
0.147881
0.146692
0.147090
0.134786
0.156927
0.154643
0.191876
0.154844
0.138669
0.155293
0.149259
0.158758
0.135765
0.160728
0.159472
0.137639
0.157809
0.154447
0.154057
0.143939
0.143997
0.150003
0.153229
0.149711
0.152429
0.159398
0.144680
0.145818
0.153833
0.159415
0.194712
0.140904
0.143562
0.155656
0.148641
0.146613
0.156590
0.153062
0.142632
0.155340
0.156843
0.150437
0.148223
0.149704
0.153806
0.152884
0.157086
0.136607
0.153628
0.153258
0.149707
0.150522
0.158477
0.148603
0.136925
0.135228
0.138125
0.147045
0.138404
0.148278
0.152322
0.151394
0.155017
0.144612
0.146577
0.148158
0.135386
0.140656
0.149559
0.139400
0.134965
0.148441
0.159122
0.154269
0.155962
0.138108
0.152081
0.143178
0.147867
0.145105
0.147906
0.154211
0.161081
0.145909
0.156552
0.132832
0.180510
0.154793
0.150009
0.133290
0.154407
0.177409
0.152991
0.151492
0.145656
0.148207
0.152766
0.153893
0.137613
0.146341
0.153188
0.140925
