0.00
190.29
370.95
431.79
407.80
328.09
409.67
369.60
379.70
403.47
342.17
422.65
393.50
296.04
393.44
378.49
413.47
383.79
373.02
351.69
389.44
350.72
454.67
442.99
433.29
379.49
446.02
335.89
347.96
378.80
330.49
429.88
360.03
414.22
328.59
443.72
345.77
346.67
300.27
363.71
252.05
312.90
235.54
308.72
357.75
294.56
335.85
289.50
219.90
238.02
240.13
284.67
200.84
276.82
283.33
256.39
312.64
243.33
230.17
301.18
340.73
299.15
286.68
249.05
285.47
272.38
210.62
246.69
326.65
241.42
320.89
283.95
315.56
268.75
242.82
317.76
290.76
309.33
301.73
279.85
275.04
295.60
186.35
390.18
355.42
300.19
237.33
277.81
280.34
219.49
317.10
311.22
346.46
411.00
429.41
386.71
408.67
460.19
415.58
358.12
369.97
433.91
439.13
283.67
355.32
370.92
375.35
337.46
399.65
324.88
469.41
294.32
284.65
340.46
409.67
405.89
464.48
479.67
