0.011391
0.166029
0.153634
0.144395
0.154585
0.145589
0.163839
0.148007
0.144518
0.142693
0.148009
0.158017
0.147303
0.149428
0.155965
0.155029
0.154505
0.183172
0.145837
0.174450
0.147874
0.162728
0.148154
0.149316
0.156293
0.144991
0.148972
0.164200
0.158660
0.151756
0.155682
0.147002
0.147669
0.162088
0.146658
0.160411
0.148031
0.151915
0.148508
0.146042
0.151908
0.197294
0.156482
0.141685
0.143465
0.143772
0.148878
0.162935
0.210956
0.247192
0.168332
0.168577
0.142233
0.150951
0.176682
0.141223
0.141446
0.148676
0.171305
0.154937
0.158769
0.148878
0.151223
0.147704
0.148000
0.154592
0.143036
0.145914
0.140862
0.145474
0.146087
0.144167
0.148527
0.147554
0.159551
0.151630
0.145905
0.146681
0.145408
0.154117
0.144532
0.147666
0.167015
0.189055
0.162130
0.169430
0.157339
0.148635
0.145130
0.147415
0.160686
0.155226
0.149246
0.144085
0.143948
0.145423
0.156472
0.158596
0.174295
0.144895
0.161146
0.161511
0.164411
0.153211
0.148762
0.157317
0.151276
0.160408
0.206846
0.199100
0.162859
0.147376
0.158513
0.163298
0.158737
0.155488
0.168388
0.154228
