0.00
0.55
0.52
0.57
0.57
0.60
0.55
0.60
0.53
0.64
0.57
0.63
0.48
0.57
0.67
0.54
0.66
0.49
0.58
0.30
0.62
0.59
0.64
0.57
0.61
0.59
0.63
0.64
0.62
0.59
0.67
0.60
0.55
0.65
0.63
0.64
0.66
0.53
0.64
0.65
0.63
0.65
0.51
0.49
0.55
0.53
0.67
0.66
0.63
0.69
0.65
0.46
0.66
0.66
0.54
0.70
0.66
0.68
0.55
0.63
0.69
0.60
0.63
0.66
0.57
0.66
0.64
0.61
0.63
0.61
0.63
0.62
0.72
0.56
0.62
0.60
0.61
0.66
0.35
0.65
0.67
0.68
0.59
0.55
0.65
0.63
0.48
0.66
0.64
0.61
0.65
0.61
0.65
0.66
0.59
0.59
0.54
0.65
0.59
0.57
0.61
0.63
0.53
0.66
0.58
0.52
0.63
0.65
0.52
0.67
0.55
0.61
0.55
0.54
0.51
0.53
0.52
0.60
0.54
0.59
0.63
0.52
0.57
0.68
0.52
0.56
0.52
0.61
0.51
0.54
0.61
0.53
0.51
0.63
0.50
0.56
0.53
0.51
0.50
0.49
0.63
0.65
0.53
0.49
0.63
0.52
0.64
0.48
0.60
0.59
0.54
0.54
0.55
0.50
0.55
0.34
0.66
0.54
0.31
0.61
0.45
0.64
0.52
0.55
0.55
0.59
0.57
0.52
0.55
0.67
0.45
0.52
0.64
0.64
0.40
0.56
0.52
0.58
0.51
0.42
0.62
0.66
0.54
0.50
0.60
0.60
0.70
0.45
0.47
0.62
0.42
0.55
0.66
0.65
0.58
0.49
0.66
0.64
0.49
0.67
0.57
0.64
0.57
0.59
0.63
0.57
0.59
0.54
0.60
0.64
0.60
0.53
0.51
0.61
0.56
0.56
0.58
0.60
0.59
0.54
0.50
0.48
0.56
0.26
0.54
0.59
0.57
0.27
0.53
0.55
0.50
0.43
0.49
0.60
0.62
0.58
0.44
0.45
0.40
0.48
0.53
0.43
0.43
0.53
0.53
0.56
0.28
0.33
0.36
0.45
0.42
0.42
0.43
0.44
0.48
0.48
0.43
0.47
0.53
0.50
0.49
0.46
0.46
0.48
0.39
0.39
0.51
0.52
0.31
0.44
0.40
0.46
0.45
0.47
0.39
0.38
0.39
0.47
0.39
0.50
0.38
0.41
0.43
0.40
0.37
0.33
0.42
0.47
0.40
0.39
0.42
0.35
0.38
0.18
0.34
0.35
0.32
0.34
0.37
0.29
0.35
0.36
0.42
0.37
0.20
0.36
0.38
0.29
0.41
0.37
0.26
0.29
0.31
0.37
0.28
0.22
0.25
0.36
0.14
0.46
0.41
0.33
0.27
0.33
0.22
0.35
0.34
0.47
0.21
0.29
0.29
0.33
0.25
0.33
0.17
0.24
0.40
0.30
0.19
0.21
0.32
0.22
0.08
0.28
0.30
0.28
0.29
0.23
0.45
0.28
0.26
0.27
0.26
0.13
0.31
0.28
0.19
0.30
0.33
0.17
0.30
0.18
0.22
0.32
0.34
0.33
0.25
0.27
0.14
0.28
0.30
0.20
0.29
0.27
0.28
0.24
0.16
0.17
0.25
0.17
0.25
0.38
0.16
0.26
0.35
0.44
0.16
0.26
0.27
0.20
0.26
0.30
0.41
0.23
0.18
0.14
0.15
0.23
0.36
0.23
0.26
0.28
0.11
0.30
0.31
0.34
0.27
0.23
0.29
0.36
0.24
0.10
0.41
0.20
0.34
0.28
0.21
0.20
0.27
0.27
0.40
0.24
0.32
0.30
0.25
0.37
0.26
0.35
0.25
0.30
0.29
0.27
0.31
0.19
0.39
0.21
0.33
0.24
0.43
0.21
0.17
0.19
0.33
0.14
0.07
0.23
0.09
0.23
0.13
0.14
0.09
0.07
0.11
0.04
0.24
0.05
0.13
0.10
0.25
0.15
0.13
0.08
0.17
0.06
0.12
0.12
0.17
0.13
0.12
0.14
0.10
0.12
0.04
0.12
0.12
0.18
0.05
0.22
0.14
0.08
0.18
0.27
0.09
0.07
0.18
0.16
0.27
0.27
0.32
0.19
0.20
0.29
0.09
0.19
0.27
0.16
0.22
0.26
0.21
0.09
0.18
0.10
0.30
0.26
0.18
0.14
0.22
0.32
0.12
0.26
0.27
0.15
0.23
0.25
0.19
0.24
0.16
0.19
0.15
0.27
0.17
0.18
0.11
0.26
0.23
0.25
0.18
0.22
0.33
0.15
0.25
0.41
0.19
0.24
0.24
0.22
0.17
0.24
0.26
0.25
0.19
0.18
0.30
0.22
0.28
0.16
0.32
0.12
0.32
0.19
0.25
0.40
0.21
0.11
0.16
0.21
0.15
0.20
0.15
0.10
0.16
