0.010471
0.133903
0.137360
0.136955
0.152162
0.137500
0.151604
0.138587
0.143686
0.137804
0.134070
0.138956
0.161008
0.158726
0.170830
0.144620
0.152194
0.138054
0.149553
0.139427
0.149047
0.127878
0.133641
0.145572
0.145242
0.143738
0.129593
0.134245
0.140615
0.151481
0.133878
0.143173
0.139701
0.139314
0.141394
0.149698
0.156580
0.129240
0.139960
0.147148
0.142549
0.147166
0.140545
0.143936
0.130504
0.141772
0.141410
0.141952
0.132482
0.142524
0.141689
0.133872
0.142413
0.133678
0.149277
0.137397
0.171427
0.138295
0.124098
0.148443
0.176551
0.147133
0.147862
0.130787
0.150284
0.134391
0.140494
0.149381
0.131210
0.147892
0.140916
0.157726
0.148806
0.144562
0.140122
0.137251
0.136983
0.143463
0.136789
0.154370
0.139005
0.138202
0.143043
0.134064
0.152472
0.134696
0.144989
0.136785
0.162587
0.152049
0.127602
0.130964
0.146617
0.149006
0.141668
0.141290
0.132820
0.148782
0.147696
0.144100
0.129471
0.162080
0.132102
0.178061
0.165318
0.137946
0.146258
0.136667
0.137754
0.138690
0.146652
0.158355
0.143574
0.141555
0.161942
0.183819
0.152067
0.141733
0.134219
0.141426
0.143685
0.139158
0.128516
0.139816
0.139949
0.140888
0.150661
0.143708
0.132924
0.155584
0.156819
0.146789
0.143353
0.160254
0.147618
0.166296
0.146863
0.137371
0.146805
0.140628
0.143742
0.142719
0.136678
0.146661
0.150378
0.151324
0.176959
0.151504
0.135900
0.130541
0.142486
0.130487
0.147582
0.135447
0.145334
0.152612
0.160757
0.159588
0.171532
0.136000
0.148993
0.132705
0.148721
0.134705
0.142938
0.160274
0.142047
0.136975
0.149930
0.135439
0.145669
0.175225
0.129774
0.160913
0.155331
0.156318
0.133827
0.131104
0.144659
0.137465
0.138154
0.133041
0.138261
0.132587
0.125067
0.127635
0.136686
0.149187
0.155138
0.141814
0.146201
0.143413
0.160062
0.145816
0.141916
0.129897
0.126060
0.140314
0.137383
0.131114
0.141678
0.172236
0.141105
0.159885
0.135548
0.136993
0.143396
0.146308
0.157706
0.136363
0.150099
0.139403
0.163293
0.191171
0.140941
0.134650
0.130172
0.138359
0.137656
0.139727
0.136690
0.130552
0.147939
0.138818
0.146827
0.137321
0.133277
0.139641
0.145556
0.174301
0.147578
0.153776
