0.00
226.32
226.55
305.35
207.35
236.96
370.02
233.47
242.21
269.53
291.35
311.86
298.92
341.79
289.33
306.58
218.56
260.64
305.72
240.28
234.86
296.56
220.42
228.94
227.97
297.59
271.13
255.18
335.70
229.71
205.84
283.67
236.33
313.08
261.12
252.53
237.57
245.60
266.44
218.26
203.86
256.10
148.33
294.38
248.81
276.77
217.81
290.06
201.84
241.36
264.05
286.93
232.93
277.68
274.37
278.00
306.94
330.64
214.02
266.97
249.11
230.77
294.66
224.07
218.27
299.42
258.91
259.36
241.61
280.72
244.82
269.65
298.10
240.08
200.36
294.45
292.39
303.23
213.75
272.87
210.90
255.47
268.31
316.11
297.34
226.58
331.00
201.21
222.48
221.94
257.39
215.46
258.85
215.81
199.63
187.96
187.41
168.75
140.29
182.18
184.80
110.01
203.60
125.83
169.95
164.41
146.01
64.15
100.18
138.86
76.24
36.33
28.38
129.20
85.40
141.53
71.93
141.83
74.03
95.07
124.56
121.00
91.25
103.91
54.01
90.25
106.34
222.72
149.27
109.22
121.09
82.24
77.86
90.49
67.55
80.66
113.43
101.23
112.01
105.37
49.15
45.10
61.42
29.52
32.14
63.66
111.55
81.48
120.52
87.98
96.40
114.58
46.31
116.04
116.89
59.62
89.21
63.52
70.70
73.83
151.66
95.80
83.05
74.54
55.38
105.74
42.64
48.15
95.80
122.84
188.87
149.90
248.97
157.18
217.61
158.11
258.33
138.03
236.09
214.37
177.56
163.40
163.21
134.67
250.58
225.61
230.96
163.52
148.52
118.51
181.94
155.85
180.57
199.01
163.48
186.10
159.83
210.77
111.43
135.73
62.37
153.59
91.17
80.10
129.34
89.79
85.20
89.02
98.66
78.79
106.01
116.55
126.57
74.68
93.37
106.12
105.40
142.11
181.45
163.85
215.95
139.61
153.47
103.62
119.14
204.80
141.04
194.14
68.15
69.11
164.50
91.97
