0.012424
0.147643
0.169836
0.153429
0.149188
0.142568
0.174590
0.163440
0.151540
0.162246
0.138915
0.161994
0.145941
0.152559
0.151732
0.183723
0.145581
0.147618
0.154460
0.150127
0.147104
0.149521
0.150326
0.161677
0.185657
0.173639
0.170138
0.156035
0.145041
0.148212
0.170694
0.159753
0.150242
0.148592
0.149707
0.161137
0.143459
0.147819
0.150638
0.161802
0.146783
0.154487
0.183015
0.158245
0.153727
0.143657
0.166646
0.169350
0.144413
0.146347
0.141320
0.137239
0.143981
0.158722
0.144853
0.150835
0.143435
0.146519
0.141987
0.145895
0.151483
0.142369
0.142349
0.143490
0.154045
0.146420
0.149014
0.154103
0.139182
0.151958
0.144283
0.148721
0.132440
0.148014
0.136351
0.149551
0.154139
0.150081
0.152419
0.147266
0.150202
0.165005
