0.017078
0.134773
0.129326
0.125519
0.143905
0.146912
0.126061
0.124730
0.127732
0.129075
0.126447
0.155559
0.135920
0.121715
0.128039
0.124497
0.127188
0.121261
0.121089
0.142288
0.145528
0.144258
0.147941
0.169271
0.142766
0.152042
0.155670
0.154938
0.155859
0.145072
0.149085
0.147021
0.153052
0.163147
0.157836
0.148326
0.148977
0.176878
0.153695
0.168994
0.161187
0.180808
0.167373
0.170966
0.150645
0.166826
0.155459
0.152715
0.169797
0.155477
0.152911
0.160760
0.157017
0.173678
0.250743
0.161490
0.181325
0.183964
0.158249
0.140197
0.145641
0.126554
0.134565
0.136576
0.134363
0.232318
0.140113
0.136292
0.170177
0.143364
0.136846
0.135012
0.148269
0.137231
0.152333
0.145456
0.150299
0.167644
0.146358
0.187107
0.135852
0.135674
0.140268
0.133057
0.134665
0.142051
0.153657
0.129004
0.141148
0.136858
0.130648
0.143362
0.161928
0.149186
0.154857
0.142280
0.155363
0.157329
0.146176
0.160468
0.156140
0.147581
0.155851
0.144804
0.143576
0.177244
0.153167
0.150460
0.165034
0.147086
0.147344
0.159069
0.151098
0.147050
0.149755
0.147165
0.147743
0.160354
0.151080
0.170806
0.182112
0.144182
0.154607
0.151531
0.150886
0.170758
0.151564
0.163464
0.181399
0.153468
0.145203
0.146919
0.146573
0.149726
0.152263
0.154033
0.149392
0.160018
0.158216
0.151693
0.152698
0.165252
0.146714
0.149309
0.148384
0.161895
0.162764
0.160339
0.162455
0.158020
0.159132
0.154824
0.152757
0.177089
0.161086
0.160234
0.178623
0.171349
0.168233
0.179684
0.174927
0.154310
0.182459
0.181062
0.177670
0.176058
0.158227
0.196310
0.173236
0.167619
0.186187
0.166019
0.159700
0.168458
0.164889
0.160705
0.163923
0.157515
0.179569
0.172383
0.158709
0.173189
0.173687
0.171662
0.149553
0.157575
0.159945
0.175514
0.180972
0.162881
0.174849
0.173195
0.161104
0.189252
0.169788
0.159396
0.165752
0.161978
0.192989
0.186480
0.150491
0.168727
0.191523
0.170704
0.161665
0.182365
0.159851
0.183615
0.179896
0.168836
0.177233
0.174933
0.148193
0.157336
0.157203
0.163489
0.155172
0.212798
0.153004
0.182904
0.172217
0.173973
0.203467
0.219377
0.176087
0.154037
0.158466
0.165700
0.146396
0.176210
0.189522
0.154264
0.148922
0.149871
0.148840
0.151693
0.192634
0.152219
0.171488
0.163095
0.159172
0.171557
0.160439
0.153968
0.150890
0.152512
0.167323
0.159126
0.154598
0.162775
0.152722
0.146330
0.147188
0.166520
0.149183
0.147606
0.147841
0.187191
0.164716
0.149498
0.166861
0.153291
0.171594
0.157130
0.145959
0.160331
0.148477
0.158054
0.151590
0.158163
0.150466
0.147362
0.156803
0.160983
0.151631
0.146751
0.158028
0.145041
0.147419
0.151333
0.142664
0.153411
0.144403
0.153350
0.147715
0.142992
0.145675
0.144914
0.144043
0.143739
0.144090
0.161478
