0.00
562.50
569.29
562.39
555.31
564.73
562.30
557.04
556.41
559.36
555.00
556.15
542.77
558.35
533.51
538.55
543.57
536.10
534.49
552.56
523.84
563.88
548.47
564.40
562.77
566.27
566.80
566.84
561.62
565.98
557.42
552.70
562.59
559.01
550.64
560.00
547.60
560.45
558.94
553.18
539.97
539.56
534.65
536.85
530.43
530.03
512.92
529.94
547.25
523.89
532.19
533.02
524.84
524.77
542.49
542.83
529.60
534.85
539.28
543.88
512.51
525.06
536.76
491.25
548.14
453.54
494.54
491.81
506.36
494.36
520.27
489.05
521.84
495.03
490.58
489.02
380.25
516.43
422.86
465.50
430.69
513.33
449.11
395.61
353.32
352.67
312.50
401.64
289.91
197.38
143.55
208.93
176.33
239.39
124.94
218.16
231.81
275.55
266.29
213.49
225.18
216.66
195.45
175.40
85.72
98.81
161.55
148.26
97.64
151.56
85.83
193.09
218.14
211.89
210.39
209.81
210.49
176.94
60.08
25.76
16.97
160.58
164.27
157.38
185.89
98.54
18.91
124.37
171.26
151.37
223.99
161.33
127.61
79.95
103.29
46.63
36.54
72.61
92.90
173.89
297.65
304.11
236.98
86.76
57.04
94.74
367.85
500.95
449.20
438.59
446.96
482.97
444.57
483.80
434.58
415.74
477.40
411.29
455.29
451.95
394.75
403.06
457.41
454.37
422.31
493.01
426.20
465.23
500.92
472.87
523.11
405.43
480.38
438.71
478.46
361.49
484.52
522.14
357.79
464.61
418.24
411.92
428.16
312.75
437.31
401.64
457.94
432.10
446.98
456.90
361.06
417.32
437.00
440.44
342.60
449.69
266.20
300.12
318.11
365.73
383.38
416.95
339.22
258.74
404.97
413.13
351.85
352.42
346.28
354.18
347.38
411.31
365.01
244.25
382.77
290.84
395.72
414.48
362.42
390.49
217.46
261.74
339.83
233.06
350.85
342.36
290.13
293.17
257.14
308.07
318.33
337.56
258.03
334.00
357.00
327.43
347.92
318.83
350.96
296.61
299.18
350.68
325.50
346.09
384.65
356.40
355.61
289.30
364.92
363.48
269.44
374.11
337.35
371.23
345.25
323.91
400.61
365.51
400.22
382.83
368.63
366.79
371.79
391.54
408.82
365.65
380.50
388.54
385.54
329.91
374.72
409.50
314.13
344.09
362.48
349.48
330.15
341.26
327.15
373.31
308.16
368.93
345.09
345.08
356.01
352.28
380.16
330.32
337.71
295.86
316.19
324.82
