0.00
284.19
381.41
275.38
454.99
354.01
447.04
329.67
362.15
408.85
314.59
389.29
327.83
351.15
371.01
290.69
400.97
308.41
387.97
339.20
404.79
381.34
364.34
272.38
417.68
375.21
336.84
325.93
318.48
315.08
392.24
433.94
378.67
401.15
366.03
403.04
436.81
244.11
397.04
381.12
374.12
342.06
404.73
384.04
234.81
293.74
287.51
289.16
336.15
431.43
360.95
320.29
421.23
384.10
338.38
332.43
381.59
309.80
297.17
369.22
362.88
293.93
394.01
390.96
399.66
413.50
372.75
403.43
391.93
414.61
406.57
411.41
429.10
424.97
381.83
350.60
424.60
401.22
386.37
326.34
337.60
341.25
213.19
308.05
269.32
269.31
205.81
236.13
261.79
213.25
387.53
235.61
314.40
314.65
403.95
295.90
323.06
404.43
354.71
368.24
367.99
406.77
306.12
374.57
329.62
387.08
374.54
441.94
378.54
418.95
318.71
349.14
403.17
433.02
471.45
306.63
375.26
391.99
438.99
244.71
438.41
341.28
416.16
412.45
335.42
260.83
382.00
354.07
377.68
267.80
434.76
334.07
420.64
397.61
340.32
416.82
441.33
331.38
339.37
340.55
345.23
417.30
327.68
406.67
333.58
334.29
407.94
300.39
327.42
407.45
413.45
286.20
308.88
355.19
261.43
349.56
372.74
318.93
237.16
420.67
363.86
279.54
361.91
322.67
333.74
275.94
304.30
254.20
250.61
299.72
299.48
343.62
342.59
341.15
333.94
253.92
363.77
313.96
257.25
251.24
324.76
281.52
256.63
364.18
264.51
327.81
329.22
278.21
360.14
279.79
358.56
342.86
272.11
222.46
335.84
303.75
311.06
291.31
267.02
296.28
324.23
266.39
247.37
324.71
331.79
274.61
241.70
204.94
306.43
197.50
220.01
312.70
193.74
241.56
326.81
251.12
217.15
253.38
260.09
275.14
245.83
218.22
270.68
267.27
205.98
235.03
217.05
183.80
259.04
237.32
224.41
245.27
247.35
172.33
236.40
208.95
164.79
222.50
263.16
167.36
153.39
151.91
231.67
182.92
241.29
214.60
206.12
231.39
160.74
229.30
187.03
199.91
224.86
243.33
192.83
292.21
204.54
165.30
239.16
177.54
173.25
206.95
174.40
169.65
148.19
168.12
169.00
192.41
164.06
189.00
124.39
153.85
173.73
157.88
199.99
178.84
102.71
159.78
163.56
184.13
175.12
198.90
189.56
132.73
111.10
111.72
134.70
130.74
117.46
114.19
110.12
183.46
88.02
147.69
108.52
75.78
100.44
115.87
100.56
165.86
82.94
145.46
106.91
101.34
112.58
58.42
101.52
117.01
65.76
39.10
78.76
94.39
121.62
95.42
57.19
131.57
52.86
102.65
102.62
90.92
86.28
154.05
166.90
142.34
60.75
89.19
91.14
113.09
127.12
96.34
95.82
116.27
114.37
69.22
65.20
34.06
71.84
78.20
72.72
80.00
94.41
91.08
86.69
95.87
92.20
81.17
87.13
103.26
87.25
91.93
91.19
80.23
94.46
106.56
84.23
107.09
77.61
97.39
89.71
202.69
82.25
91.43
108.96
111.00
100.08
91.66
85.08
97.26
94.25
110.28
72.02
101.20
83.48
95.60
95.28
119.05
81.89
75.92
85.74
85.04
82.75
77.10
100.04
78.82
98.73
88.47
89.34
104.40
99.25
112.02
151.70
85.63
99.08
89.83
92.24
94.14
90.49
94.96
93.96
99.13
120.41
91.43
107.00
89.54
96.31
111.60
140.99
102.17
161.07
147.91
101.45
94.81
101.11
118.56
111.84
131.13
119.07
202.02
85.84
194.21
144.43
92.99
198.05
193.08
102.22
81.66
97.02
114.52
237.00
148.07
100.59
96.48
113.06
151.23
146.62
96.56
108.91
122.92
130.73
198.52
122.95
93.61
123.67
78.33
129.05
180.31
119.03
135.62
158.82
95.32
129.65
170.26
176.42
137.41
207.88
144.32
115.80
115.37
161.96
124.29
115.99
145.43
132.18
103.52
109.28
148.95
158.77
126.09
92.60
148.03
207.13
122.69
131.82
293.44
227.21
166.57
266.65
273.80
189.81
292.82
207.33
306.26
198.45
205.26
221.91
154.22
180.93
126.53
274.98
262.47
225.53
240.20
235.90
210.16
280.93
257.62
102.41
315.41
252.30
208.72
243.75
216.18
306.62
196.35
227.20
239.11
200.61
305.69
289.21
144.95
322.22
252.35
209.38
302.23
234.18
252.07
274.71
267.79
309.01
312.27
227.65
179.13
253.29
220.43
299.58
244.11
338.95
333.58
312.32
324.82
332.26
292.08
313.84
291.38
278.33
311.90
364.53
197.06
257.52
302.31
341.07
275.23
199.92
322.28
282.86
287.38
208.10
311.44
303.45
288.69
302.50
286.16
303.58
248.02
369.53
307.41
355.56
284.41
299.13
268.57
276.09
288.67
258.36
338.64
325.34
231.71
343.90
317.97
339.49
250.86
311.07
298.00
290.69
308.59
310.76
199.44
345.00
299.36
296.43
285.05
364.53
252.08
340.10
329.78
282.82
301.32
302.46
327.15
341.31
344.44
310.20
245.68
306.02
280.57
322.32
275.11
