0.00
0.74
0.81
0.78
0.72
0.66
0.57
0.71
0.67
0.61
0.52
0.56
0.60
0.58
0.68
0.63
0.61
0.61
0.65
0.58
0.61
0.56
0.57
0.64
0.51
0.50
0.52
0.56
0.58
0.57
0.55
0.58
0.62
0.53
0.52
0.55
0.64
0.51
0.51
0.51
0.59
0.56
0.64
0.65
0.71
0.62
0.75
0.73
0.65
0.65
0.74
0.70
0.69
0.61
0.75
0.74
0.71
0.72
0.71
0.68
0.65
0.69
0.65
0.61
0.64
0.57
0.66
0.65
0.63
0.63
0.65
0.59
0.68
0.63
0.62
0.50
0.61
0.55
0.64
0.51
0.47
0.52
0.41
0.40
0.50
0.44
0.48
0.37
0.57
0.47
0.36
0.36
0.35
0.51
0.38
0.32
0.38
0.36
0.29
0.29
0.31
0.17
0.19
0.18
0.24
0.23
0.16
0.11
0.19
0.28
0.25
0.25
0.32
0.31
0.46
0.27
0.29
0.33
0.20
0.32
0.28
0.25
0.35
0.21
0.36
0.38
0.42
0.32
0.45
0.42
0.52
0.47
0.45
0.44
0.34
0.33
0.31
0.28
0.13
0.30
0.11
0.14
0.12
0.15
0.17
0.40
0.32
0.08
0.28
0.40
0.31
0.27
0.49
0.40
0.30
0.42
0.44
0.46
0.37
0.35
0.40
0.50
0.50
0.45
0.43
0.39
0.57
0.51
0.42
0.46
0.42
0.38
0.57
0.46
0.43
0.43
0.44
0.36
0.37
0.52
0.32
0.37
0.21
0.18
0.20
0.24
0.27
0.31
0.44
0.22
0.28
0.36
0.55
0.36
0.43
0.47
0.42
0.61
0.33
0.39
0.54
0.35
0.28
0.26
0.23
0.59
0.66
0.55
0.47
0.60
0.60
0.45
0.56
0.42
0.51
0.51
0.59
0.67
0.64
0.55
0.55
0.61
0.60
0.67
0.63
0.67
0.64
0.72
0.71
0.68
0.61
0.68
0.71
0.70
0.62
0.70
0.57
0.61
0.62
0.70
0.57
0.63
0.64
0.62
0.60
0.64
0.41
0.58
0.48
0.22
0.38
0.36
0.49
0.51
0.48
0.36
0.43
0.53
0.54
0.29
0.50
0.51
0.55
0.63
0.64
0.59
0.45
0.58
0.58
0.58
0.53
0.47
0.42
0.58
0.43
0.46
0.63
0.52
0.41
0.53
0.54
0.54
0.45
0.50
0.30
0.46
0.56
0.42
0.45
0.35
0.30
0.47
0.56
0.44
0.66
0.54
0.51
0.60
0.49
0.52
0.52
0.66
0.59
0.69
0.56
0.69
0.61
0.63
0.72
0.65
0.60
0.36
0.55
0.53
0.63
0.65
0.49
0.42
0.30
0.43
0.49
0.34
0.33
0.55
0.32
0.20
0.20
0.14
0.27
0.16
0.17
0.14
0.33
0.25
0.35
0.14
0.09
0.31
0.30
0.27
0.11
0.24
0.21
0.20
0.32
0.10
0.15
0.19
0.17
0.23
0.37
0.38
0.47
0.50
0.44
0.28
0.46
0.43
0.41
0.51
0.56
0.48
0.60
0.60
0.61
0.58
0.59
0.58
0.41
0.50
0.44
0.22
0.40
0.36
0.32
0.24
0.41
0.23
0.32
0.21
0.33
0.11
0.24
0.35
0.26
0.23
0.22
0.24
0.28
0.41
0.26
0.28
0.22
0.18
0.25
0.20
0.35
0.18
0.32
0.12
0.19
0.20
0.24
0.27
0.07
0.23
0.09
0.18
0.13
0.18
0.26
0.20
0.20
0.11
0.16
0.14
0.26
0.18
0.14
0.23
0.21
0.13
0.25
0.14
0.16
0.21
0.22
0.15
0.18
0.22
0.21
0.27
0.14
0.33
0.08
0.05
0.14
0.09
0.04
0.13
0.31
0.40
0.28
0.17
0.23
0.37
0.18
0.24
0.24
0.17
0.10
0.14
0.18
0.15
0.15
0.29
0.23
0.19
0.27
0.20
0.23
0.39
0.24
0.16
0.11
0.14
0.23
0.14
0.29
0.12
0.31
0.38
0.25
0.23
0.22
0.22
0.34
0.10
0.14
0.25
0.17
0.05
0.25
0.13
0.19
0.10
0.15
0.12
0.15
0.15
0.24
0.28
0.15
0.09
0.19
0.08
0.52
0.42
0.48
0.58
0.59
0.67
0.70
0.71
0.70
0.66
0.66
0.71
0.62
0.56
0.65
0.69
0.59
0.66
0.60
0.50
0.66
0.59
0.61
0.58
0.46
0.46
0.52
0.66
0.54
0.26
