0.023937
0.153514
0.133600
0.121351
0.126179
0.126873
0.136821
0.123577
0.128274
0.122418
0.118004
0.132720
0.129349
0.121009
0.149837
0.128105
0.127103
0.123862
0.130715
0.154885
0.150716
0.158193
0.152219
0.173791
0.152343
0.146208
0.146953
0.146511
0.157643
0.161693
0.146279
0.151222
0.149790
0.156555
0.142267
0.158010
0.153202
0.164462
0.150755
0.149945
0.140341
0.151074
0.144663
0.151155
0.138394
0.148520
0.146413
0.157408
0.148315
0.142349
0.145368
0.144027
0.143930
0.155513
0.161772
0.147890
0.141549
0.156094
0.144118
0.162890
0.157777
0.143206
0.157111
0.142019
0.145857
0.162189
0.149342
0.152878
0.168366
0.153616
0.149133
0.144445
0.146614
0.142278
0.160070
0.168641
0.152397
0.154903
0.146736
0.146909
0.148407
0.147187
0.159044
0.157648
0.149669
0.151411
0.151878
0.161164
0.145889
0.177928
0.161552
0.193119
0.155608
0.150963
0.154489
0.149714
0.170361
0.148325
0.157537
0.154459
0.143088
0.160721
0.147572
0.149334
0.144498
0.149766
0.147186
0.138913
0.146338
0.147998
0.149256
0.146250
0.151891
0.159201
0.149876
0.146911
0.156064
0.146350
0.145066
0.148887
0.149119
0.152784
0.146304
0.143743
0.145411
0.163403
0.140576
0.151176
0.144587
0.150260
0.146506
0.160653
0.145326
0.151649
0.143951
0.150427
0.150515
0.144420
0.146042
0.153819
0.154123
0.149578
0.142083
0.145208
0.149583
0.143314
0.144573
0.162548
0.158220
0.151425
0.152979
0.156974
0.143514
0.161611
0.150819
0.160352
0.146481
0.146654
0.148072
0.164627
0.162829
0.161400
0.151747
0.155956
0.163230
0.160755
0.146687
0.155889
0.163501
0.145495
0.152317
0.148624
0.149920
0.164986
0.143554
0.150980
0.159995
0.159611
0.164119
0.162485
0.166165
0.168808
0.150036
0.146411
0.144701
0.139369
0.155866
0.151911
0.147788
0.149113
0.151457
0.137021
0.152574
0.147214
0.151745
0.154210
0.165317
0.145105
0.157283
0.139000
0.148720
0.147556
0.149602
0.158401
0.167992
0.136778
0.146356
0.155630
0.152486
0.156547
0.160102
0.141395
0.143706
0.155966
0.148046
0.152459
0.142677
0.149049
0.160230
0.153260
0.155625
0.151081
0.145753
0.146570
0.150062
0.150390
0.159635
0.156070
0.153081
0.162638
0.160168
0.155859
0.169894
0.155745
0.146554
0.150220
0.152254
0.143018
0.154552
0.140370
0.153111
0.185446
0.164342
0.147767
0.157254
0.151166
0.157392
0.146810
0.154258
0.152426
0.157948
0.144639
0.147500
0.153152
0.154134
0.153907
0.146715
0.145651
0.146810
0.153783
0.167499
0.145062
0.143559
0.153226
0.156456
0.151701
0.145601
0.146573
0.150150
0.146413
0.148214
0.155962
0.177447
0.156407
0.149757
0.151080
0.156234
0.155382
0.145311
0.155239
0.148928
0.142357
0.156057
0.142540
0.152362
0.150058
0.149183
0.145356
0.155347
0.150133
0.146160
0.154799
0.180951
0.155173
0.157611
0.145109
0.140832
0.156604
0.145709
0.157690
0.150286
0.141719
0.146079
0.157299
0.158225
0.153913
0.149907
0.155291
0.144220
0.148871
0.153487
0.139405
0.151093
0.149363
0.159405
0.146665
0.155592
0.148674
0.162315
0.143815
0.147681
0.150666
0.151604
0.143906
0.154989
0.158026
0.140649
0.151506
0.151965
0.167115
0.151159
0.163216
0.162233
0.147491
0.146388
0.150497
0.146583
0.146894
0.145060
0.147692
0.152025
0.142630
0.160354
0.150381
0.152375
0.139778
0.151097
0.158750
0.151011
0.184319
