0.00
0.58
0.71
0.71
0.70
0.69
0.64
0.58
0.69
0.68
0.70
0.70
0.70
0.71
0.67
0.68
0.67
0.59
0.69
0.65
0.59
0.63
0.70
0.70
0.69
0.69
0.68
0.70
0.69
0.70
0.63
0.70
0.68
0.70
0.71
0.71
0.72
0.67
0.59
0.71
0.71
0.70
0.65
0.64
0.70
0.69
0.68
0.67
0.69
0.69
0.67
0.66
0.63
0.67
0.67
0.64
0.62
0.66
0.50
0.62
0.65
0.65
0.64
0.66
0.65
0.64
0.58
0.64
0.63
0.69
0.60
0.64
0.51
0.70
0.68
0.65
0.69
0.67
0.62
0.66
0.57
0.68
0.55
0.60
0.63
0.63
0.51
0.63
0.55
0.63
0.51
0.64
0.56
0.54
0.55
0.57
0.61
0.53
0.59
0.53
0.56
0.57
0.60
0.49
0.58
0.53
0.60
0.56
0.56
0.63
0.61
0.62
0.55
0.59
0.60
0.64
0.53
0.60
0.56
0.58
0.60
0.56
0.64
0.55
0.64
0.62
0.53
0.57
0.54
0.55
0.40
0.35
0.45
0.47
0.47
0.42
0.52
0.42
0.36
0.46
0.45
0.50
0.48
0.40
0.30
0.45
0.39
0.52
0.47
0.40
0.40
0.40
0.37
0.34
0.37
0.41
0.45
0.33
0.21
0.33
0.42
0.44
0.30
0.39
0.24
0.28
0.18
0.26
0.23
0.21
0.09
0.25
0.06
0.10
0.13
0.17
0.26
0.20
0.24
0.27
0.28
0.21
0.24
0.36
0.27
0.25
0.35
0.29
0.27
0.21
0.25
0.22
0.31
0.27
0.14
0.25
0.10
0.16
0.11
0.21
0.19
0.17
0.15
0.06
0.13
0.07
0.21
0.20
0.16
0.27
0.10
0.18
0.07
0.16
0.14
0.27
0.33
0.34
0.44
0.22
0.30
0.38
0.34
0.33
0.36
0.31
0.32
0.25
0.26
0.49
0.26
0.35
0.11
0.12
0.12
0.11
0.07
0.10
0.12
0.21
0.12
0.08
0.12
0.12
0.14
0.25
0.25
0.16
0.10
0.11
0.05
0.09
0.06
0.16
0.09
0.16
0.13
0.31
0.49
0.26
0.48
0.48
0.18
0.15
0.24
0.25
0.28
0.33
0.24
0.28
0.19
0.33
0.23
0.15
0.27
0.17
0.15
0.22
0.28
0.11
0.17
0.43
0.40
0.13
0.12
0.15
0.37
0.15
0.27
0.15
0.21
0.32
0.17
0.31
0.05
0.27
0.15
0.23
0.38
0.22
0.24
0.22
0.23
0.24
0.25
0.31
0.38
0.38
0.55
0.37
0.38
0.40
0.21
0.35
0.33
0.30
0.08
0.11
0.15
0.19
0.18
0.28
0.18
0.29
0.43
0.41
0.40
0.47
0.48
0.43
0.36
0.45
0.42
0.44
0.45
0.51
0.57
0.62
0.62
0.54
0.54
0.49
0.56
0.60
0.58
0.61
0.60
0.60
0.62
0.54
0.57
0.52
0.55
