0.007507
0.136482
0.114524
0.118367
0.128593
0.122670
0.135851
0.111731
0.130345
0.126847
0.129966
0.143167
0.114232
0.121046
0.127319
0.135954
0.131302
0.139066
0.144094
0.147833
0.157314
0.141612
0.136142
0.160300
0.153873
0.156077
0.147872
0.151335
0.141684
0.150340
0.144581
0.153028
0.148268
0.143409
0.146941
0.172922
0.151114
0.144662
0.142969
0.146701
0.149632
0.146004
0.159302
0.138823
0.159222
0.152495
0.145871
0.152388
0.167570
0.140018
0.137583
0.140101
0.145133
0.147722
0.149195
0.142644
0.140129
0.149323
0.140911
0.143087
0.135590
0.141469
0.147591
0.149509
0.137386
0.143402
0.145324
0.137676
0.140827
0.149420
0.150462
0.155483
0.143728
0.155967
0.142131
0.146272
0.150509
0.145130
0.151173
0.139284
0.150359
0.151957
0.143773
0.150090
0.164203
0.159956
0.146155
0.146154
0.146204
0.151820
0.137814
0.135134
0.145838
0.146175
0.150784
0.158607
0.147290
0.138358
0.146335
0.157542
0.145307
0.145951
0.150401
0.157285
0.143057
0.145050
0.153669
0.147535
0.156260
0.135992
0.148196
0.145363
0.150256
0.145126
0.137992
0.139339
0.142138
0.148558
0.146924
0.131886
0.137989
0.148538
0.149575
0.151781
0.146357
0.135578
0.143670
0.145406
0.149202
0.145972
0.146462
0.146923
0.151931
0.138766
0.139391
0.145446
0.153967
0.144159
0.134940
0.141484
0.148767
0.141748
0.135123
0.145772
0.156334
0.163737
0.135640
0.145566
0.149755
0.138387
0.141995
0.154034
0.139024
0.148082
0.147112
0.152153
0.152416
0.156887
0.137673
0.159473
0.146949
0.147359
0.138949
0.145340
0.142881
0.148436
0.141414
0.143366
0.150258
0.154365
0.141836
0.141245
0.152122
0.149947
0.144977
0.173158
0.145810
0.148267
0.151277
0.146702
0.150042
0.131169
0.144370
0.139425
0.151093
0.141927
0.141474
0.135035
0.158787
0.143373
0.149209
0.146876
0.149903
0.158520
0.142747
0.150073
0.147290
0.181090
0.146149
0.144024
0.143135
0.137583
0.152485
0.169991
0.140722
0.160260
0.147088
0.152717
0.145280
0.150078
0.146858
0.154829
0.145288
0.155245
0.170181
0.141334
0.139169
0.150930
0.150527
0.146440
0.146225
0.151871
0.152614
0.152735
0.147496
0.144401
0.158468
0.155877
0.136474
0.138906
0.144982
0.160628
0.142970
0.142534
0.140382
0.149815
0.148597
0.139507
0.145660
0.139025
0.143136
0.145178
0.144343
0.153050
0.150640
0.150589
0.149566
0.139574
0.142602
0.134799
0.146585
0.155114
0.147789
0.139627
0.131142
0.146354
0.148805
0.145715
0.147032
0.156276
0.146518
0.151140
0.150753
0.149438
0.150864
0.149618
0.138356
0.144985
0.146481
0.146085
0.140369
0.146005
0.143515
0.147591
0.155269
0.140368
0.147667
0.147835
0.148273
0.147450
0.146424
0.143887
0.149563
0.144170
0.151868
0.153935
0.163978
0.156737
0.153727
0.135540
0.145005
0.143952
0.129824
0.146131
0.151572
0.152248
0.159995
0.137623
