0.00
0.69
0.69
0.62
0.72
0.73
0.50
0.66
0.66
0.58
0.70
0.73
0.54
0.60
0.68
0.58
0.56
0.59
0.58
0.49
0.36
0.53
0.47
0.42
0.44
0.44
0.48
0.51
0.51
0.32
0.39
0.42
0.28
0.49
0.45
0.48
0.52
0.61
0.44
0.58
0.43
0.58
0.28
0.29
0.40
0.25
0.62
0.65
0.33
0.30
0.13
0.35
0.23
0.23
0.45
0.27
0.36
0.52
0.22
0.15
0.25
0.22
0.23
0.11
0.07
0.08
0.23
0.31
0.45
0.35
0.36
0.21
0.28
0.15
0.10
0.05
0.03
0.03
0.28
0.09
0.05
0.29
0.04
0.08
0.07
0.13
0.12
0.13
0.40
0.09
0.14
0.08
0.05
0.16
0.08
0.24
0.18
0.33
0.18
0.09
0.21
0.37
0.49
0.24
0.27
0.16
0.44
0.41
0.47
0.21
0.40
0.19
0.22
0.24
0.29
0.35
0.56
0.29
0.42
0.26
0.27
0.39
0.24
0.34
0.50
0.41
0.14
0.37
0.26
0.13
0.22
0.39
0.12
0.11
0.47
0.45
0.40
0.45
0.45
0.39
0.49
0.38
0.34
0.43
0.34
0.46
0.45
0.50
0.42
0.47
0.39
0.38
0.54
0.43
0.33
0.41
0.30
0.42
0.45
0.35
0.45
0.43
0.43
0.46
0.53
0.33
0.50
0.41
0.37
0.52
0.46
0.47
0.33
0.42
0.48
0.45
0.42
0.41
0.50
0.47
0.36
0.44
0.45
0.44
0.27
0.51
0.35
0.40
0.47
0.36
0.30
0.52
0.46
0.50
0.52
0.21
0.37
0.17
0.38
0.36
0.30
0.29
0.39
0.42
0.45
0.29
0.30
0.31
0.37
0.43
0.36
0.36
0.33
0.27
0.29
0.36
0.20
0.18
0.32
0.27
0.46
0.30
0.30
0.18
0.13
0.29
0.12
0.31
0.11
0.23
0.17
0.18
0.16
0.16
0.21
0.26
0.20
0.17
0.39
0.23
0.21
0.18
0.17
0.14
0.08
0.32
0.31
0.33
0.34
0.29
0.39
0.32
0.23
0.32
0.29
0.26
0.27
0.24
0.23
0.38
0.30
0.29
0.24
0.13
0.14
0.08
0.04
0.32
0.22
0.21
0.31
0.29
0.21
0.07
0.07
0.04
0.02
0.49
0.34
0.38
0.39
0.29
0.36
0.32
0.39
0.41
0.38
0.46
0.36
0.35
0.43
0.38
0.33
0.38
0.34
0.38
0.43
0.33
0.31
0.36
0.36
0.33
0.45
0.31
0.38
0.31
0.30
0.07
0.10
0.09
0.02
0.34
0.07
0.30
0.26
0.18
0.03
0.08
0.18
0.14
0.21
0.15
0.22
0.30
0.30
0.43
0.24
0.18
0.28
