0.00
0.64
0.74
0.75
0.67
0.71
0.73
0.70
0.74
0.68
0.75
0.73
0.74
0.74
0.72
0.71
0.73
0.76
0.80
0.81
0.82
0.81
0.82
0.80
0.80
0.78
0.78
0.80
0.79
0.80
0.79
0.79
0.80
0.80
0.80
0.80
0.80
0.79
0.79
0.79
0.78
0.79
0.78
0.80
0.79
0.79
0.79
0.77
0.77
0.79
0.77
0.79
0.78
0.79
0.77
0.77
0.80
0.78
0.78
0.78
0.77
0.78
0.80
0.79
0.80
0.80
0.80
0.80
0.80
0.81
0.81
0.81
0.80
0.81
0.80
0.81
0.80
0.81
0.81
0.79
0.80
0.81
0.80
0.81
0.80
0.82
0.82
0.81
0.82
0.81
0.82
0.82
0.83
0.82
0.83
0.83
0.82
0.81
0.81
0.82
0.81
0.81
0.80
0.82
0.82
0.81
0.81
0.83
0.81
0.82
0.82
0.77
0.81
0.81
0.82
0.82
0.81
0.82
0.82
0.82
0.81
0.81
0.79
0.81
0.81
0.82
0.81
0.82
0.81
0.82
0.82
0.81
0.81
0.79
0.80
0.80
0.80
0.81
0.81
0.81
0.80
0.81
0.81
0.80
0.80
0.79
0.79
0.77
0.79
0.80
0.77
0.78
0.77
0.78
0.77
0.76
0.75
0.80
0.79
0.79
0.78
0.77
0.77
0.73
0.75
0.80
0.80
0.80
0.80
0.78
0.76
0.75
0.80
0.80
0.81
0.80
0.79
0.81
0.79
0.78
0.83
0.81
0.82
0.78
0.81
0.80
0.82
0.81
0.78
0.79
0.83
0.82
0.81
0.82
0.80
0.82
0.82
0.82
0.83
0.80
0.83
0.82
0.83
0.83
0.82
0.84
0.84
0.84
0.82
0.83
0.83
0.83
0.81
0.84
0.82
0.84
0.83
0.84
0.83
0.84
0.83
0.83
0.84
0.82
0.84
0.84
0.84
0.84
0.84
0.84
0.83
0.84
0.85
0.83
0.85
0.83
0.84
0.83
0.85
0.84
0.84
0.84
0.85
0.84
0.84
0.84
0.83
0.84
0.85
0.84
0.83
0.84
0.84
0.84
0.82
0.83
0.84
0.84
0.83
0.83
0.84
0.84
0.83
0.84
0.84
0.84
0.83
0.83
0.82
0.83
0.81
0.83
0.82
0.84
0.82
0.82
0.81
0.80
0.79
0.80
0.78
0.76
0.73
0.74
0.67
0.67
0.65
0.59
0.62
0.57
0.56
0.57
0.56
0.57
0.54
0.53
0.53
0.47
0.49
0.49
0.58
0.36
0.51
0.58
0.61
0.66
0.65
0.69
0.63
0.65
0.62
0.64
0.65
0.65
0.70
0.64
0.69
0.72
0.63
0.75
0.75
0.75
0.75
0.78
0.76
0.77
0.73
0.75
0.72
0.62
0.67
0.65
0.64
0.67
0.66
0.68
0.64
0.69
0.70
0.66
0.73
0.68
0.73
0.75
0.74
0.79
0.80
0.82
0.81
0.78
0.81
0.80
0.82
0.82
0.82
0.83
0.82
0.83
0.82
0.82
0.83
0.82
0.84
0.84
0.83
0.83
0.84
0.84
0.83
0.84
0.83
0.84
0.83
0.82
0.82
0.83
0.83
0.83
0.83
0.83
0.82
0.82
0.82
0.81
0.82
0.82
0.80
0.81
0.81
0.81
0.77
0.76
0.76
0.73
0.75
0.76
0.72
0.71
0.75
0.75
0.75
0.79
0.75
0.76
0.76
0.80
0.80
0.80
0.80
0.80
0.81
0.78
0.81
0.79
0.81
0.81
0.81
0.82
0.81
0.83
0.81
0.81
0.82
0.82
0.81
0.79
0.82
0.81
0.80
0.80
0.82
0.82
0.82
0.81
0.81
0.82
0.81
0.81
0.82
0.82
0.83
0.83
0.83
0.82
0.83
0.82
0.84
0.83
0.82
0.84
0.84
0.84
0.84
0.84
0.84
0.84
0.84
0.84
0.83
0.83
0.82
0.83
0.81
0.82
0.82
0.81
0.80
0.80
0.79
0.79
0.77
0.76
0.77
0.70
0.72
0.67
0.69
0.68
0.68
0.58
0.62
0.61
0.60
0.63
0.51
0.62
0.56
0.55
0.60
0.50
0.47
0.53
0.61
0.64
0.60
0.64
0.60
0.56
0.69
0.68
0.70
0.75
0.72
0.71
0.74
0.72
0.71
0.76
0.73
0.72
0.70
0.66
0.63
0.63
0.68
0.68
0.68
0.71
0.72
0.73
0.74
0.76
0.73
0.71
0.74
0.71
0.73
0.77
0.77
0.78
0.74
0.78
0.76
0.72
0.75
0.73
0.76
0.74
0.78
0.76
0.78
0.80
0.79
0.79
0.79
0.78
0.76
0.76
0.77
0.75
0.76
0.75
0.76
0.78
0.76
0.77
0.79
0.76
0.76
0.77
0.76
0.74
0.77
0.76
0.77
0.78
0.78
0.77
0.78
0.79
0.79
0.78
0.79
0.80
0.80
0.80
0.80
0.80
0.80
0.81
0.80
0.79
0.79
0.78
0.80
0.80
0.79
0.78
0.79
0.77
0.77
0.77
0.77
0.76
0.76
0.75
0.76
0.75
0.76
0.75
0.75
0.75
0.75
0.75
0.77
0.75
0.78
0.77
0.77
0.77
0.78
0.78
0.77
0.77
0.77
0.77
0.78
0.79
0.79
0.80
0.79
0.80
0.79
0.79
0.78
0.79
0.79
0.79
0.79
0.79
0.80
0.79
0.78
0.78
0.76
0.75
0.76
0.72
0.75
0.75
0.71
0.72
0.70
0.72
0.72
0.73
0.75
0.74
0.76
0.73
0.71
0.74
0.75
0.72
0.74
0.74
0.73
0.75
0.74
0.75
0.75
0.76
0.75
0.74
0.76
0.76
0.76
0.77
0.78
0.78
0.78
0.77
0.77
0.79
0.79
0.80
0.79
0.79
0.80
0.80
0.79
0.80
0.79
0.80
0.80
0.80
0.79
0.79
0.79
0.80
0.78
0.79
0.79
0.79
0.79
0.79
0.79
0.79
0.77
0.79
0.78
0.78
0.77
0.78
0.78
0.79
0.79
0.79
0.79
0.79
0.79
0.80
0.80
0.79
0.79
0.79
0.78
0.79
0.78
0.80
0.79
0.79
0.80
0.78
0.79
0.78
0.79
0.78
0.79
0.80
0.79
0.79
0.78
0.78
0.79
0.78
0.79
0.80
0.80
0.79
0.80
0.80
0.80
0.80
0.80
0.81
0.79
0.80
0.79
0.79
0.79
0.79
0.79
0.79
0.78
0.80
0.79
0.79
0.78
0.78
0.79
0.78
0.78
0.78
0.78
0.78
0.77
0.78
0.78
0.78
0.77
0.79
0.79
0.80
0.78
0.79
0.78
0.79
0.79
0.77
0.79
0.78
0.78
0.78
0.78
0.78
0.77
0.78
0.76
0.76
0.78
0.78
0.77
0.77
0.78
0.79
0.77
0.77
0.75
0.77
0.76
0.76
0.75
0.78
0.77
0.78
0.77
0.77
0.77
0.79
0.77
0.77
0.80
0.78
0.78
0.77
0.79
0.79
0.78
0.80
0.79
0.79
0.78
0.80
0.79
0.81
0.80
0.80
0.80
0.80
0.80
0.80
0.81
0.80
0.81
0.80
0.80
0.81
0.82
0.80
0.82
0.81
0.81
0.80
0.82
0.81
0.82
0.81
0.81
0.82
0.81
0.82
0.83
0.81
0.82
0.81
0.82
0.82
0.81
0.82
0.82
0.83
0.82
0.82
0.82
0.82
0.82
0.82
0.83
0.82
0.82
0.82
0.83
0.83
0.82
0.81
0.81
0.82
0.81
0.83
0.82
0.83
0.82
0.82
0.81
0.82
0.82
0.81
0.82
0.81
0.83
0.82
0.82
0.81
0.83
0.82
0.80
0.83
0.82
0.82
0.82
0.81
0.82
0.81
0.82
0.82
0.82
0.82
0.82
0.81
0.81
0.83
0.82
0.82
0.82
0.83
0.82
0.81
0.82
0.82
0.81
0.83
0.82
0.82
0.82
0.82
0.81
0.82
0.82
0.82
0.82
0.81
0.82
0.82
0.82
0.81
0.82
0.82
0.82
0.82
0.82
0.82
0.82
0.82
0.82
0.82
0.82
0.81
0.82
0.82
0.82
0.82
0.82
0.82
0.81
0.82
0.81
0.80
0.81
0.81
0.82
0.82
0.81
0.81
0.81
0.81
0.81
0.82
0.81
0.82
0.80
0.81
0.81
0.81
0.81
0.81
0.80
0.81
0.81
0.81
0.81
0.80
0.81
0.81
0.81
0.81
0.81
0.81
0.81
0.81
0.80
0.81
0.80
0.81
0.81
0.80
0.80
0.81
0.81
0.81
0.80
0.80
0.81
0.81
0.80
0.80
0.80
0.80
0.81
0.80
0.81
0.81
0.80
0.80
0.80
0.80
0.80
0.81
0.80
0.80
0.80
0.80
0.80
0.80
0.81
0.81
0.81
0.80
0.81
0.81
0.81
0.80
0.80
0.81
0.80
0.81
0.80
0.81
0.80
0.81
0.80
0.80
0.80
0.80
0.80
0.80
0.80
0.80
0.80
0.80
0.80
0.80
0.81
0.80
0.80
0.80
0.81
0.81
0.80
0.81
0.81
0.81
0.81
0.81
0.81
0.81
0.81
0.81
0.81
0.81
0.81
0.81
0.81
0.81
0.81
0.81
0.81
0.81
0.81
0.81
0.81
0.82
0.81
0.81
0.81
0.81
0.81
0.81
0.81
0.82
0.81
0.82
0.81
0.82
0.82
0.81
0.81
0.82
0.82
0.80
0.81
0.81
0.82
0.81
0.81
0.81
0.82
0.81
0.81
0.82
0.82
0.81
0.82
0.81
0.82
0.81
0.81
0.81
0.81
0.80
0.81
0.81
0.81
0.81
0.81
0.81
0.81
0.80
0.81
0.80
0.80
0.81
0.80
0.80
0.81
0.80
0.81
0.80
0.80
0.80
0.81
0.80
0.81
0.80
0.80
0.81
0.81
0.81
0.81
0.81
0.81
0.82
0.82
0.81
0.81
0.81
0.81
0.80
0.81
0.81
0.81
0.80
0.80
0.81
0.81
0.81
0.80
0.79
0.81
0.80
0.81
0.80
0.81
0.80
0.80
0.80
0.80
0.80
0.79
0.79
0.79
0.79
0.79
0.79
0.78
0.78
0.79
0.80
0.80
0.79
0.79
0.79
0.79
0.80
0.81
0.80
0.80
0.80
0.79
0.79
0.79
0.77
0.78
0.79
0.78
0.77
0.76
0.75
0.77
0.78
0.77
0.77
0.76
0.77
0.78
0.79
0.79
0.79
0.80
0.80
0.81
0.81
0.79
0.79
0.80
0.75
0.76
0.76
0.76
0.73
0.74
0.78
0.76
0.78
0.79
0.78
0.78
0.78
0.78
0.78
0.77
0.76
0.78
0.78
0.79
0.79
0.79
0.78
0.78
0.76
0.77
0.77
0.79
0.77
0.79
0.79
0.79
0.80
0.80
0.81
0.79
0.80
0.80
0.78
0.80
0.80
0.81
0.81
0.79
0.80
0.79
0.80
0.80
0.77
0.76
0.73
0.75
0.72
0.65
0.56
0.58
0.51
0.44
0.46
0.68
0.67
0.69
0.59
0.58
0.60
0.64
0.59
0.60
0.52
0.51
0.34
0.43
0.47
0.38
0.47
0.51
0.39
0.18
0.28
0.50
0.61
0.70
0.70
0.72
0.75
0.73
0.75
0.78
0.77
0.76
0.78
0.79
0.81
0.80
0.81
0.82
0.82
0.82
0.82
0.82
0.81
0.82
0.81
0.82
0.81
0.80
0.81
0.79
0.82
0.81
0.81
0.82
0.82
0.82
0.79
0.81
0.81
0.81
0.78
0.80
0.80
0.80
0.78
0.80
0.79
0.80
0.78
0.78
0.76
0.76
0.75
0.75
0.78
0.78
0.79
0.77
0.80
0.79
0.78
0.79
0.75
0.73
0.73
0.73
0.79
0.79
0.76
0.79
0.79
0.78
0.76
0.77
0.76
0.77
0.76
0.75
0.77
0.74
0.79
0.76
0.77
0.78
0.77
0.75
0.78
0.75
0.75
0.71
0.73
0.77
0.76
0.75
0.73
0.75
0.76
0.75
0.77
0.77
0.76
0.76
0.74
0.76
0.75
0.75
0.75
0.74
0.74
0.76
0.75
0.76
0.76
0.76
0.71
0.72
0.74
0.71
0.73
0.72
0.72
0.67
0.69
0.72
0.74
0.74
0.74
0.75
0.73
0.75
0.76
0.74
0.75
0.75
0.73
0.76
0.75
0.74
0.74
0.72
0.74
0.72
0.71
0.74
0.69
0.71
0.73
0.71
0.73
0.72
0.75
0.73
0.67
0.69
0.74
0.65
0.71
0.71
0.70
0.72
0.74
0.74
0.75
0.76
0.76
0.74
0.74
0.74
0.73
0.73
0.74
0.76
0.76
0.78
0.79
0.79
0.77
0.79
0.78
0.82
0.82
0.80
0.78
0.76
0.78
0.78
0.79
0.79
0.77
0.80
0.80
0.80
0.80
0.82
0.81
0.82
0.82
0.81
0.80
0.78
0.77
0.65
0.52
0.55
0.65
0.66
0.61
0.67
0.73
0.71
0.70
0.68
0.69
0.65
0.70
0.66
0.64
0.63
0.62
0.55
0.66
0.54
0.57
0.55
0.53
0.53
0.61
0.58
0.63
0.62
0.67
0.68
0.70
0.74
0.77
0.77
0.78
0.75
0.75
0.72
0.75
0.74
0.70
0.68
0.69
0.68
0.65
0.66
0.66
0.66
0.67
0.65
0.68
0.63
0.66
0.66
0.67
0.71
0.71
0.67
0.71
0.69
0.72
0.70
0.72
0.75
0.74
0.73
0.73
0.74
0.74
0.74
0.72
0.75
0.71
0.75
0.72
0.73
0.75
0.71
0.71
0.72
0.71
0.63
0.68
0.69
0.66
0.66
0.68
0.67
0.67
0.70
0.70
0.69
0.61
0.64
0.64
0.58
0.60
0.62
0.70
0.68
0.74
0.70
0.76
0.74
0.76
0.75
0.76
0.78
0.79
0.79
0.76
0.79
0.79
0.78
0.80
0.77
0.78
0.79
0.80
0.75
0.79
0.77
0.78
0.77
0.78
0.78
0.78
0.78
0.78
0.80
0.77
0.78
0.78
0.78
0.79
0.78
0.79
0.79
0.81
0.79
0.80
0.78
0.77
0.77
0.78
0.76
0.79
0.77
0.80
0.79
0.79
0.77
0.76
0.76
0.76
0.79
0.77
0.78
0.79
0.80
0.73
0.77
0.66
0.68
0.60
0.44
0.67
0.60
0.52
0.74
0.67
0.62
0.37
0.41
0.42
0.63
0.68
0.70
0.73
0.58
0.74
0.75
0.71
0.74
0.74
0.76
0.73
0.75
0.74
0.75
0.75
0.73
0.74
0.75
0.72
0.74
0.73
0.70
0.74
0.73
0.74
0.76
0.74
0.74
0.73
0.74
0.73
0.72
0.74
0.74
0.75
0.73
0.73
0.76
0.75
0.75
0.74
0.75
0.74
0.74
0.71
0.76
0.73
0.72
0.72
0.70
0.72
0.72
0.75
0.76
0.74
0.77
0.75
0.73
0.74
0.77
0.77
0.76
0.76
0.78
0.76
0.72
0.72
0.75
0.76
0.77
0.77
0.75
0.78
0.78
0.74
0.72
0.71
0.79
0.75
0.76
0.77
0.74
0.77
0.74
0.73
0.73
0.71
0.72
0.67
0.73
0.69
0.67
0.71
0.71
0.73
0.74
0.74
0.73
0.76
0.75
0.73
0.72
0.74
0.72
0.69
0.75
0.74
0.72
0.74
0.74
0.76
0.71
0.73
0.75
0.75
0.77
0.75
0.74
0.76
0.74
0.78
0.76
0.77
0.73
0.75
0.78
0.78
0.79
0.75
0.79
0.76
0.79
0.70
0.74
0.74
0.78
0.71
0.77
0.81
0.79
0.80
0.78
0.79
0.80
0.80
0.79
0.80
0.80
0.79
0.80
0.79
0.81
0.81
0.80
0.78
0.80
0.79
0.79
0.79
0.78
0.80
0.81
0.80
0.79
0.80
0.81
0.80
0.77
0.80
0.80
0.79
0.78
0.80
0.79
0.81
0.79
0.80
0.79
0.81
0.80
0.78
0.77
0.77
0.79
0.80
0.80
0.81
0.80
0.82
0.81
0.82
0.81
0.81
0.81
0.82
0.82
0.82
0.80
0.82
0.81
0.82
0.81
0.81
0.82
0.81
0.81
0.80
0.81
0.79
0.79
0.80
0.80
0.80
0.79
0.79
0.81
0.80
0.80
0.81
0.81
0.80
0.79
0.81
0.81
0.79
0.80
0.77
0.77
0.80
0.79
0.78
0.78
0.80
0.77
0.78
0.75
0.78
0.78
0.78
0.79
0.80
0.78
0.81
0.80
0.80
0.81
0.80
0.79
0.80
0.79
0.78
0.78
0.80
0.78
0.76
0.79
0.78
0.79
0.79
0.79
0.77
0.77
0.78
0.79
0.79
0.79
0.79
0.80
0.79
0.80
0.79
0.80
0.79
0.79
0.79
0.77
0.79
0.78
0.76
0.78
0.77
0.78
0.77
0.79
0.79
0.78
0.77
0.78
0.78
0.78
0.77
0.77
0.75
0.76
0.76
0.75
0.75
0.75
0.76
0.77
0.76
0.77
0.76
0.77
0.76
0.76
0.78
0.77
0.79
0.77
0.78
0.76
0.76
0.78
0.77
0.77
0.76
0.77
0.77
0.77
0.76
0.77
0.77
0.78
0.77
0.77
0.76
0.77
0.78
0.77
0.78
0.77
0.78
0.79
0.78
0.79
0.78
0.77
0.77
0.78
0.77
0.78
0.78
0.77
0.78
0.78
0.78
0.79
0.79
0.78
0.79
0.79
0.78
0.77
0.79
0.79
0.78
0.79
0.78
0.80
0.79
0.79
0.79
0.78
0.79
0.79
0.79
0.79
0.79
0.79
0.79
0.79
0.79
0.79
0.79
0.79
0.79
0.79
0.79
0.79
0.78
0.78
0.79
0.78
0.78
0.78
0.79
0.79
0.79
0.78
0.79
0.79
0.79
0.79
0.78
0.79
0.78
0.78
0.78
0.78
0.78
0.79
0.78
0.79
0.78
0.77
0.79
0.78
0.78
0.79
0.79
0.78
0.78
0.79
0.78
0.80
0.79
0.78
0.78
0.78
0.78
0.78
0.79
0.78
0.78
0.78
0.78
0.79
0.78
0.78
0.79
0.78
0.79
0.78
0.78
0.77
0.78
0.77
0.79
0.78
0.78
0.78
0.79
0.78
0.78
0.77
0.78
0.76
0.78
0.77
0.77
0.76
0.76
0.77
0.77
0.78
0.79
0.77
0.77
0.77
0.77
0.78
0.77
0.77
0.77
0.79
0.79
0.78
0.78
0.78
0.78
0.79
0.77
0.77
0.76
0.78
0.77
0.78
0.78
0.77
0.77
0.76
0.78
0.76
0.78
0.77
0.78
0.76
0.78
0.79
0.78
0.79
0.79
0.77
0.78
0.76
0.77
0.76
0.77
0.78
0.76
0.78
0.76
0.78
0.78
0.78
0.79
0.78
0.79
0.79
0.78
0.77
0.77
0.78
0.77
0.78
0.79
0.78
0.78
0.80
0.77
0.79
0.79
0.77
0.80
0.77
0.78
0.76
0.79
0.78
0.77
0.79
0.77
0.78
0.77
0.78
0.77
0.79
0.77
0.77
0.75
0.78
0.79
0.76
0.78
0.80
0.79
0.79
0.77
0.79
0.78
0.76
0.78
0.79
0.79
0.78
0.78
0.76
0.76
0.79
0.78
0.79
0.77
0.78
0.78
0.79
0.79
0.77
0.78
0.78
0.78
0.79
0.78
0.78
0.78
0.79
0.78
0.79
0.78
0.80
0.78
0.79
0.79
0.78
0.78
0.80
0.80
0.78
0.78
0.79
0.77
0.77
0.79
0.78
0.76
0.77
0.78
0.75
0.77
0.78
0.78
0.77
0.77
0.76
0.76
0.78
0.78
0.78
0.78
0.76
0.76
0.79
0.77
0.77
0.78
0.75
0.79
0.78
0.76
0.79
0.77
0.77
0.77
0.77
0.77
0.76
0.77
0.78
0.77
0.75
0.77
0.79
0.77
0.78
0.75
0.79
0.76
0.79
0.79
0.79
0.77
0.78
0.79
0.79
0.74
0.79
0.78
0.78
0.79
0.78
0.79
0.79
0.79
0.80
0.78
0.79
0.79
0.79
0.79
0.77
0.77
0.78
0.77
0.79
0.77
0.78
0.79
0.78
0.79
0.77
0.79
0.77
0.79
0.78
0.76
0.79
0.79
0.78
0.76
0.78
0.78
0.78
0.78
0.79
0.79
0.78
0.79
0.78
0.76
0.75
0.77
0.79
0.77
0.76
0.76
0.79
0.79
0.78
0.78
0.78
0.78
0.78
0.76
0.77
0.78
0.77
0.79
0.78
0.77
0.79
0.78
0.73
0.76
0.79
0.78
0.77
0.78
0.78
0.78
0.78
0.77
0.78
0.77
0.79
0.78
0.78
0.79
0.78
0.77
0.76
0.77
0.78
0.78
0.79
0.78
0.79
0.77
0.75
0.78
0.79
0.78
0.78
0.78
0.78
0.78
0.78
0.79
0.80
0.78
0.79
0.79
0.80
0.78
0.79
0.78
0.79
0.79
0.79
0.80
0.79
0.80
0.78
0.78
0.80
0.79
0.79
0.78
0.79
0.78
0.77
0.78
0.79
0.79
0.78
0.79
0.80
0.78
0.79
0.80
0.79
0.80
0.78
0.78
0.80
0.78
0.78
0.79
0.80
0.78
0.80
0.80
0.79
0.80
0.80
0.80
0.79
0.79
0.78
0.80
0.79
0.79
0.79
0.79
0.78
0.75
0.78
0.79
0.80
0.79
0.77
0.78
0.79
0.79
0.78
0.78
0.79
0.80
0.79
0.79
0.79
0.78
0.80
0.80
0.79
0.78
0.79
0.80
0.80
0.80
0.79
0.79
0.79
0.79
0.79
0.78
0.79
0.80
0.78
0.79
0.80
0.79
0.77
0.79
0.79
0.78
0.77
0.78
0.76
0.78
0.77
0.76
0.79
0.77
