0.00
410.91
382.42
307.15
417.82
451.45
260.08
414.34
372.20
295.69
421.74
447.53
243.41
312.24
412.43
264.17
270.51
269.44
255.54
221.70
216.58
244.85
227.90
227.10
214.74
249.68
268.60
269.34
332.91
253.94
223.37
245.57
214.69
287.53
336.81
344.10
327.80
340.82
252.84
325.35
201.52
375.38
352.18
244.60
349.62
383.43
372.33
398.29
411.64
246.77
374.97
343.20
310.58
271.80
265.57
365.94
331.70
426.42
422.77
246.49
253.67
285.08
289.08
295.28
228.45
157.98
314.05
269.97
392.60
267.45
347.01
284.04
244.28
229.04
194.41
203.59
130.05
54.52
253.04
127.67
106.13
255.16
107.09
207.94
119.62
315.96
174.34
274.12
339.04
177.84
176.06
91.60
81.37
157.44
111.87
145.89
86.95
231.33
166.61
106.34
135.87
286.94
260.41
144.11
181.96
90.71
202.54
316.24
317.93
203.74
303.62
148.96
274.95
211.98
233.33
220.68
318.11
265.46
329.36
287.47
247.11
276.17
244.57
238.37
370.06
238.42
173.06
193.71
197.14
62.70
158.44
180.39
128.20
102.39
306.94
286.00
244.70
240.03
306.06
177.96
300.30
212.64
212.56
231.74
284.31
305.55
281.77
283.15
235.92
279.02
237.69
311.74
318.35
219.14
195.80
299.69
186.81
277.19
294.23
237.69
269.72
253.65
312.18
290.73
351.51
189.57
314.90
250.18
218.07
298.02
311.07
308.66
264.14
233.90
325.62
299.64
271.55
281.94
290.31
297.23
227.10
242.77
287.79
310.58
225.93
329.11
278.93
315.93
299.06
227.60
223.04
317.62
310.66
307.35
310.74
198.11
292.24
124.18
279.10
218.65
237.27
273.70
273.38
262.35
260.44
209.24
206.36
261.31
224.99
285.86
245.22
267.17
206.91
203.48
210.84
228.84
203.09
150.69
221.11
228.09
270.44
240.11
228.38
207.73
197.72
225.66
130.27
199.37
145.65
191.89
176.10
159.86
164.18
182.96
207.01
237.38
215.05
178.24
257.67
210.43
215.35
171.69
198.22
140.96
139.81
137.90
128.76
136.09
156.43
156.48
165.71
142.31
105.26
139.26
125.16
112.76
154.40
112.22
116.64
211.65
131.68
149.49
112.79
58.35
61.37
13.92
31.25
121.22
102.00
60.73
132.32
92.63
61.22
24.26
17.54
16.08
73.48
222.96
96.57
117.81
125.15
87.46
112.63
108.03
137.53
150.74
135.08
183.99
124.93
107.37
157.52
143.48
109.63
133.30
105.03
149.22
171.53
110.47
84.67
125.03
107.01
100.57
172.12
90.44
123.72
96.80
84.19
19.96
36.51
39.86
12.06
151.79
110.33
204.06
133.31
95.73
34.61
51.60
63.69
50.70
103.22
61.86
125.47
202.65
150.18
194.31
121.58
95.73
127.67
