0.043887
0.140315
0.137116
0.146207
0.140946
0.149870
0.143577
0.139205
0.178161
0.139107
0.140476
0.137262
0.146132
0.150052
0.149256
0.134560
0.139222
0.143240
0.153699
0.131780
0.141355
0.134101
0.142263
0.140533
0.144244
0.145054
0.143922
0.138811
0.133673
0.150111
0.146635
0.143176
0.134719
0.153598
0.151159
0.149085
0.149283
0.155473
0.163466
0.151919
0.144260
0.162048
0.137561
0.153526
0.150174
0.145352
0.150434
0.143006
0.149354
0.142675
0.156197
0.152659
0.138724
0.201417
0.137974
0.140743
0.151773
0.142877
0.148371
0.161205
0.148472
0.147034
0.155528
0.146083
0.140991
0.141829
0.165387
0.147313
0.147028
0.161873
0.150937
0.139923
0.151510
0.137568
0.150768
0.137750
0.139012
0.138250
0.144446
0.148904
0.143754
0.149984
0.131439
0.139107
0.141450
0.146899
0.142650
0.140259
0.150699
0.153529
0.151238
0.147131
0.149857
0.134040
0.144023
0.142973
0.150475
0.134153
0.144521
0.146113
0.148167
0.129163
0.146710
0.163257
0.149105
0.147868
0.205681
0.141336
0.144924
0.141896
0.140325
0.156314
0.142296
0.132553
0.153170
0.144812
0.138407
0.143114
0.148880
0.154157
0.155389
0.136634
0.131368
0.171732
0.157933
0.147015
0.145149
0.134271
0.144977
0.149353
0.147437
0.133750
0.147786
0.155665
0.145117
0.142147
0.144665
0.148297
0.141282
0.145672
0.144242
0.151230
0.161485
0.152725
0.145068
0.145082
0.140872
0.150767
0.144708
0.154415
0.146404
0.132878
0.146881
0.147645
0.156191
0.171136
0.145522
0.142776
0.155017
0.143776
0.138586
0.153000
0.135308
0.140973
0.153207
0.156778
0.147173
0.141227
0.150178
0.149892
0.152389
0.149431
0.137977
0.143482
0.148371
0.144224
0.135433
0.155521
0.155882
0.149657
0.137136
0.143216
0.135794
0.150020
0.140126
0.148672
0.134812
0.147810
0.156419
0.146228
0.168449
0.139584
0.135940
0.142671
0.150376
0.148522
0.137664
0.145745
0.131707
0.136368
0.149669
0.141319
0.140379
0.159298
0.138498
0.155314
0.151804
0.153378
0.161409
0.156639
0.145959
0.148120
0.150262
0.149494
0.138311
0.150600
0.147120
0.153553
0.149065
0.141057
0.148506
0.139424
0.144762
0.132595
0.154589
0.132093
0.160759
0.160617
0.146607
0.148839
0.174888
0.140950
0.135661
0.136662
0.154415
0.139945
0.142027
0.149609
0.147136
0.150166
0.147896
0.152965
0.140556
0.147756
0.149264
0.146535
0.144433
0.156017
0.150256
0.138920
0.146055
0.147357
0.148692
0.140352
0.148499
0.145758
0.143818
0.141870
0.143161
0.134143
0.150766
0.133431
0.142779
0.145742
0.148106
0.143164
0.143872
0.154947
0.145382
0.148365
0.149913
0.149071
0.150172
0.144957
0.126870
0.152873
0.143304
0.140363
0.141219
0.143311
0.151802
0.142592
0.179329
0.144783
0.149869
0.145736
0.149906
0.156561
0.139166
0.138278
0.143187
0.154760
0.135440
0.134549
0.136983
0.139439
0.145103
0.147903
0.136674
0.150507
0.133205
0.149342
0.144337
0.137819
0.146772
0.138504
0.149388
0.143977
0.155039
0.145847
0.146696
0.160221
0.143985
0.166847
0.142267
0.154455
0.160434
0.145737
0.147125
0.135442
0.150656
0.166155
0.145328
0.141261
0.140056
0.145942
0.148012
0.145624
0.143474
