0.012028
0.175105
0.150410
0.157507
0.157026
0.152431
0.149234
0.151882
0.154016
0.138374
0.138808
0.139722
0.161006
0.141245
0.162020
0.158815
0.153745
0.150384
0.151708
0.147657
0.152714
0.142734
0.160555
0.142127
0.153542
0.162076
0.153445
0.155715
0.139053
0.152716
0.153721
0.155722
0.158527
0.150651
0.147600
0.143384
0.151300
0.158046
0.139586
0.143903
0.157324
0.159513
0.151250
0.142486
0.160944
0.153219
0.169466
0.144922
0.153676
0.152144
0.141195
0.151359
0.149476
0.158600
0.160471
0.152304
0.157183
0.137759
0.159483
0.153371
0.170882
0.153183
0.147079
0.149222
0.160595
0.155583
0.149562
0.169330
0.157113
0.143137
0.173416
0.156030
0.165049
0.179020
0.154351
0.151627
0.152135
0.160654
0.144958
0.160870
0.153463
0.165195
0.148741
0.157631
0.142531
0.148509
0.150595
0.158448
0.150273
0.153129
0.144677
0.164434
0.150374
0.157607
0.141476
0.142376
0.151291
0.152492
0.151336
0.141882
0.152750
0.155890
0.155927
0.165950
0.152273
0.145886
0.153384
0.157379
0.149007
0.149537
0.146696
0.144107
0.152364
0.145920
0.159864
0.147974
0.150493
0.140426
0.148549
0.164977
0.147382
0.144711
0.167321
0.142496
0.170787
0.151802
0.137489
0.146968
0.148343
0.157293
0.152277
0.155256
0.138995
0.153632
0.159123
0.167069
0.179957
0.151258
0.157574
0.168272
0.141078
0.151019
0.147354
0.169804
0.150186
0.148656
0.141537
0.149101
0.156693
0.147348
0.143922
0.148698
0.148525
0.158975
0.156174
0.143333
0.155347
0.146509
0.152002
0.155699
0.151040
0.157181
0.165167
0.152148
0.180506
0.143255
0.163686
0.165066
0.159793
0.155523
0.145973
0.142207
0.140832
0.155831
0.145436
0.156154
0.147934
0.167442
0.143870
0.149774
0.167720
0.158221
0.143772
0.182670
0.165298
0.138865
0.142666
0.144202
0.157433
0.146109
0.157204
0.141680
0.150533
0.150204
0.152441
0.139436
0.157587
0.159024
0.140893
0.154400
0.164561
0.146080
0.153267
0.160864
0.146448
0.137980
0.191173
0.141740
0.148624
0.147165
0.162654
0.150074
0.152149
0.141574
0.145867
0.154487
0.136786
0.143343
0.183106
0.152920
0.150827
0.149480
0.157670
0.168485
0.149789
0.191477
0.176403
0.159564
0.165200
0.161390
0.153091
0.147206
0.153469
0.149101
0.142215
0.144058
0.163563
0.143245
0.150327
0.156208
0.155669
0.151803
0.147486
0.159134
0.160782
0.140883
0.151720
0.142064
0.154233
0.153594
0.152828
0.157378
0.144806
0.162421
0.151630
0.153403
0.146219
0.149079
0.142696
0.152264
0.164442
0.174623
0.144500
0.168428
0.172930
0.153517
0.144756
0.143394
0.146743
0.165871
0.150212
0.150059
0.155147
0.144993
0.145346
0.149055
0.150766
0.145499
0.161899
0.141395
0.152149
0.151232
0.149980
0.151485
0.144000
0.152225
0.146666
0.156959
0.151183
0.157296
0.155015
0.146541
0.159330
0.167982
0.149757
0.149219
0.148302
0.147838
0.174590
0.152286
0.147049
0.155874
0.156652
0.153027
0.143128
0.150002
0.146926
0.149815
0.151656
0.157430
0.144786
0.163312
0.148604
0.142322
0.153588
0.150459
0.150196
0.158992
0.149523
0.153910
0.170064
0.155984
0.148602
0.156965
0.145875
0.163043
0.154559
0.151991
0.142724
0.181170
0.174563
0.149571
0.161425
0.140606
0.161305
0.159892
0.158408
0.160832
0.152267
0.152272
0.154860
0.154641
0.156742
0.162584
0.161966
0.161268
0.155903
0.160083
0.149091
0.143170
0.151178
0.146472
0.148506
0.145519
0.145745
0.146744
0.157867
0.142581
0.154835
0.146026
0.148121
0.155470
0.153551
0.144030
0.146993
0.149987
0.149232
0.146217
0.166770
0.153524
0.160023
0.155478
0.153568
0.160783
0.156181
0.139282
0.147076
0.155232
0.147701
0.148894
0.157380
0.152033
0.161001
0.173629
0.151147
0.157641
0.140719
0.158991
0.141758
0.145962
0.157211
0.155174
0.149232
0.145155
0.141710
0.145604
0.152595
0.142975
0.149936
0.151475
0.141063
0.152601
0.158237
0.179876
0.151305
0.153446
0.146652
0.149952
0.148590
0.151847
0.144394
0.148034
0.163648
0.148196
0.147221
0.145636
0.146651
0.148183
0.149586
0.152045
0.146888
0.146346
0.155261
0.154383
0.150988
0.145960
0.150627
0.145509
0.153759
0.154739
0.150008
0.170452
0.154602
0.141523
0.142460
0.148608
0.159807
0.155622
0.150452
0.167807
0.150943
0.151818
0.143384
0.148220
0.152898
0.152171
0.156371
0.157296
0.210120
0.195344
0.152357
0.163444
0.153301
0.166011
0.159228
0.154573
0.145840
0.137218
0.147134
0.148078
0.145565
0.161202
0.152738
0.144562
0.162184
0.155282
0.157958
0.147788
0.144800
0.166924
0.165209
0.150235
0.147367
0.154461
0.197461
0.163271
0.142628
0.170179
0.155578
0.153518
0.157274
0.150412
0.162203
0.143666
0.139409
0.181094
0.157404
0.160139
0.197324
0.160819
0.144884
0.142390
0.146439
0.144399
0.150384
0.152152
0.139589
0.144958
0.154275
0.142035
0.153272
0.146820
0.159068
0.148417
0.147799
0.155171
0.152074
0.142475
0.127546
0.131343
0.127299
0.126223
0.135117
0.134794
0.132856
0.130070
0.150254
0.119772
0.195541
0.145880
0.119332
0.134703
0.132923
0.122306
0.129409
0.139657
0.146821
0.135137
0.119653
0.142117
0.165485
0.132389
0.130535
0.126719
0.131433
0.124040
0.149678
0.120059
0.131777
0.129349
0.150876
0.131360
0.137598
0.129062
0.128024
0.136701
0.156708
0.152871
0.167454
0.146698
0.173409
0.142078
0.144165
0.156506
0.149831
0.155424
0.148666
0.154999
0.144758
0.150293
0.149877
0.152597
0.152215
0.165718
0.170166
0.160691
0.147138
0.147221
0.163050
0.145916
0.161023
0.145543
0.149085
0.156652
0.141727
0.150684
0.148741
0.173742
0.172926
0.156382
0.149098
0.146482
0.149654
0.163172
0.157254
0.145499
0.147470
0.150598
0.162912
0.193428
0.146293
0.148231
0.146998
0.160631
0.165477
0.170122
0.152649
0.142023
0.148997
0.147278
0.145388
0.148869
0.157960
0.150712
0.145404
0.157529
0.143980
0.168458
0.157840
0.146425
0.150680
0.147644
0.151092
0.151773
0.156425
0.142910
0.169248
0.146244
0.151206
0.144913
0.146883
0.149633
0.152814
0.147556
0.150930
0.149575
0.149510
0.149273
0.151724
0.162643
0.164577
0.145468
0.137315
0.153371
0.152918
0.152750
0.145049
0.159721
0.156590
0.150783
0.187709
0.157335
0.159756
0.159587
0.151489
0.149083
0.144770
0.144807
0.144079
0.145666
0.153343
0.167658
0.149481
0.160569
0.144832
0.155856
0.146745
0.141708
0.149609
0.168855
0.164136
0.158896
0.155475
0.145530
0.152943
0.152578
0.149168
0.154779
0.150522
0.145739
0.149619
0.151582
0.155989
0.150699
0.158583
0.151108
0.151219
0.152385
0.146016
0.154445
0.161229
0.166852
0.180686
0.182856
0.144543
0.145340
0.148655
0.142038
0.145378
0.147005
0.147465
0.150108
0.159767
0.184100
0.155917
0.149231
0.157938
0.156698
0.169186
0.160655
0.163408
0.152126
0.159573
0.152706
0.172082
0.147820
0.148537
0.142241
0.151183
0.142199
0.146001
0.140642
0.145891
0.144888
0.143597
0.141840
0.150959
0.145483
0.151007
0.157975
0.161464
0.150283
0.149532
0.158492
0.165677
0.141790
0.142436
0.150177
0.157218
0.148273
0.158372
0.158421
0.161342
0.147857
0.151769
0.141745
0.152506
0.145303
0.153874
0.151366
0.156210
0.138169
0.147868
0.156936
0.155996
0.167726
0.153797
0.150808
0.146563
0.143580
0.159201
0.147048
0.146611
0.148747
0.151918
0.147761
0.145031
0.144574
0.146740
0.147494
0.143493
0.153743
0.142189
0.143530
0.145971
0.145684
0.160233
0.142618
0.138971
0.145350
0.145404
0.144413
0.147921
0.150187
0.145711
0.158749
0.160432
0.144691
0.141610
0.155631
0.150482
0.141432
0.146145
0.147065
0.149781
0.154673
0.154867
0.162373
0.159173
0.141672
0.147824
0.148379
0.146475
0.145205
0.146019
0.158026
0.157644
0.147973
0.149814
0.146778
0.156272
0.147379
0.144069
0.158746
0.161995
0.171678
0.166909
0.151966
0.150755
0.152273
0.156575
0.138778
0.150016
0.150163
0.149986
0.141584
0.143985
0.163467
0.147936
0.144406
0.147501
0.148396
0.146368
0.153233
0.142796
0.166221
0.145486
0.145515
0.162221
0.169199
0.147052
0.145341
0.166166
0.144737
0.153265
0.156632
0.151802
0.142572
0.149857
0.152902
0.157180
0.176541
0.143403
0.150639
0.143920
0.153117
0.150693
0.149076
0.151070
0.148492
0.150104
0.143945
0.150795
0.153724
0.165279
0.142387
0.144372
0.144469
0.144239
0.146818
0.147184
0.148039
0.142543
0.199276
0.136379
0.139855
0.144408
0.150955
0.152179
0.141430
0.136029
0.161810
0.151676
0.145541
0.146385
0.149251
0.144943
0.145118
0.143925
0.150333
0.154816
0.146899
0.157014
0.147439
0.156053
0.142267
0.152069
0.154169
0.144497
0.143063
0.146053
0.147810
0.197985
0.162850
0.147990
0.155222
0.146899
0.144812
0.145612
0.165980
0.153820
0.148813
0.145284
0.158673
0.145129
0.150445
0.149850
0.191219
0.163974
0.146869
0.159672
0.146435
0.144207
0.145145
0.160789
0.149940
0.148742
0.151863
0.160026
0.146440
0.142205
0.151556
0.144629
0.146952
0.147420
0.165442
0.143358
0.166038
0.167525
0.152114
0.153939
0.137769
0.172213
0.151579
0.148812
0.152824
0.153224
0.148757
0.141763
0.160171
0.152443
0.171824
0.148225
0.136616
0.147194
0.143150
0.155101
0.142714
0.154902
0.138957
0.151079
0.154070
0.159395
0.146643
0.177995
0.172827
0.146904
0.145854
0.144636
0.147627
0.148336
0.146135
0.146184
0.151550
0.149549
0.153282
0.150722
0.141343
0.163852
0.166110
0.165498
0.143180
0.150423
0.146815
0.159163
0.141868
0.165693
0.154124
0.147975
0.160393
0.148576
0.154679
0.165042
