0.012649
3.297514
0.107526
0.117975
0.113364
0.118629
0.127295
0.126586
0.128004
0.145568
0.123731
0.123356
0.112207
0.099623
0.108873
0.130383
0.121700
0.124755
0.114370
0.113481
0.137382
0.124002
0.117683
0.125662
0.113242
0.123057
0.131821
0.117494
0.126307
0.135708
0.140965
0.135074
0.136533
0.153602
0.136436
0.134483
0.142627
0.168753
0.154156
0.139825
0.133480
0.138779
0.150440
0.131210
0.145892
0.132762
0.138863
0.147439
0.132129
0.147285
0.141881
0.138313
0.138770
0.129432
0.132418
0.135617
0.136420
0.143015
0.144346
0.141537
0.145189
0.126897
0.140069
0.160703
0.133533
0.145324
0.146201
0.139659
0.144628
0.155952
0.161854
0.143489
0.133827
0.149806
0.130486
0.135504
0.144257
0.139935
0.203955
0.167155
0.155373
0.147533
0.157390
0.132931
0.162357
0.146293
0.137088
0.146717
0.141572
0.158636
0.138213
0.133895
0.149890
0.129657
0.149825
0.143474
0.131356
0.141058
0.145290
0.148863
0.151200
0.142225
0.136955
0.138486
0.206175
0.141764
0.141459
0.133902
0.155343
0.128693
0.164579
0.154166
0.131313
0.136571
0.139480
0.169921
0.166542
0.187822
0.138603
0.149261
0.159683
0.150711
0.146840
0.136788
0.138046
0.142057
0.141966
0.154089
0.132448
0.138028
0.142756
0.140317
0.158175
0.144684
0.132886
0.142200
0.141624
0.162601
0.136971
0.132670
0.143906
0.156414
0.139755
0.144645
0.134536
0.136638
0.140074
0.149915
0.135205
0.141877
0.172286
0.165995
0.135483
0.139611
0.165695
0.145634
0.129511
0.144751
0.148784
0.161241
0.141290
0.145157
0.136393
0.135581
0.130586
0.137549
0.147743
0.131645
0.148754
0.127757
0.140215
0.151362
0.146364
0.149847
0.142830
0.162716
0.140784
0.143094
0.144349
0.143584
0.134302
0.152721
0.153600
0.137856
0.178964
0.156100
0.159706
0.137865
0.137947
0.149105
0.165914
0.127495
0.135164
0.139843
0.154189
0.156394
0.135049
0.140078
0.142382
0.129122
0.129526
0.139630
0.141551
0.142921
0.145710
0.130531
0.140403
0.137401
0.138832
0.137763
0.147144
0.144422
0.138909
0.141074
0.146396
0.132503
0.162614
0.129097
0.135592
0.141420
0.143956
0.148762
0.130119
0.152024
0.141392
0.137479
0.143384
0.150134
0.145656
0.146472
0.142321
0.145836
0.140638
0.138191
0.140847
0.138394
0.127178
0.126332
0.144642
0.131629
0.139613
0.143008
0.135479
0.142447
0.160977
0.139777
0.148271
0.142933
0.130627
0.137214
0.130588
0.144089
0.137264
0.130098
0.138911
0.138307
0.136112
0.152458
0.135895
0.172508
0.134245
0.142200
0.149484
0.149407
0.132492
0.146486
0.135843
0.132030
0.132954
0.139593
0.142090
0.148734
0.129115
0.159514
0.152128
0.149008
0.149168
0.208699
0.147100
0.144493
0.139862
0.135812
0.145357
0.135030
0.165870
0.168148
0.144589
0.155725
0.155057
0.149618
0.163182
0.121583
0.112532
0.125197
0.121532
0.125192
0.110958
0.138300
0.112697
0.124779
0.120653
0.122173
0.125759
0.128981
0.126661
0.118285
0.115336
0.120849
0.142279
0.116071
0.122633
0.122175
0.115056
0.122524
0.123346
0.125539
0.118126
0.131938
0.115574
0.123681
0.120182
0.115263
0.120925
0.122569
0.128976
0.120410
0.124964
0.121729
0.119833
0.122790
0.119928
0.121722
0.117934
0.126579
0.119840
0.115296
0.126503
0.134720
0.140102
0.122753
0.128302
0.128446
0.119765
0.122705
0.117528
0.111754
0.123966
0.126436
0.126924
0.123544
0.132762
0.130273
0.130502
0.119203
0.109907
0.118392
0.127163
0.118565
0.121591
0.122791
0.113971
0.123763
0.135857
0.126961
0.147635
0.126489
0.137060
0.116318
0.111651
0.109677
0.118930
0.118139
0.115796
0.125307
0.119714
0.126273
0.125964
0.137893
0.134666
0.114395
0.110686
0.120835
0.122912
0.113053
0.125326
0.110715
0.116780
0.132067
0.117158
0.141229
0.124216
0.112355
0.120985
0.127825
0.122038
0.117227
0.113311
0.117176
0.121959
0.135162
0.123359
0.117770
0.133155
