0.00
221.81
222.69
307.30
273.77
260.97
273.58
259.41
237.92
287.56
280.27
237.38
258.01
238.25
253.71
243.47
238.12
250.14
275.48
259.23
235.97
263.09
272.14
271.04
278.01
264.20
287.57
287.95
273.06
275.71
283.20
275.60
281.55
286.71
247.28
299.06
244.57
292.28
281.05
286.29
262.89
260.34
231.82
284.81
277.79
255.12
261.19
212.49
291.09
249.53
286.55
262.91
293.13
264.91
270.81
276.74
247.79
297.71
234.35
255.44
270.56
263.69
285.78
288.62
256.18
281.05
231.67
261.30
279.31
275.85
278.89
280.41
280.29
267.36
237.96
253.90
277.98
264.08
272.36
290.42
228.35
270.74
240.76
312.67
255.73
305.37
277.28
293.81
255.86
282.03
278.89
254.89
265.80
249.13
239.77
283.31
250.10
237.42
267.39
256.74
282.87
256.47
244.30
216.89
256.30
220.69
264.90
281.80
235.41
283.65
269.64
307.73
256.50
286.56
257.68
248.22
310.33
287.39
307.30
254.59
243.25
297.98
225.99
285.84
262.10
289.52
298.99
261.01
246.02
222.78
289.66
269.10
229.23
288.25
253.63
269.72
272.92
302.26
288.34
282.48
274.09
243.80
277.52
283.17
274.16
278.03
263.58
282.03
279.44
276.45
241.64
281.39
286.84
286.38
230.20
279.31
281.69
222.33
281.05
227.91
295.19
284.81
252.56
283.09
245.98
274.10
278.29
295.56
283.85
276.42
237.51
304.99
277.91
285.19
281.56
274.40
262.47
238.05
296.19
265.05
299.00
266.62
290.50
251.93
289.33
264.56
261.10
248.68
233.69
275.19
232.40
240.07
259.82
236.11
271.84
274.89
240.65
261.17
278.96
264.31
288.89
292.15
274.68
266.04
262.56
264.71
241.71
263.91
273.03
277.34
280.01
256.88
265.24
268.17
295.46
289.27
284.98
270.88
266.45
247.46
239.71
277.72
240.95
231.12
286.32
229.49
241.47
290.91
223.71
260.78
254.50
226.75
260.66
242.90
245.28
225.95
269.32
243.44
299.76
211.91
272.62
235.39
288.59
257.31
299.18
257.59
288.49
274.44
277.00
248.66
264.25
262.07
263.52
235.70
238.36
273.56
283.22
307.69
287.98
248.91
261.31
284.25
260.41
251.39
276.21
258.81
277.75
246.12
265.83
254.39
278.64
252.84
255.25
309.21
296.59
248.04
274.10
277.68
250.79
254.23
245.33
248.73
256.23
251.01
290.54
263.57
274.67
256.12
270.69
257.40
284.10
257.99
270.15
243.34
258.13
268.51
270.00
269.27
255.78
238.54
246.13
264.15
262.03
245.84
275.37
278.48
246.55
297.96
253.95
269.53
243.85
277.88
248.82
232.99
262.42
266.98
236.14
258.15
238.49
248.74
258.95
252.13
269.22
247.97
245.28
237.96
290.14
245.67
237.51
246.27
274.95
274.40
267.12
266.11
255.75
255.33
273.49
257.85
263.97
249.16
256.48
255.55
251.41
239.88
240.56
250.76
219.54
221.73
231.45
215.80
206.17
249.09
215.54
231.53
209.96
234.10
229.08
238.18
240.43
191.91
181.73
216.09
183.93
210.10
195.25
212.76
198.48
183.26
229.74
178.07
196.20
221.58
192.36
199.04
197.50
176.27
241.08
222.53
174.78
202.24
147.35
183.56
206.17
214.28
248.77
201.99
209.05
215.69
234.74
233.68
225.16
187.43
245.51
208.97
197.79
211.05
215.34
205.25
226.75
254.76
210.07
220.80
218.68
242.68
282.49
220.60
254.92
221.22
229.27
237.06
239.67
229.07
225.78
230.27
251.78
261.78
251.27
213.29
235.58
199.04
230.30
169.33
196.95
233.22
215.45
216.55
217.71
236.54
217.94
210.82
193.04
226.28
202.55
196.28
264.93
222.11
199.93
217.49
206.67
168.84
165.19
197.17
191.19
164.54
168.56
179.99
180.42
166.60
172.95
171.18
162.10
171.14
176.80
179.24
177.91
221.71
176.41
200.29
192.24
165.68
229.02
208.96
231.55
249.21
259.95
204.12
229.03
176.85
166.13
190.32
146.62
211.24
177.66
210.86
192.96
166.51
223.53
201.27
293.05
176.50
202.92
279.61
163.52
201.73
254.40
200.04
172.33
212.29
192.98
151.54
117.06
212.84
200.29
122.27
180.70
165.52
138.04
235.51
174.25
133.76
148.51
161.16
118.78
246.52
200.97
170.02
168.27
127.06
240.08
226.49
222.49
175.45
211.14
192.75
221.41
228.99
227.90
242.46
189.09
217.93
215.15
231.99
234.62
246.66
231.18
230.24
253.78
238.42
229.63
281.33
245.06
238.60
249.37
224.79
223.97
232.74
248.49
232.72
221.63
166.33
136.44
160.51
264.88
295.61
229.93
264.32
260.71
243.39
252.67
210.83
196.50
144.19
183.76
225.58
209.14
216.52
246.28
260.64
282.80
295.04
240.97
200.27
214.65
214.09
185.57
162.02
215.78
212.82
280.62
299.34
297.45
329.25
258.87
276.43
296.41
269.38
245.20
250.74
285.26
273.23
264.66
246.12
246.27
282.09
225.39
217.01
290.24
284.54
255.32
257.66
294.66
222.18
276.09
272.04
290.47
277.70
231.33
289.38
274.96
330.08
303.87
332.71
240.16
278.33
289.28
272.82
219.98
135.88
262.80
277.86
251.89
271.80
276.75
289.90
250.92
269.62
318.08
256.79
269.17
244.52
302.83
270.10
292.98
329.61
265.25
328.16
269.12
307.57
296.59
268.08
317.80
325.21
280.87
241.63
252.61
315.45
235.09
322.53
319.85
275.08
295.50
253.84
273.02
263.21
297.12
309.43
318.56
337.21
288.56
301.87
346.57
273.54
288.62
234.14
264.13
288.10
305.22
343.28
240.16
302.45
278.64
182.40
333.94
278.79
250.93
282.27
318.89
186.38
282.92
212.48
237.35
265.18
147.93
296.80
158.08
225.38
164.80
156.02
233.35
186.32
176.33
240.72
158.66
169.05
164.49
147.20
117.60
171.85
161.35
161.58
113.79
163.55
190.06
193.33
154.02
220.04
138.98
182.78
204.25
174.17
134.77
180.39
124.24
143.45
167.68
181.00
167.45
114.96
118.17
166.82
130.15
132.42
209.43
163.03
124.63
128.88
257.10
198.88
212.47
228.40
203.54
211.36
152.95
162.74
172.44
138.73
140.29
138.17
88.40
178.91
122.94
140.37
151.20
141.31
149.23
224.91
113.94
102.38
139.76
173.20
140.33
55.95
82.20
120.31
83.52
69.95
154.69
94.67
91.51
93.17
107.22
85.74
138.49
91.88
105.66
81.04
96.17
88.87
98.33
80.72
71.57
53.07
53.93
45.14
59.86
93.21
105.62
99.39
73.35
82.50
101.75
116.62
111.48
82.81
114.92
118.33
71.32
83.81
130.53
180.24
150.84
143.69
102.96
100.99
73.95
74.83
128.51
153.32
139.30
76.18
104.49
151.67
118.26
137.57
196.52
158.23
166.92
168.57
179.50
166.87
144.06
131.84
143.39
112.18
103.78
91.48
84.10
71.04
143.09
126.56
133.23
91.68
97.12
116.62
74.63
80.74
91.71
87.03
123.73
179.04
112.34
114.72
120.60
134.27
134.88
81.21
94.86
103.88
95.02
82.78
112.31
116.69
89.14
117.87
110.12
108.95
99.85
61.04
140.77
102.38
103.23
131.77
139.67
156.37
144.91
166.95
129.95
128.98
130.67
91.83
89.68
69.50
84.05
81.51
94.65
111.66
99.39
87.05
69.68
90.53
83.25
127.91
136.64
162.89
118.92
145.46
144.02
132.28
88.68
110.79
113.54
86.13
92.93
87.95
149.48
131.30
123.03
110.07
61.05
80.89
129.53
113.88
102.34
105.19
142.04
122.32
94.57
103.28
117.97
79.77
118.54
83.91
126.74
80.64
113.49
83.37
77.16
103.92
116.59
65.13
72.35
78.13
101.77
127.69
103.17
116.38
83.12
118.24
117.10
132.41
110.00
83.92
93.49
82.07
66.66
88.68
95.86
62.69
52.85
106.27
89.54
52.61
91.95
115.66
69.28
113.45
99.09
115.01
125.92
104.18
142.14
87.76
94.76
108.45
148.49
140.09
101.03
136.14
139.32
125.68
93.08
124.68
128.66
154.92
124.02
142.80
123.21
101.61
75.71
108.83
125.49
169.85
157.91
142.27
144.12
130.66
153.79
104.16
98.24
124.57
154.25
90.14
73.00
64.18
59.04
72.46
47.57
70.17
71.12
53.61
57.71
83.51
72.92
150.35
143.57
113.69
126.78
102.44
138.88
178.55
117.22
71.05
123.41
129.84
126.30
115.41
99.25
93.39
140.75
129.64
118.16
84.66
78.26
122.20
48.88
95.36
66.64
65.94
80.46
73.18
58.02
71.12
85.97
93.43
70.55
107.58
95.67
101.54
67.58
56.66
72.52
106.67
165.21
191.41
206.56
175.28
207.14
206.42
199.92
159.56
178.13
130.51
211.85
186.22
165.54
161.78
200.79
151.83
180.26
89.62
166.13
142.24
154.89
152.75
162.86
134.33
164.61
167.60
185.36
136.34
156.04
188.45
168.62
229.75
197.17
177.47
218.93
221.34
112.01
186.00
188.45
188.25
206.54
185.36
135.26
184.51
175.59
156.44
141.07
139.78
97.53
178.64
137.38
134.53
136.16
148.11
202.98
110.04
153.15
109.67
91.67
182.12
126.30
116.54
124.71
123.33
118.26
88.06
80.56
112.96
104.83
182.97
81.04
114.39
157.41
98.47
150.61
138.37
149.08
132.15
81.22
100.88
144.19
128.16
94.05
110.88
60.11
137.31
83.78
80.21
135.26
117.88
70.11
70.93
73.17
104.17
87.57
123.39
111.30
117.84
89.29
117.38
