0.038069
0.144687
0.179350
0.154016
0.155798
0.156215
0.163481
0.136542
0.145570
0.144880
0.153441
0.141707
0.143462
0.156409
0.146554
0.155875
0.150244
0.157308
0.137897
0.155894
0.147107
0.160734
0.156606
0.150493
0.168494
0.142542
0.149169
0.167731
0.163976
0.164602
0.158000
0.177966
0.149955
0.148503
0.142904
0.145449
0.147978
0.139935
0.152777
0.148828
0.145650
0.157139
0.148724
0.152914
0.148486
0.150856
0.149555
0.157104
0.155820
0.152822
0.143668
0.148788
0.148551
0.154836
0.158746
0.157441
0.151323
0.159516
0.152933
0.149823
0.165497
0.153279
0.142683
0.151484
0.159096
0.148265
0.151820
0.144296
0.137943
0.163582
0.143984
0.155506
0.142644
0.143181
0.145104
0.148737
0.156120
0.166830
0.145700
0.152907
0.153485
0.144538
0.153288
0.146098
0.147753
0.160506
0.143807
0.159665
0.145788
0.164441
0.150964
0.151563
0.149289
0.150516
0.152390
0.163495
0.147577
0.147102
0.148552
0.154462
0.143657
0.149710
0.152512
0.146883
0.148477
0.147433
0.140894
0.167777
0.146754
0.149893
0.147545
0.149860
0.151167
0.144268
0.160108
0.173383
0.147032
0.150752
0.170185
0.159262
0.150497
0.160680
0.158228
0.139915
0.145015
0.152377
0.146996
0.154060
0.151266
0.150668
0.167721
0.172010
0.154369
0.154089
0.189753
0.152798
0.151826
0.154470
0.161541
0.154607
0.151724
0.146696
0.153263
0.152751
0.153792
0.171037
0.162634
0.152816
0.154913
0.146722
0.151601
0.168770
0.144527
0.157138
0.163842
0.142022
0.156958
0.145050
0.149217
0.144971
0.161516
0.162849
0.153960
0.155016
0.141204
0.141767
0.156578
0.148069
0.142333
0.146647
0.143551
0.153976
0.153831
0.153126
0.154578
0.152285
0.146489
0.141690
0.141250
0.151083
0.152577
0.140299
0.156768
0.155465
0.155917
0.158383
0.156837
0.164337
0.162220
0.147961
0.143539
0.155777
0.161115
0.148147
0.158098
0.159712
0.148743
0.159709
0.153696
0.167605
0.150352
0.151774
0.151313
0.146362
0.143355
0.142791
0.148105
0.153776
0.150120
0.151331
0.154686
0.163209
0.158538
0.151822
0.147865
0.153445
0.149105
0.150661
0.146283
0.151305
0.152890
0.155938
0.153831
0.161835
0.152876
0.161052
0.155458
0.157395
0.152938
0.152740
0.142259
0.148764
0.147559
0.147826
0.163673
0.152849
0.138112
0.145905
0.143347
0.161706
0.192257
0.220628
0.156578
0.148179
0.156708
0.146419
0.155921
0.157152
0.150127
0.159725
0.151691
0.145624
0.154385
0.141656
0.164899
0.140606
0.148038
0.155001
0.153670
0.156049
0.144624
0.153174
0.145339
0.152910
0.154232
0.143646
0.141349
0.151523
0.150027
0.143657
0.155256
0.161113
0.135816
0.153221
0.144231
0.148903
0.143788
0.142427
0.140013
0.150095
0.147270
0.150212
0.150421
0.158810
0.157107
0.152969
0.137472
0.129545
0.132562
0.132494
0.139570
0.139715
0.128492
0.141603
0.148237
0.124311
0.122321
0.132541
0.120281
0.124112
0.127239
0.144336
0.149239
0.119280
0.132249
0.126416
0.123917
0.134182
0.146798
0.148368
0.148513
0.148007
0.152390
0.152334
0.158743
0.146930
0.157024
0.151279
0.151472
0.151643
0.151628
0.152999
0.208611
0.159862
0.144868
0.173019
0.144141
0.143731
0.161362
0.152059
0.145467
0.156730
0.148348
0.153576
0.157773
0.146829
0.141819
0.147646
0.137506
0.153235
0.151746
0.170252
0.146981
0.149173
0.148987
0.143981
0.150753
0.158574
0.143625
0.158450
0.149771
0.147332
0.149670
0.144291
0.147790
0.143320
0.150298
0.148248
0.141923
0.143364
0.151662
0.160636
0.151698
0.152830
0.146594
0.148648
0.140889
0.146386
0.149104
0.149998
0.154413
0.148569
0.146730
0.154151
0.156314
0.173180
0.150537
0.152146
0.163916
0.156756
0.193601
0.147809
0.147959
0.158822
0.142709
0.150450
0.148407
0.148373
0.143292
0.154158
0.154759
0.147676
0.149050
0.147850
0.141682
0.144408
0.168938
0.151322
0.148999
0.153423
0.150931
0.148509
0.153555
0.136756
0.150696
0.148635
0.157277
0.147067
0.147831
0.147777
0.154659
0.158530
0.151162
0.144359
0.150859
0.222808
0.155950
0.154512
0.192588
0.145046
0.151636
0.146703
0.145898
0.153695
0.221379
0.213317
0.219574
0.174268
0.145180
0.197792
0.154313
0.141387
0.147785
0.143216
0.175631
0.153178
0.152188
0.134156
0.173134
0.144468
0.155240
0.159134
0.168159
0.160659
0.158607
0.147744
0.148389
0.156414
0.164556
0.153314
0.158846
0.153520
0.188638
0.173126
0.190013
0.148475
0.161554
0.141446
0.141631
0.141081
0.152026
0.158249
0.157337
0.157547
0.151246
0.188030
0.158387
0.151106
0.156023
0.141559
0.154621
0.154322
0.163575
0.160214
0.145948
0.146674
0.187855
0.215684
0.186804
0.153677
0.158889
0.139839
0.151507
0.145487
0.149154
0.149634
0.147575
0.151535
0.151693
0.149164
0.144181
0.143983
0.150200
0.164754
0.152029
0.146291
0.150451
0.153875
0.143524
0.164125
0.154770
0.166276
0.152175
0.146593
0.149553
0.146083
0.158695
0.152658
0.137838
0.152102
0.156167
0.148874
0.143312
0.157233
0.141865
0.153420
0.171153
0.149990
0.154434
0.152176
0.161093
0.164400
0.138814
0.136502
0.154263
0.154520
0.136731
0.150639
0.142604
0.151575
0.149517
0.182426
0.151882
0.152666
0.142929
0.149086
0.145295
0.152135
0.147645
0.150581
0.142617
0.146468
0.153924
0.149559
0.143680
0.150597
0.155374
0.143386
0.147347
0.146668
0.153594
0.149862
0.158563
0.153087
0.154197
0.152894
0.147570
0.153571
0.141068
0.153857
0.154274
0.158621
0.155645
0.165050
0.156782
0.144422
0.148484
0.177011
0.153844
0.147510
0.152398
0.151151
0.160625
0.152127
0.147424
0.176328
0.148670
0.151462
0.154577
0.144271
0.145362
0.138825
0.156334
0.154967
0.151585
0.156895
0.150748
0.146689
0.150009
0.152007
0.152565
0.179125
0.164692
0.161938
0.156633
0.149465
0.147949
0.150745
0.150638
0.152233
0.147372
0.148777
0.153473
0.155604
0.147960
0.153009
0.150316
0.145176
0.151715
0.142985
0.149208
0.188018
0.150553
0.144771
0.148849
0.156260
0.158833
0.163435
0.141880
0.145766
0.146918
0.148183
0.146554
0.152498
0.140183
0.156488
0.168943
0.157557
0.145613
0.156692
0.139925
0.156309
0.164335
0.150533
0.148638
0.155621
0.165605
0.146338
0.146544
0.148434
0.150434
0.151473
0.143873
0.153803
0.153447
0.156379
0.160859
0.152603
0.145013
0.158417
0.153353
0.160584
0.150718
0.163604
0.146622
0.150477
0.145751
0.145540
0.143728
0.151155
0.148389
0.163651
0.147633
0.216249
0.145650
0.155244
0.178696
0.138174
0.152876
0.146192
0.147407
0.153770
0.151368
0.147012
0.159780
0.142294
0.148837
0.153006
0.163726
0.154093
0.149265
0.160386
0.153571
0.156462
0.165312
0.153979
0.134963
0.136612
0.117765
0.126534
0.131141
0.136356
0.141102
0.195239
0.117577
0.126508
0.133891
0.132237
0.135863
0.132744
0.120296
0.129907
0.118494
0.122370
0.135162
0.137354
0.148041
0.154633
0.154669
0.199805
0.151351
0.147238
0.151623
0.151294
0.168910
0.159943
0.163994
0.147040
0.161155
0.144550
0.147406
0.176932
0.152674
0.140713
0.154418
0.148301
0.149291
0.169039
0.144071
0.149758
0.154139
0.162019
0.160125
0.145637
0.144415
0.177747
0.145665
0.145092
0.159021
0.143854
0.143114
0.156035
