0.010439
0.153118
0.140843
0.146271
0.159339
0.155360
0.134889
0.154377
0.153896
0.150325
0.156945
0.131144
0.143093
0.134068
0.140452
0.135245
0.139372
0.134197
0.151824
0.146427
0.146925
0.140148
0.148433
0.153129
0.170385
0.145034
0.138241
0.133292
0.134573
0.135769
0.146327
0.148377
0.149217
0.135340
0.134029
0.164319
0.168271
0.185205
0.212213
0.141688
0.142873
0.147463
0.140462
0.146913
0.150013
0.144621
0.136984
0.149150
0.154288
0.174447
0.144186
0.161523
0.143143
0.138612
0.139161
0.179595
0.133109
0.155186
0.134920
0.146776
0.155341
0.134107
0.143053
0.133909
0.142115
0.150063
0.160635
0.144091
0.147309
0.159337
0.149125
0.134973
0.152292
0.141055
0.140208
0.154608
0.138272
0.128076
0.135946
0.151231
0.151726
0.147250
0.160475
0.143114
0.136209
0.141780
0.139658
0.156914
0.143232
0.140096
0.154588
0.151438
0.139405
0.132720
0.137273
0.143535
0.134877
0.156101
0.140531
0.137870
0.151596
0.141286
0.155508
0.149284
0.137729
0.139172
0.144683
0.154143
0.144259
0.135822
0.137942
0.144165
0.136691
0.151533
0.169078
0.143245
0.133302
0.145680
0.140216
0.138218
0.141076
0.135002
0.135356
0.129459
0.142506
0.239231
0.228719
0.144453
0.123439
0.121714
0.122452
0.121002
0.120330
0.126057
0.121727
0.115100
0.109886
0.127035
0.112358
0.126374
0.125822
0.119823
0.118226
0.129643
0.129227
0.129882
0.152350
0.160067
0.147858
0.155202
0.160029
0.154424
0.149423
0.155684
0.151806
0.156988
0.151278
0.166858
0.139143
0.150906
0.143697
0.150017
0.151138
0.147555
0.150923
0.137589
0.200906
0.157740
0.147315
0.140858
0.141601
0.134569
0.131424
0.143558
0.143880
0.142189
0.148660
0.138932
0.155017
0.144542
0.131514
0.141111
0.133339
0.146639
0.161458
0.176615
0.155474
0.150319
0.153972
0.154299
0.153913
0.141773
0.163334
0.146753
0.151838
0.145482
0.163076
0.143939
0.142346
0.136874
0.155134
0.143532
0.137222
0.142165
0.162599
0.141445
0.146794
0.185881
0.157547
0.150716
0.141557
0.142789
0.155279
0.139798
0.147723
0.194027
0.153631
0.137081
0.133256
0.128309
0.148193
0.148458
0.134678
0.130633
0.157634
0.143695
0.136436
0.142230
0.144197
0.132317
0.152468
0.141306
0.139203
0.140316
0.173325
0.141044
0.144491
0.138153
0.140059
0.139596
0.135739
0.148510
0.136356
0.154311
0.138528
0.136402
0.135231
0.159452
0.128994
0.147348
0.129764
0.137603
0.149671
0.144188
0.171415
0.144900
0.142855
0.145375
0.163778
0.142932
0.138882
0.134125
0.138247
0.147274
0.154023
0.144617
0.141942
0.161394
0.158271
0.142639
0.144455
0.144520
0.158467
0.172484
0.143876
0.139755
0.147498
0.131268
0.146729
0.145170
0.145332
0.147533
0.148716
0.141695
0.139513
0.161831
0.139440
0.140292
0.133592
0.164842
0.151023
0.140908
0.134310
0.183552
0.149206
0.147972
0.130050
0.150239
0.160365
0.146988
0.143572
0.162062
0.154919
0.167510
0.143245
0.167129
0.144926
0.145782
0.145592
0.132227
0.147490
0.146763
0.159343
0.159140
0.139381
0.152459
0.148831
0.150656
0.154913
0.173573
0.169744
0.140203
0.129917
0.135464
0.152105
0.164789
0.140898
0.146379
0.147139
0.138495
0.142198
0.138865
0.139625
0.159982
0.153417
0.157536
0.142136
0.157457
0.174241
0.139534
0.131177
0.131618
0.147455
0.166370
0.142522
0.143167
0.140717
0.144913
0.134579
0.136380
0.137724
0.140081
0.149542
0.146811
0.145985
0.137835
0.159559
0.151504
0.148856
0.166156
0.156886
0.147839
0.135101
0.145167
0.223623
0.178536
0.170911
0.154590
0.148083
0.142401
0.152356
0.137420
0.133510
0.152666
0.166822
0.139984
0.155053
0.146007
0.145547
0.153968
0.138405
0.160823
0.137346
0.133936
0.141853
0.138710
0.139536
0.139071
0.146322
0.140263
0.136048
0.146053
0.152346
0.149774
0.140147
0.153815
0.146042
0.168572
0.132159
0.134767
0.149086
0.129507
0.138064
0.154581
0.143170
0.154009
0.131085
0.136042
0.139801
0.137481
0.138819
0.143514
0.135968
0.145686
0.133165
0.139524
0.144175
0.155915
0.136259
0.146644
0.131667
0.154508
0.131676
0.144343
0.156808
0.138616
0.135740
0.142292
0.140895
0.145544
0.143331
0.148479
0.132023
0.165025
0.152376
0.135184
0.145201
0.154733
0.136431
0.143941
0.141242
0.155308
0.143322
0.133601
0.147203
0.175490
0.146082
0.147583
0.142770
0.143483
0.141153
0.135754
0.148519
0.133165
0.134634
0.140607
0.132513
0.133305
0.141863
0.145538
0.174763
0.151471
0.143458
0.150496
0.137066
0.173415
0.155137
0.162512
0.138940
0.136755
0.151797
0.149915
0.141139
0.148431
0.145391
0.134908
0.142549
0.148584
0.133511
0.138467
0.149086
0.135228
0.135721
0.137836
0.143396
0.136121
0.141174
0.138391
0.144807
0.138115
0.144028
0.154077
0.146906
0.148963
0.130919
0.145095
0.140509
0.153635
0.141329
0.151990
0.144821
0.164175
0.147780
0.162566
0.163707
0.140046
0.137535
0.145405
0.156343
0.144663
0.157653
0.176254
0.154623
0.154473
0.136294
0.134820
0.143804
0.152483
0.137790
0.137011
0.134042
0.147653
0.144663
0.143469
0.135149
0.142772
0.134831
0.145582
0.141028
0.141013
0.145766
0.162858
0.147622
0.141998
0.144108
0.148486
0.139273
0.139464
0.138568
0.141265
0.141794
0.133580
0.145416
0.134578
0.137415
0.137719
0.167163
0.173165
0.152816
0.146330
0.150400
0.141462
0.131661
0.135893
0.144217
0.132011
0.149114
0.133832
0.159079
0.146647
0.147400
0.141315
0.152888
0.144970
0.134080
0.143549
0.142299
0.136807
0.156017
0.140095
0.146375
0.153539
0.142157
0.146159
0.138769
0.144381
0.146509
0.180053
0.157062
0.139081
0.139769
0.165527
0.147694
0.134950
0.143420
0.134999
0.171987
0.144290
0.158975
0.137910
0.137440
0.133554
0.135243
0.144604
0.134192
0.136172
0.140269
0.145877
0.140245
0.131360
0.147223
0.136557
0.133594
0.147055
0.149184
0.137784
0.156739
0.147688
0.134574
0.132349
0.128354
0.154789
0.128469
0.154881
0.128750
0.147762
0.154389
0.159350
0.160439
0.154625
0.133867
0.149292
0.167888
0.145052
0.138769
0.144908
0.138724
0.142125
0.156887
0.144016
0.133418
0.144292
0.135960
0.192793
0.147116
0.136398
0.137754
0.140190
0.148666
0.134427
0.152403
0.131052
0.149328
0.132737
0.144198
0.132243
0.171391
0.151290
0.139791
0.165374
0.166914
0.140110
0.138333
0.168776
0.143860
0.143967
0.155320
0.148014
0.145335
0.138799
0.157866
0.152590
0.141452
0.140688
0.144932
0.145305
0.141852
0.149472
0.143549
0.159343
0.143409
0.149801
0.134763
0.140371
0.168374
0.141512
0.138763
0.143177
0.139081
0.136932
0.149718
0.130826
0.144272
0.139854
0.142987
0.135179
0.140183
0.153612
0.144034
0.131025
0.142741
0.151879
0.147295
0.139511
0.152603
0.143987
0.144561
0.129986
0.152037
0.146098
0.155769
0.145232
0.168115
0.143120
0.138448
0.139574
0.148799
0.146529
0.147705
0.158150
0.161882
0.138701
0.144418
0.140954
0.151689
0.147805
0.157878
0.167300
0.157405
0.151400
0.155679
0.144396
0.156389
0.149152
0.154287
0.141708
0.132098
0.155412
0.147250
0.158189
0.143436
0.134495
0.140487
0.175822
0.151150
0.134577
0.164198
0.135979
0.135530
0.139394
0.140012
0.142947
0.142407
0.142301
0.144110
0.148161
0.143845
0.146508
0.136664
0.143032
0.146866
0.141354
0.147785
0.141727
0.141692
0.143059
0.132362
0.149741
0.141723
0.142713
0.151286
0.135769
0.143294
0.161207
0.143497
0.158571
0.137976
0.142088
0.149045
0.132661
0.140110
0.152567
0.134562
0.144001
0.141294
0.146412
0.176682
0.161933
0.147480
0.140317
0.153912
0.150783
0.150376
0.143632
0.141610
0.157593
0.170107
0.138028
0.133527
0.137274
0.154128
0.192358
0.138877
0.146210
0.149585
0.140107
0.152314
0.151014
0.133007
0.134415
0.114459
0.121745
0.133260
0.124819
0.131033
0.113834
0.129863
0.115348
0.127028
0.115649
0.119177
0.129639
0.143804
0.114505
0.127623
0.121556
0.130489
0.122958
0.131274
0.119972
0.131751
0.121783
0.140565
0.164242
0.166526
0.140931
0.118827
0.136793
0.126109
0.121311
0.114564
0.129332
0.121569
0.124174
0.121464
0.128141
0.118884
0.114929
0.128411
0.147216
0.147720
0.124298
0.139518
0.133451
0.139167
0.135402
0.132623
0.123577
0.123217
0.121251
0.129744
0.136804
0.137906
0.138012
0.121141
0.149720
0.124992
0.132974
0.131529
0.130883
0.131361
0.121708
0.130869
0.126294
0.127043
0.125986
0.129613
0.135026
0.128909
0.125935
0.129131
0.122823
0.123985
0.127210
0.125888
0.128268
0.119618
0.132597
0.119847
0.134854
0.124107
0.119668
0.126173
0.117174
0.136665
0.128021
0.118504
0.130267
0.121469
0.123467
0.140696
0.114906
0.126976
0.132199
0.116728
0.124599
0.143255
0.139647
0.154154
0.174043
0.164642
0.148062
0.144982
0.145269
0.142163
0.147491
0.138384
0.147328
0.142535
0.143420
0.150884
0.152028
0.165271
0.147686
0.146600
0.154495
0.145004
0.152369
0.149842
0.155898
0.144541
0.154785
0.145828
0.149345
0.125892
0.128898
0.124464
0.126984
0.124264
0.130708
0.131307
0.127905
0.123702
0.135061
0.125218
0.125970
0.118427
0.119995
0.139338
0.138888
0.122159
0.126634
0.124351
0.130227
0.128253
0.128384
0.155305
0.147128
0.129083
0.118451
0.120454
0.131281
0.116299
0.127829
0.116018
0.134316
0.138327
0.116868
0.122546
0.125024
0.126798
0.121193
0.120945
0.130905
0.112493
0.134657
0.119241
0.115748
0.121839
0.121063
0.131424
0.124537
0.115800
0.124911
0.118050
0.135850
0.147988
0.141780
0.145091
0.149681
0.145587
0.141770
0.144974
0.143809
0.154981
0.141614
0.146166
0.147270
0.146986
0.146755
0.150509
0.142308
0.152462
0.143392
0.155969
0.137813
0.154162
0.144549
0.134815
0.143060
0.140679
0.145322
0.147367
0.144041
0.146230
0.141839
0.145208
0.145408
0.147475
0.142214
0.147313
0.150582
0.150126
0.143024
0.138315
0.138519
0.154883
0.141328
0.154173
0.142922
0.173297
0.147955
0.144562
0.150819
0.143854
0.134710
0.133007
0.142949
0.144086
0.149645
0.154925
0.152417
0.152543
0.156306
0.143545
0.154609
0.150078
0.138189
0.148879
0.135606
0.148205
0.136457
0.147927
0.152042
0.146558
0.152258
0.136307
0.157992
0.151807
0.181609
0.161474
0.147429
0.154944
0.151426
0.161631
0.146556
0.152050
0.154074
0.143354
0.146480
0.159377
0.148269
0.149816
0.147462
0.145683
0.173880
0.147071
0.139477
0.140923
0.156698
0.138579
0.149042
0.146751
0.145829
0.147383
0.153466
0.140594
0.152033
0.153565
0.156450
0.152518
0.137266
0.140447
0.125936
0.147766
0.164790
0.139986
0.156348
0.144930
0.149987
0.135694
0.146747
0.130015
0.148254
0.155801
0.141595
0.154815
0.141469
0.150553
0.137929
0.130194
0.146575
0.141594
0.146515
0.147962
0.140097
0.138493
0.158797
0.156739
0.151407
0.148802
0.160830
0.154501
0.158095
0.137590
0.154774
0.158777
0.134552
0.180619
0.169205
0.132218
0.213505
0.197649
0.151097
0.148222
0.148306
0.154201
0.145067
0.144410
0.145733
0.141226
0.157980
0.154455
0.146640
0.150814
0.144690
0.173868
0.168053
0.199046
0.143135
0.142991
0.130668
0.150777
0.148440
0.143461
0.134392
0.150722
0.162488
0.152909
0.138651
0.141598
0.145325
0.146016
0.173515
0.143028
0.140115
0.143601
0.145203
0.136495
0.151459
0.134495
0.144273
0.156846
0.136045
0.141986
0.148075
0.145461
0.144763
0.150346
0.149157
0.145867
0.138323
0.146788
0.147445
0.139144
0.143334
0.146563
0.150338
0.145810
0.146594
0.173315
0.145976
0.149338
0.137925
0.150108
0.140312
0.148698
0.164557
0.134542
0.149215
0.148053
0.152718
0.151374
0.151702
0.149364
0.154429
0.156648
0.150697
0.147211
0.154446
0.148004
0.139043
0.163281
0.145885
0.134973
0.140974
0.148642
0.142469
0.138381
0.131499
0.144555
0.145770
0.142132
0.135227
0.137794
0.145140
0.185663
0.146121
0.138749
0.147668
0.154436
0.146941
0.145390
0.139784
0.148546
0.145714
0.144126
0.143119
0.141722
0.145682
0.148995
0.146412
0.147085
0.130507
0.131986
0.138084
0.155693
0.151569
0.147591
0.151519
0.136256
0.147228
0.145052
0.149851
0.139801
0.152674
0.143402
0.139355
0.150405
0.153048
0.144782
0.172280
0.143682
0.149207
0.144822
0.148178
0.147108
0.140183
0.149838
0.144008
0.173026
0.151389
0.151700
0.149939
0.138654
0.146514
0.146353
0.141859
0.149433
0.147833
0.151018
0.148258
0.142143
0.149707
0.142898
0.146624
0.145350
0.150741
0.153025
0.157193
0.151289
0.150293
0.146610
0.146021
0.142508
0.145515
0.149408
0.147341
0.154845
0.152945
0.146681
0.144894
0.152928
0.151730
0.142130
0.145722
0.148469
0.140081
0.148818
0.142565
0.149359
0.140853
0.144979
0.148283
0.139557
0.145858
0.144447
0.146540
0.130832
0.136529
0.136896
0.175421
0.170832
0.156413
0.140037
0.134884
0.150920
0.140226
0.147649
0.140870
0.140023
0.161928
0.143548
0.147851
0.146494
0.149912
0.140011
0.152969
0.142203
0.145743
0.146909
0.145659
0.157092
0.153493
0.144011
0.145551
0.151616
0.153633
0.136662
0.140879
0.162817
0.142487
0.155041
0.148654
0.137943
0.142923
0.133516
0.143746
0.149262
0.147357
0.150795
0.138292
0.137105
0.148325
0.151398
0.142982
0.151757
0.161087
0.144305
0.150347
0.166310
0.145980
0.153426
0.136445
0.139633
0.131791
0.152592
0.143588
0.149995
0.162703
0.146623
0.145223
0.144585
0.137347
0.149810
0.130428
0.139319
0.162047
0.136789
0.160703
0.151360
0.132195
0.139536
0.134734
0.141877
0.146143
0.172351
0.149735
0.138059
0.154137
0.136895
0.141762
0.150370
0.159680
0.136850
0.140344
0.188347
0.140112
0.153572
0.151002
0.145791
0.137197
0.134817
0.150458
0.143947
0.159555
0.142526
0.145932
0.132108
0.155952
0.148972
0.159955
0.153255
0.148437
0.137516
0.148855
0.148693
0.143152
0.154926
0.149739
0.147341
0.147354
0.137548
0.148916
0.144985
0.141640
0.152380
0.146831
0.134295
0.143030
0.142303
0.150561
0.163417
0.148106
0.170260
0.130945
0.151443
0.151937
0.152580
0.138943
0.160170
0.152143
0.153349
0.142516
0.141159
0.151941
0.148904
0.159566
0.146482
0.141458
0.137686
0.157004
0.144438
0.165860
0.139622
0.147072
0.146897
0.146299
0.147953
0.152535
0.137891
0.129341
0.149662
0.144502
0.135008
0.163509
0.138769
0.146917
0.148518
0.162108
0.152480
0.133198
0.157539
0.145823
0.152979
0.147335
0.136053
0.144939
0.155236
0.142161
0.142671
0.145115
0.141295
0.153280
0.151675
0.155347
0.147063
0.137940
0.137950
0.189105
0.145609
0.149664
0.151557
0.151801
0.132636
0.150964
0.147545
0.143070
0.150652
0.150044
0.154159
0.146788
0.149885
0.153417
0.140898
0.159794
0.186713
0.191527
0.159782
0.148876
0.155940
0.143094
0.147283
0.146337
0.161743
0.150161
0.142559
0.141811
0.151135
0.130973
0.128952
0.163084
0.164467
0.168552
0.156848
0.136631
0.153184
0.155272
0.145870
0.145841
0.154552
0.151453
0.167235
0.137206
0.151797
0.141930
0.148084
0.150288
0.142767
0.147209
0.139758
0.151888
0.154091
0.148950
0.140211
0.160874
0.157547
0.149557
0.144952
0.147698
0.146324
0.150743
0.146170
0.136872
0.141818
0.169400
0.153329
0.149339
0.153377
0.134866
0.153385
0.197226
0.150383
0.147242
0.151319
0.143407
0.140910
0.156693
0.184896
0.142557
0.146588
0.146515
0.153187
0.159052
0.164400
0.140413
0.143116
0.140534
0.154402
0.142359
0.140267
0.150497
0.132855
0.150649
0.149499
0.151860
0.136653
0.148812
0.188164
0.172125
0.153109
0.140049
0.156718
0.161037
0.142625
0.136428
0.149868
0.146963
0.136024
0.185269
0.140802
0.145856
0.154120
0.144517
0.136314
0.142709
0.148977
0.150011
0.149443
0.180413
0.162694
0.148469
0.131285
0.145217
0.155899
0.147463
0.144080
0.131152
0.156614
0.147403
0.152276
0.146791
0.153838
0.152451
0.149850
0.149167
0.148540
0.167219
0.143057
0.148360
0.151171
0.144827
0.160761
0.144633
0.174083
0.130313
0.150619
0.152925
0.146959
0.135516
0.149486
0.148239
0.138214
0.148269
0.150204
0.169553
0.166008
0.153941
0.135860
0.156779
0.132210
0.135473
0.154010
0.150580
0.136295
0.150156
0.130112
0.145674
0.158844
0.159379
0.133268
0.150223
0.150688
0.157180
0.156685
0.140057
0.159362
0.148849
0.162498
0.136344
0.145471
0.152907
0.156063
0.141736
0.146062
0.142386
0.149974
0.156773
0.146369
0.148460
0.150113
0.151242
0.149353
0.161915
0.143561
0.150663
0.150682
0.158591
0.152636
0.139110
0.150894
0.143921
0.135991
0.147507
0.156050
0.159530
0.149097
0.152297
0.150967
0.146484
0.161905
0.153618
0.135944
0.153680
0.145641
0.144644
0.151549
0.147639
0.155677
0.150567
0.151854
0.147233
0.134941
0.148103
0.169729
0.136001
0.159324
0.141763
0.160158
0.142813
0.143802
0.149775
0.131852
0.158220
0.133652
0.149438
0.136005
0.140040
0.160681
0.145873
0.142397
0.167185
0.143792
0.147243
0.142818
0.146555
0.145530
0.148366
0.157101
0.142298
0.153349
0.154811
0.160909
0.132735
0.161084
0.143775
0.144352
0.156671
0.152100
0.154737
0.154585
0.158567
0.143905
0.144079
0.151760
0.151879
0.152734
0.146492
0.134791
0.144410
0.140728
0.152185
0.150103
0.134712
0.144032
0.162156
0.179034
0.149355
0.150155
0.142075
0.150195
0.155421
0.142939
0.141504
0.141975
0.152709
0.158846
0.147460
0.133043
0.144079
0.131891
0.138237
0.143925
0.149131
0.137891
0.137925
0.143940
0.136147
0.165375
0.142033
0.138082
0.144191
0.149767
0.143395
0.148311
0.138863
0.150327
0.143201
0.140396
0.156331
0.139170
0.142761
0.185494
0.173780
0.149811
0.147195
0.152554
0.143621
0.135218
0.158154
0.174639
0.147600
0.142601
0.141397
0.143178
0.148921
0.148811
0.140119
0.144557
0.145581
0.143015
0.141220
0.147499
0.141851
0.142217
0.151016
0.141970
0.141134
0.148187
0.145774
0.151567
0.167805
0.148100
0.141737
0.156020
0.127016
0.145210
0.136621
0.141795
0.145496
0.130472
0.159323
0.155524
0.176677
0.152556
0.160884
0.142649
0.149071
0.146106
0.160885
0.152276
0.156438
0.149724
0.155569
0.156224
0.149170
0.153097
0.147810
0.146245
0.161106
0.148467
0.138710
0.148928
0.141679
0.142540
0.143945
0.160122
0.140269
0.152824
0.150051
0.144142
0.150004
0.138240
0.137946
0.145222
0.133473
0.162593
0.133581
0.146503
0.147579
0.137294
0.139816
0.189738
0.137705
0.141678
0.153711
0.137170
0.143267
0.160663
0.146235
0.139700
0.141308
0.199032
0.151048
0.143450
0.141434
0.141909
0.168835
0.143183
0.152830
0.137779
0.149645
0.144695
0.151844
0.154373
0.155640
0.153427
0.142975
0.133291
0.133664
0.152501
0.145370
0.144017
0.147915
0.146965
0.151047
0.144426
0.138006
0.159743
0.136851
0.134263
0.140687
0.135683
0.137957
0.146892
0.151019
0.134585
0.149634
0.138185
0.156599
0.151228
0.137157
0.152172
0.146703
0.137854
0.132779
0.154988
0.152123
0.158431
0.155271
0.156968
0.156794
0.149661
0.164754
0.215505
0.140606
0.139397
0.153043
0.154141
0.149172
0.151847
0.140265
0.136013
0.145318
0.148338
0.142444
0.136199
0.152472
0.144853
0.133542
0.142457
0.144616
0.147941
0.151716
0.146334
0.149065
0.135330
0.149343
0.148405
0.149091
0.153616
0.152639
0.142922
0.153444
0.137789
0.162259
0.136486
0.149319
0.145457
0.164981
0.147865
0.148256
0.154050
0.145459
0.150679
0.147072
0.149378
0.140065
0.136743
0.153949
0.151535
0.139395
0.144006
0.144441
0.134811
0.147916
0.154284
0.147122
0.142946
0.142120
0.144152
0.161165
0.145043
0.144985
0.149172
0.135621
0.142700
0.148178
0.144786
0.183873
0.159580
0.185324
0.155385
0.143336
0.150904
0.141702
0.133791
0.153486
0.147629
0.147254
0.212926
0.144305
0.133239
0.150872
0.150257
0.137788
0.152256
0.153649
0.148425
0.154653
0.205683
0.165688
0.139832
0.161031
0.147920
0.153962
0.147871
0.146479
0.150225
0.143473
0.146706
0.149710
0.154750
0.165752
0.140083
0.139944
0.156781
0.141706
0.164237
0.188450
0.142944
0.136081
0.144524
0.148221
0.146722
0.155639
0.148772
0.148396
0.162325
0.137730
0.154117
0.133866
0.136140
0.148594
0.145571
0.144441
0.153468
0.150557
0.140772
0.157923
0.148416
0.150913
0.135468
0.150037
0.170300
0.153314
0.143713
0.166323
0.156024
0.147284
0.162160
0.154518
0.142381
0.148203
0.137145
0.154215
0.150303
0.154038
0.142034
0.146445
0.165464
0.147940
0.133682
0.139484
0.148324
0.147113
0.141021
0.175897
0.142405
0.150370
0.155571
0.153075
0.147689
0.168153
0.138411
0.160021
0.151000
0.178939
0.133477
0.164415
0.162062
0.143534
0.135616
0.151158
0.144295
0.155987
0.151379
0.164937
0.150568
0.143910
0.137463
0.154496
0.143276
0.131815
0.146199
0.151984
0.137847
0.156082
0.159855
0.144907
0.156474
0.151305
0.138002
0.140952
0.136338
0.141093
0.148736
0.149214
0.179997
0.188403
0.139241
0.143457
0.142224
0.140740
0.151853
0.143222
0.145795
0.142423
0.143802
0.136079
0.160911
0.149527
0.158734
0.151006
0.158574
0.152317
0.144790
0.151397
0.154092
0.140100
0.141232
0.156887
0.137920
0.159273
0.174916
0.153312
0.148213
0.150749
0.147048
0.149925
0.147458
0.151805
0.139764
0.162847
0.138892
0.145332
0.154478
0.148163
0.153777
0.140815
0.147543
0.147539
0.151971
0.150121
0.144408
0.148833
0.146337
0.145140
0.151800
0.143143
0.131357
0.143134
0.154659
0.133893
0.148677
0.140115
0.151983
0.137113
0.154517
0.149521
0.140483
0.139098
0.139792
0.198669
0.201046
0.152319
0.150301
0.151975
0.129077
0.144710
0.143812
0.138589
0.146250
0.151574
0.152498
0.140880
0.141402
0.148119
0.155331
0.184294
0.180944
0.152278
0.157642
0.158476
0.166816
0.169227
0.175731
0.143565
0.149450
0.138649
0.148579
0.148937
0.153450
0.154450
0.143220
0.149545
0.142301
0.136256
0.149658
0.140093
0.153621
0.153932
0.152326
0.163273
0.147501
0.143316
0.137198
0.141952
0.161370
0.159449
0.148819
0.155339
0.148192
0.155907
0.147066
0.149778
0.148082
0.156213
0.148236
0.158199
0.146270
0.135545
0.149306
0.147013
0.153944
0.145273
0.159079
0.155676
0.150555
0.145318
0.149417
0.188310
0.137659
0.142232
0.145107
0.152151
0.141548
0.154306
0.157350
0.137017
0.138856
0.145342
0.143817
0.143871
0.157371
0.154903
0.145653
0.145704
0.162165
0.162581
0.200795
0.159649
0.144505
0.135394
0.137478
0.149738
0.135199
0.134919
0.135542
0.164332
0.136162
0.143647
0.153605
0.160094
0.164597
0.161791
0.154456
0.180390
0.137842
0.152595
0.156282
0.139981
0.143993
0.135847
0.139573
0.156990
0.146090
0.182180
0.139742
0.157284
0.162085
0.155434
0.154364
0.151342
0.152254
0.143216
0.137835
0.145402
0.156674
0.145365
0.137651
0.139089
0.143679
0.155829
0.147950
0.179355
0.160362
0.154783
0.157559
0.135160
0.137322
0.159698
0.146457
0.136556
0.147808
0.140648
0.158205
0.149744
0.153629
0.145559
0.129875
0.155232
0.154935
0.135369
0.141242
0.146466
0.146489
0.149388
0.138823
0.173389
0.131903
0.146731
0.144750
0.149282
0.156530
0.144398
0.145808
0.153214
0.150771
0.139913
0.143359
0.151301
0.144216
0.150487
0.147968
0.148558
0.152175
0.151504
0.133538
0.166244
0.139234
0.146938
0.152254
0.155032
0.189980
0.149763
0.153229
0.150497
0.147908
0.150048
0.150982
0.151194
0.144178
0.193056
0.144157
0.140119
0.164968
0.169762
0.151635
0.148998
0.141237
0.153007
0.150759
0.154195
0.162480
0.162004
0.153476
0.172226
0.148907
0.162280
0.148545
0.154114
0.154898
0.132003
0.134111
0.158568
0.160979
0.146093
0.144547
0.158498
0.149705
0.128776
0.152379
0.140515
0.138031
0.163446
0.142537
0.135663
0.139455
0.133632
0.171471
0.146770
0.149331
0.146195
0.151340
