0.00
158.71
151.63
180.19
161.70
198.12
200.31
192.69
208.56
161.14
173.82
168.65
203.93
178.51
209.88
159.30
152.05
213.86
181.68
190.61
163.55
159.95
159.50
133.99
210.70
176.61
217.56
156.72
154.94
184.86
185.68
178.02
164.52
169.82
139.43
187.43
179.65
154.92
215.11
162.88
182.35
178.48
187.96
195.99
152.02
218.73
199.43
197.00
170.89
186.38
188.04
170.39
155.34
179.51
202.42
183.46
180.14
190.30
197.68
183.79
216.92
171.68
187.47
176.98
210.67
175.22
182.21
199.91
189.56
158.02
163.16
159.40
167.61
173.08
164.77
160.74
172.72
171.20
174.12
192.13
193.75
178.78
199.81
169.19
181.83
204.74
171.15
202.39
152.01
230.49
215.65
175.04
199.28
171.67
216.75
201.71
229.14
242.06
195.33
241.97
184.55
197.63
185.07
243.18
203.50
207.21
195.17
229.07
165.83
225.75
231.97
184.03
232.10
185.49
210.83
199.97
201.78
230.28
179.93
197.21
190.99
166.00
129.80
148.59
106.81
178.46
168.89
153.83
146.34
197.64
163.79
186.52
149.91
175.32
145.20
143.51
119.42
142.02
166.78
122.01
99.55
202.46
183.93
207.00
194.78
173.23
197.84
191.24
199.86
192.42
155.83
207.85
165.25
143.42
141.95
169.56
197.99
152.70
190.52
177.37
207.23
203.15
159.26
195.04
175.03
203.20
105.21
174.48
166.89
133.04
175.15
183.16
209.23
174.72
146.53
164.98
159.86
132.80
148.77
126.88
224.65
161.21
200.95
171.06
146.66
235.85
168.34
139.01
143.66
139.00
112.09
118.93
124.79
83.18
124.90
102.99
159.56
110.29
162.87
140.01
163.01
159.90
187.71
153.25
185.98
154.48
203.72
182.76
166.66
164.95
220.04
146.60
198.85
217.66
210.18
204.86
201.86
215.63
162.50
186.68
213.57
184.40
193.92
201.72
216.65
239.68
208.90
256.58
239.92
201.86
231.66
237.59
222.97
212.56
211.27
214.94
211.05
232.46
224.14
206.98
164.57
200.61
187.62
179.00
166.37
200.30
217.46
154.06
183.63
205.58
200.75
208.03
238.75
197.94
246.44
192.32
196.68
207.22
192.93
204.31
165.51
137.29
194.76
207.47
166.39
182.48
185.79
144.73
148.95
121.51
164.18
165.05
141.38
167.14
125.65
161.44
153.56
136.70
132.32
178.24
123.65
102.12
93.88
92.64
185.78
95.01
95.20
105.23
89.95
87.58
99.26
79.79
67.65
67.12
146.81
89.94
88.35
111.17
90.29
122.68
78.65
85.14
97.49
125.34
66.27
133.88
123.91
120.90
128.95
93.93
125.42
119.45
81.57
109.70
122.51
124.31
143.42
125.29
101.57
118.24
112.17
136.19
129.99
161.24
150.18
160.20
146.01
157.65
135.23
150.13
151.96
155.48
126.77
160.12
152.00
101.11
138.85
163.75
168.74
157.03
145.01
109.25
69.72
95.47
131.76
131.46
144.75
113.97
129.92
85.47
131.21
112.97
129.90
80.09
89.49
83.53
97.75
84.99
84.98
86.22
86.42
78.08
84.71
101.75
77.18
67.93
69.50
93.81
78.59
87.31
169.02
94.71
94.55
66.56
94.75
92.42
128.05
108.22
75.48
90.76
84.33
103.07
64.49
98.12
127.92
134.17
103.13
140.20
159.24
118.09
183.36
130.14
99.22
123.77
203.39
99.22
154.95
152.58
183.52
156.16
138.00
150.94
120.56
