0.00
0.77
0.78
0.75
0.76
0.77
0.73
0.72
0.74
0.73
0.74
0.75
0.76
0.66
0.78
0.61
0.79
0.75
0.74
0.73
0.74
0.75
0.75
0.77
0.74
0.76
0.75
0.75
0.75
0.75
0.70
0.73
0.72
0.72
0.72
0.72
0.64
0.72
0.73
0.69
0.72
0.68
0.69
0.69
0.65
0.57
0.62
0.62
0.64
0.62
0.54
0.58
0.51
0.56
0.52
0.56
0.57
0.55
0.57
0.56
0.52
0.53
0.49
0.39
0.50
0.44
0.42
0.46
0.43
0.49
0.47
0.40
0.43
0.49
0.45
0.39
0.40
0.49
0.41
0.41
0.50
0.45
0.39
0.48
0.45
0.44
0.46
0.48
0.43
0.47
0.49
0.40
0.40
0.43
0.47
0.44
0.37
0.39
0.45
0.45
0.42
0.49
0.42
0.42
0.49
0.52
0.47
0.45
0.41
0.42
0.45
0.40
0.47
0.42
0.51
0.42
0.43
0.50
0.44
0.44
0.43
0.44
0.40
0.44
0.42
0.44
0.53
0.44
0.49
0.51
0.47
0.45
0.38
0.44
0.36
0.38
0.40
0.41
0.38
0.41
0.42
0.46
0.37
0.45
0.45
0.46
0.50
0.50
0.45
0.45
0.49
0.42
0.47
0.45
0.34
0.40
0.46
0.42
0.46
0.33
0.33
0.36
0.40
0.24
0.37
0.38
0.44
0.41
0.50
0.41
0.33
0.37
0.55
0.55
0.44
0.36
0.46
0.48
0.39
0.44
0.48
0.54
0.52
0.48
0.52
0.49
0.49
0.51
0.53
0.50
0.49
0.52
0.53
0.58
0.61
0.64
0.61
0.60
0.66
0.65
0.61
0.56
0.54
0.57
0.56
0.58
0.55
0.57
0.54
0.55
0.44
0.47
0.45
0.44
0.41
0.48
0.52
0.55
0.49
0.44
0.42
0.51
0.40
0.41
0.44
0.43
0.47
0.38
0.45
0.51
0.42
0.39
0.48
0.47
0.44
0.39
0.39
0.51
0.43
0.50
0.49
0.49
0.40
0.30
0.34
0.45
0.41
0.36
0.35
0.31
0.36
0.43
0.28
0.36
0.27
0.29
0.37
0.26
0.32
0.49
0.39
0.44
0.30
0.42
0.45
0.48
0.50
0.51
0.49
0.50
0.53
0.60
0.56
0.61
0.57
0.59
0.57
0.59
0.55
0.60
0.63
0.60
0.66
0.65
0.59
0.66
0.65
0.63
0.62
0.69
0.71
0.70
0.68
0.67
0.65
0.69
0.66
0.69
0.63
0.72
0.68
0.70
0.68
0.68
0.70
0.64
0.66
0.69
0.65
0.66
0.66
0.66
0.66
0.68
0.66
0.63
0.68
0.68
0.69
0.69
0.63
0.62
0.71
0.70
0.59
0.67
0.62
0.67
0.66
0.67
0.62
0.68
0.66
0.61
0.70
0.63
0.62
0.64
0.59
0.66
0.68
0.69
0.69
0.68
0.71
0.67
0.65
0.68
0.69
0.64
0.66
0.64
0.68
0.64
0.67
0.58
0.65
0.64
0.67
0.66
0.69
0.65
0.65
0.71
0.59
0.72
0.54
0.72
0.66
0.72
0.72
0.60
0.69
0.63
0.69
0.58
0.58
0.71
0.60
0.65
0.67
0.64
0.57
0.52
0.62
0.52
0.51
0.46
0.46
0.37
0.48
0.46
0.42
0.53
0.28
0.39
0.45
0.32
0.25
0.32
0.38
0.31
0.31
0.26
0.28
0.23
0.33
0.32
0.32
0.26
0.40
0.13
0.38
0.34
0.41
0.28
0.32
0.40
0.34
0.33
0.16
0.24
0.08
0.27
0.12
0.15
0.27
0.19
0.10
0.17
0.23
0.15
0.17
0.16
0.24
0.19
0.19
0.16
0.25
0.25
0.17
0.18
0.15
0.21
0.40
0.33
0.37
0.38
0.43
0.36
0.42
0.49
0.41
0.43
0.41
0.39
0.27
0.32
0.42
0.50
0.39
0.42
0.34
0.43
0.54
0.50
0.43
0.36
0.51
0.40
0.53
0.38
0.41
0.46
0.42
0.40
0.32
0.38
0.41
0.47
0.50
0.37
0.26
0.39
0.37
0.36
0.31
0.28
0.37
0.36
0.21
0.32
0.25
0.27
0.35
0.21
0.20
0.12
0.20
0.32
0.42
0.31
0.31
0.42
0.45
0.36
0.41
0.21
0.38
0.35
0.22
0.19
0.36
0.40
0.14
0.17
0.30
0.16
0.07
0.33
0.35
0.43
0.42
0.31
0.30
0.44
0.39
0.23
0.43
0.24
0.36
0.39
0.47
0.43
0.50
0.41
0.41
