0.012423
2.695776
0.088320
0.088877
0.093426
0.096982
0.099405
0.116575
0.096509
0.105682
0.101484
0.099186
0.117788
0.130705
0.125550
0.116747
0.118393
0.126288
0.117083
0.133098
0.132453
0.123916
0.131865
0.112132
0.131116
0.112156
0.111171
0.142255
0.118310
0.120581
0.116059
0.151475
0.115382
0.123910
0.126658
0.131584
0.128517
0.135913
0.115105
0.137145
0.160192
0.141233
0.155161
0.144383
0.143959
0.137643
0.138495
0.135602
0.145920
0.143349
0.154321
0.132333
0.142661
0.137984
0.144574
0.137597
0.150697
0.134860
0.160619
0.138930
0.139015
0.164599
0.150991
0.182732
0.156867
0.143323
0.135998
0.143279
0.152041
0.137063
0.146550
0.154796
0.149162
0.141871
0.138865
0.147804
0.151243
0.153737
0.155371
0.142328
0.145070
0.149360
0.175855
0.181301
0.135502
0.144011
0.147134
0.148388
0.149413
0.139643
0.147392
0.138421
0.135500
0.186002
0.154037
0.136550
0.141697
0.161126
0.149031
0.154712
0.156092
0.149136
0.136948
0.156118
0.137782
0.143572
0.153951
0.153790
0.158320
0.153908
0.155550
0.146606
0.149259
0.154938
0.160091
0.141247
0.137158
0.136835
0.149158
0.190315
0.140251
0.179564
0.147960
0.137409
0.144137
0.136267
0.143957
0.142463
0.158544
0.134440
0.178678
0.162534
0.147717
0.138175
0.143513
0.138648
0.153287
0.144745
0.148114
0.149688
0.131058
0.151985
0.142574
0.174774
0.158165
0.146628
0.142097
0.162894
0.161783
0.160153
0.133076
0.142162
0.157250
0.156034
0.144398
0.173864
0.170487
0.140619
0.157271
0.137168
0.145902
0.156591
0.140904
0.145441
0.174946
0.148388
0.145927
0.158193
0.139986
0.148517
0.139591
0.140533
0.149660
0.140799
0.135266
0.141334
0.148218
0.137965
0.137484
0.133579
0.147042
0.149257
0.161432
0.144820
0.143067
0.150354
0.160595
0.150072
0.156396
0.136507
0.137919
0.149323
0.139200
0.146245
0.152738
0.175359
0.157969
0.145373
0.132530
0.144524
0.133467
0.145629
0.183376
0.144603
0.151403
0.138311
0.159114
0.142524
0.139181
0.138938
0.168916
0.137748
0.142814
0.137708
0.152494
0.143917
0.157682
0.145283
0.139096
0.137895
0.152734
0.146325
0.178056
0.129662
0.141157
0.146545
0.139450
0.136913
0.144341
0.139696
0.138954
0.157333
0.134363
0.143202
0.134747
0.136898
0.146142
0.145835
0.147712
0.153321
0.149443
0.160733
0.154682
0.137966
0.149360
0.131855
0.162776
0.152986
0.137774
0.150132
0.150491
0.150365
0.162437
0.141637
0.150772
0.142377
0.149643
0.138885
0.139952
0.136321
0.143460
0.141060
0.139915
0.144332
0.136302
0.138830
0.154090
0.148289
0.142099
0.163017
0.137386
0.146449
0.147621
0.145536
0.163185
0.139204
0.139499
0.145315
0.137232
0.141211
0.150460
0.148828
0.136231
0.151705
0.139607
0.149052
0.143067
0.141114
0.145009
0.151005
0.134645
0.147582
0.133679
0.147643
0.129128
0.153243
0.138497
0.145046
0.139788
0.143984
0.151349
0.135740
0.139995
0.126182
0.137293
0.126544
0.126921
0.121170
0.120889
0.136477
0.127105
0.123282
0.125836
0.130832
0.120419
0.135045
0.130782
0.125876
0.125702
0.122663
0.123814
0.125600
0.122553
0.119256
0.123942
0.124028
0.129756
0.113438
0.121026
0.124305
0.117077
0.113317
0.125892
0.117293
0.122854
0.119848
0.123544
0.121228
0.135453
0.120269
0.122536
0.138254
0.116452
0.121882
0.126876
0.122013
0.123600
0.123369
0.119692
0.157270
0.164155
0.115813
0.123101
0.130349
0.132600
0.133421
0.133788
0.115547
0.131417
0.126339
0.127652
0.125984
0.129754
0.115014
0.156815
0.117697
0.121992
0.129436
0.127438
0.125951
0.122542
0.122875
0.125097
0.130685
0.123646
0.124343
0.112368
0.120639
0.124619
0.126770
0.121310
0.116232
0.120907
0.111840
0.126023
0.124706
0.144660
0.132779
0.119763
0.124095
0.126996
0.116035
0.131380
0.113190
0.111937
0.122552
0.131812
0.125099
0.128509
0.135266
0.117795
0.134299
0.110429
0.124243
0.113523
0.135940
0.113831
0.121083
0.119758
0.120490
0.122366
0.133648
0.122502
0.124102
0.124657
0.109746
0.123885
0.132948
0.119652
0.136409
0.109531
0.123132
0.133698
0.115712
0.123632
0.125082
0.128874
0.127033
0.115800
0.122642
0.123318
0.126828
0.126997
0.126222
0.124391
0.131456
0.119584
0.125422
0.132691
0.132469
0.140141
0.153850
0.141382
0.153134
0.157978
0.141769
0.144413
0.179368
0.140473
0.139175
0.128949
0.151071
0.128162
0.143391
0.146902
0.132994
0.152666
0.141377
0.149350
0.151413
0.157435
0.145258
0.134043
0.146762
0.140061
0.134842
0.145514
0.148506
0.152684
0.139055
0.153353
0.141908
0.143358
0.145448
0.161979
0.150822
0.142409
0.138707
0.132005
0.144985
0.177247
0.156542
0.149116
0.156669
0.167313
0.142058
0.140622
0.140878
0.153682
0.149320
0.139432
0.152117
0.142858
0.149263
0.150047
0.149453
0.153618
0.142609
0.142772
0.136986
0.151887
0.152173
0.140856
0.148237
0.142165
0.146152
0.148376
0.169377
0.132951
0.134362
0.145821
0.153426
0.142490
0.138232
0.142023
0.148864
0.140718
0.136136
0.139114
0.151463
0.132779
0.131252
0.147294
0.197438
0.194811
0.162214
0.145079
0.137740
0.173468
0.136012
0.148488
0.134166
0.147176
0.160761
0.136762
0.147247
0.147650
