0.00
464.99
479.42
437.12
454.54
469.15
442.37
396.61
443.81
419.49
442.72
464.78
455.71
349.89
480.82
312.15
491.63
459.33
426.07
428.85
429.98
450.01
421.12
448.50
412.04
449.44
414.33
429.26
433.20
425.59
360.39
407.41
401.66
382.87
402.86
384.99
306.37
399.26
398.19
360.54
380.61
335.36
352.86
355.58
317.02
223.32
259.76
279.80
286.41
263.09
191.20
227.30
174.50
203.84
190.89
205.10
202.76
186.36
216.65
199.39
176.11
178.32
155.56
102.17
161.17
125.76
116.68
131.47
126.29
149.45
138.37
118.24
117.64
156.50
129.77
98.47
107.85
137.36
113.78
103.29
169.10
144.01
94.71
147.39
143.16
137.46
141.36
139.68
113.82
147.28
162.31
97.08
91.71
123.70
153.00
127.62
102.60
112.03
125.23
135.55
120.95
159.93
106.24
107.87
148.81
180.19
148.12
120.39
113.52
118.50
134.11
101.82
120.68
113.47
153.18
117.04
125.37
158.14
129.60
128.10
118.16
125.20
102.72
126.44
108.25
126.27
182.04
132.08
140.54
166.86
150.39
128.77
91.91
118.26
85.28
91.52
103.50
112.47
104.90
98.56
112.74
139.50
89.55
137.02
153.96
150.94
208.52
190.03
172.21
174.76
202.80
193.12
204.54
195.65
153.86
150.57
174.72
186.60
177.37
133.82
110.87
118.04
134.49
94.18
131.00
143.03
209.68
156.29
219.88
153.79
125.22
121.54
245.17
264.17
176.23
130.40
184.97
200.82
152.65
191.98
183.02
235.15
206.94
194.04
222.48
191.78
195.12
213.20
219.38
209.26
191.17
204.43
219.91
250.26
284.34
313.32
277.71
277.27
329.15
340.29
278.05
241.84
256.14
245.95
243.82
264.07
230.28
232.80
201.96
210.34
154.59
187.58
181.18
183.50
166.01
195.54
196.76
220.36
169.96
153.54
158.79
195.45
121.36
123.51
157.61
126.54
167.15
96.81
150.31
215.17
136.23
110.95
160.95
147.10
138.79
112.46
114.48
212.66
140.23
187.96
206.96
202.93
123.02
83.29
99.48
174.00
135.98
118.40
114.25
91.49
103.26
176.85
101.59
132.21
103.34
72.92
110.60
96.09
113.74
180.18
117.82
150.40
101.91
151.98
161.84
188.88
183.65
187.49
191.20
181.41
194.82
272.63
237.46
253.93
244.23
242.38
238.75
252.94
238.47
267.71
296.19
265.56
324.40
319.55
267.21
323.33
321.42
304.31
297.47
359.71
410.38
395.70
364.51
352.46
328.45
384.51
347.90
377.50
319.59
423.93
366.22
395.07
369.89
380.28
393.83
315.97
340.66
355.64
342.98
332.26
345.73
353.33
344.50
352.87
355.44
297.28
354.22
362.12
362.95
363.97
303.29
277.44
378.32
370.93
258.48
354.63
289.70
341.31
323.94
325.51
271.15
350.86
327.10
287.97
377.44
296.23
273.69
317.08
277.12
316.77
357.54
373.11
374.05
371.10
394.35
330.48
329.51
380.67
360.12
328.74
317.98
298.95
346.89
298.67
337.68
271.92
304.46
326.06
357.55
349.70
389.45
352.08
352.56
412.08
287.93
421.67
238.10
424.20
349.38
417.04
405.93
295.35
359.20
307.85
375.10
275.88
240.91
376.39
250.41
319.90
334.57
311.89
236.54
197.32
271.37
200.49
206.09
158.05
159.24
118.17
179.59
166.42
139.53
186.81
85.39
119.27
167.18
93.22
75.99
79.45
116.76
100.47
95.65
82.00
101.10
72.55
91.51
93.58
124.53
109.38
129.26
48.55
116.09
129.67
148.73
110.00
154.23
144.44
122.28
109.83
83.70
67.43
48.70
95.78
42.79
57.27
91.04
46.55
28.40
78.99
84.62
39.13
40.65
54.76
80.04
76.00
63.53
46.35
148.17
103.15
42.70
100.99
47.64
69.26
166.10
94.09
133.99
145.50
182.00
157.89
137.48
185.40
163.41
141.74
124.47
118.09
108.34
133.17
177.37
210.91
158.04
132.01
128.23
145.42
210.82
198.26
118.21
140.07
216.36
162.71
185.62
115.20
145.48
170.01
132.08
154.98
85.61
158.26
194.12
162.70
187.90
130.97
92.99
160.99
196.12
120.92
149.88
116.48
164.74
166.75
89.38
159.30
91.60
182.96
145.00
85.55
71.58
61.42
53.58
162.43
198.18
207.22
172.79
215.87
236.64
179.40
209.78
120.35
158.35
185.02
97.05
80.41
191.22
183.75
70.64
96.33
142.98
69.18
57.09
134.77
182.79
154.75
183.24
177.47
161.34
216.51
155.38
94.55
128.31
136.11
163.35
211.09
163.87
155.48
219.99
128.94
165.71
