0.00
222.59
428.82
418.55
433.92
418.00
427.72
417.80
420.14
427.25
449.56
423.73
423.29
437.23
441.20
439.66
425.58
438.04
443.46
420.55
453.65
421.32
444.32
420.74
418.01
407.65
428.38
425.02
416.63
417.37
421.21
427.94
428.07
383.30
428.18
431.95
413.36
366.68
375.82
362.93
368.12
371.18
344.18
392.91
391.70
356.02
366.90
333.02
374.09
351.59
370.30
413.37
364.64
383.71
386.45
385.69
386.45
397.23
400.51
393.10
396.85
374.36
380.71
396.40
365.13
366.59
352.45
366.47
338.26
348.26
335.28
362.20
318.12
335.16
296.64
364.63
321.51
369.65
329.56
370.89
369.30
371.63
357.82
384.10
344.50
349.76
380.52
362.54
359.23
337.53
379.68
363.52
373.50
354.75
354.27
344.95
375.16
376.75
334.36
364.42
356.03
372.69
340.16
379.69
353.66
367.53
322.55
357.34
355.75
340.80
308.23
349.61
287.81
299.60
301.34
309.25
291.65
329.02
322.42
318.36
299.21
339.24
256.97
279.82
212.07
217.35
225.80
174.16
250.36
203.53
255.87
230.25
259.78
270.25
211.93
263.09
235.80
250.15
195.88
270.48
187.82
246.27
220.18
243.69
214.58
218.54
196.74
231.66
216.33
216.19
225.57
205.92
211.39
182.85
220.00
209.89
218.82
249.14
223.88
229.89
204.90
227.11
236.75
224.68
255.42
218.23
200.24
215.32
202.15
254.05
197.59
248.21
206.87
233.77
218.24
208.02
226.82
191.08
227.57
191.87
231.08
174.83
239.45
153.49
209.54
168.27
209.65
175.52
231.60
198.38
191.03
189.09
187.70
217.02
190.29
184.68
190.40
196.65
169.95
197.48
206.82
204.48
209.62
184.35
195.32
171.40
180.59
178.74
180.14
188.87
211.70
186.81
195.40
228.50
147.80
195.77
211.38
144.93
184.19
205.49
199.21
170.43
226.95
196.39
241.62
205.39
239.37
228.66
202.08
211.61
226.00
220.45
213.73
195.44
230.71
226.37
216.07
226.01
214.39
209.87
187.81
223.10
190.56
198.74
204.68
229.01
200.95
212.73
176.68
172.57
171.16
165.07
170.55
196.72
209.54
215.71
180.76
232.86
233.49
193.74
210.23
235.42
244.86
198.20
202.92
182.32
221.53
217.50
239.09
219.55
209.58
248.77
203.26
202.42
219.11
228.23
213.51
209.23
266.49
204.27
211.05
203.49
230.37
166.74
269.97
236.71
212.23
254.43
249.07
260.23
217.91
277.20
220.99
230.00
237.18
238.55
201.38
238.65
202.28
227.66
215.78
196.12
242.36
196.65
231.79
221.25
235.43
214.40
231.95
205.16
242.86
227.76
219.82
233.60
195.28
255.48
196.86
195.63
253.93
203.54
198.43
215.14
252.94
235.49
259.01
225.13
219.85
228.29
225.55
259.92
218.99
284.03
250.95
206.81
253.10
228.79
222.07
245.38
189.23
224.20
199.66
202.74
176.78
267.24
155.64
241.06
179.80
151.30
178.25
154.33
198.80
176.58
214.01
203.65
190.03
248.52
224.24
253.08
258.82
192.53
220.08
237.42
206.24
233.34
167.71
172.33
131.61
89.49
149.13
123.16
101.90
124.63
120.32
133.67
95.97
153.35
152.85
163.50
132.70
153.34
158.09
131.70
94.69
134.68
141.28
182.92
127.87
123.19
130.27
153.67
121.36
113.67
166.25
157.06
170.11
160.25
87.35
155.30
133.27
111.86
245.42
231.80
226.25
207.76
218.15
255.74
249.91
276.74
307.04
273.26
284.81
195.55
289.31
176.45
272.14
259.69
261.81
250.31
262.66
262.31
216.18
254.56
247.11
254.42
273.66
223.88
260.29
244.80
270.27
244.81
271.90
251.47
272.84
226.00
258.31
203.67
266.84
255.71
228.19
241.50
264.28
226.72
237.13
281.60
253.32
241.59
293.69
218.89
301.08
287.42
263.90
247.73
278.23
277.60
253.20
224.72
253.43
267.58
243.58
255.48
246.61
243.24
254.42
187.80
222.87
178.00
126.15
164.09
210.04
161.52
141.08
218.60
254.21
206.45
250.07
254.35
251.92
272.85
242.03
225.14
203.37
200.16
213.92
176.12
209.19
215.60
192.46
237.61
231.29
226.08
222.89
261.76
250.66
281.67
281.73
255.45
212.67
193.89
199.27
205.59
232.90
214.37
229.40
225.58
215.40
234.28
288.25
218.37
196.81
232.83
260.14
269.42
264.61
325.65
327.58
311.31
320.66
284.16
315.79
307.76
275.72
310.58
250.57
334.02
280.91
280.95
271.17
264.85
242.87
288.90
264.78
308.37
306.49
268.51
283.19
310.13
272.77
291.79
225.80
322.47
240.04
291.33
272.54
244.06
260.53
286.87
252.48
259.61
326.86
224.06
260.03
293.16
227.10
246.18
230.09
271.85
235.83
247.66
310.66
281.73
326.87
277.91
202.19
266.38
239.08
276.26
258.73
274.33
295.88
256.34
274.48
288.69
271.82
303.89
244.37
247.00
317.81
296.43
250.42
267.59
243.56
270.70
259.94
235.77
222.63
151.04
243.20
221.26
253.21
215.99
230.34
279.47
294.55
201.79
245.92
252.88
284.03
289.59
239.99
199.38
288.45
247.79
308.12
312.05
296.54
317.51
295.38
269.98
222.50
281.34
264.76
266.57
270.60
258.72
197.63
272.46
262.84
284.06
296.63
271.72
273.06
268.68
241.23
259.91
233.26
278.13
279.51
255.81
318.35
277.12
310.97
313.35
307.51
312.63
302.44
304.74
311.18
294.53
331.21
292.40
239.63
270.92
291.78
267.18
290.24
260.45
306.59
322.02
262.99
295.71
299.78
278.59
241.08
275.86
307.56
261.42
230.03
333.02
301.67
232.92
315.48
297.67
321.48
268.38
374.75
315.90
346.21
312.63
343.23
314.86
369.27
302.61
270.72
306.29
298.31
328.28
356.43
379.12
316.75
314.99
392.92
329.37
332.33
311.69
355.84
243.49
325.34
265.49
347.14
403.91
391.57
345.83
379.79
354.00
353.93
349.14
290.82
317.74
365.15
334.93
344.31
339.46
333.15
336.23
296.99
366.20
344.63
310.56
330.21
323.95
341.01
333.08
300.51
313.74
328.26
272.26
293.31
328.55
324.19
295.89
313.68
298.13
308.77
311.12
302.92
296.83
293.51
291.72
269.15
277.03
328.98
312.19
317.74
295.45
328.01
326.76
301.90
300.74
318.13
302.92
269.05
252.12
268.45
269.98
286.43
263.80
338.44
307.79
312.96
289.55
305.68
263.46
313.10
297.15
246.28
250.60
242.71
284.03
285.63
290.28
284.37
300.26
269.83
123.25
205.57
322.11
286.71
254.19
250.23
203.31
273.85
287.49
295.15
291.63
331.68
315.07
278.85
290.82
250.89
229.93
175.31
151.25
186.46
239.79
198.06
190.35
298.63
173.80
304.29
273.52
356.01
358.68
367.18
333.01
335.67
223.11
265.57
324.23
272.28
349.85
359.46
338.20
240.03
288.93
361.95
305.70
368.71
322.40
298.42
352.01
336.86
301.75
306.73
328.67
267.62
348.62
335.38
293.73
271.52
337.31
298.10
291.70
353.59
311.37
303.74
290.69
301.85
311.28
312.83
360.99
329.51
264.81
320.24
252.03
313.74
303.37
323.47
349.81
299.72
347.97
269.33
283.38
300.02
289.95
259.55
300.48
311.93
274.09
267.26
232.78
257.03
217.68
239.91
226.44
210.44
252.99
193.49
174.73
174.65
214.35
168.69
226.98
224.52
227.00
191.97
285.29
280.41
246.55
286.76
200.19
236.81
219.91
249.14
177.83
224.11
147.72
170.80
235.60
265.44
212.45
189.36
243.92
251.03
271.30
259.83
280.91
299.18
327.98
297.93
333.19
308.57
392.93
350.74
335.43
347.02
355.68
334.01
327.64
313.13
319.06
309.77
360.94
308.51
348.07
345.35
319.68
368.43
350.34
335.75
344.53
349.47
313.72
338.93
315.80
331.62
329.70
334.60
374.57
351.08
357.05
302.36
315.91
282.00
322.66
297.28
323.63
342.57
323.63
356.13
289.76
366.05
353.27
355.38
376.90
284.76
311.13
314.58
391.82
318.95
306.05
336.31
369.07
357.32
338.16
351.12
390.49
346.70
386.14
265.73
327.90
322.69
363.35
298.27
279.82
382.16
343.19
335.57
344.88
320.89
343.48
314.51
338.25
377.30
307.93
356.38
285.65
340.67
333.64
307.85
332.07
333.14
388.23
317.19
257.69
289.16
295.46
256.65
271.82
308.95
324.71
326.57
325.31
305.45
335.26
347.59
333.57
315.10
337.42
336.30
326.18
340.53
297.25
312.70
289.44
267.07
285.00
279.59
304.76
327.10
336.89
318.87
289.20
307.82
277.64
282.01
292.69
287.20
282.90
270.80
216.19
207.45
206.86
204.00
244.51
223.19
277.70
225.32
238.59
247.18
225.66
299.70
211.61
225.99
252.11
174.51
244.02
255.33
261.54
273.23
243.77
257.81
197.43
203.84
294.05
221.53
211.61
277.43
213.37
235.13
300.16
205.24
245.18
236.61
225.56
260.93
238.39
217.03
280.01
260.72
289.97
252.98
243.32
271.45
251.61
259.82
261.61
226.88
247.67
227.76
249.49
196.15
287.43
313.68
285.60
276.18
348.64
382.25
336.68
350.17
332.56
371.00
365.75
304.38
347.08
357.77
334.73
302.97
317.41
311.66
331.40
348.51
311.08
318.24
287.61
352.42
322.11
314.62
320.64
341.11
304.72
328.09
307.81
334.34
330.30
325.11
280.46
311.20
347.89
306.46
349.07
344.02
331.47
303.64
308.09
254.19
306.87
309.37
265.25
267.73
320.56
306.51
324.99
337.26
335.78
277.70
358.19
282.18
343.77
362.43
285.25
369.73
329.76
347.96
315.61
319.93
352.88
289.79
299.45
291.91
308.45
315.50
274.44
216.92
297.76
277.52
317.22
322.96
375.66
311.44
300.45
258.80
272.76
292.87
273.89
246.66
319.25
250.56
259.33
237.72
289.86
309.35
271.29
361.87
323.45
370.34
351.76
293.63
322.04
319.67
368.94
367.60
354.64
374.16
344.33
352.44
354.98
305.63
323.03
291.37
310.68
297.54
332.65
346.26
347.55
331.77
325.88
291.98
268.58
260.09
252.31
291.58
274.36
342.60
294.32
300.58
276.76
283.01
269.21
283.34
282.80
251.17
309.54
298.29
240.86
292.22
297.60
312.01
320.36
302.54
321.51
328.14
308.39
317.73
291.49
250.81
331.46
302.21
270.06
346.31
289.90
273.12
361.31
277.53
312.72
321.51
312.37
322.17
264.40
300.58
333.26
380.38
304.54
346.92
355.40
374.97
384.36
361.63
326.36
309.05
274.78
305.56
336.30
306.53
352.15
275.87
347.41
307.56
329.02
330.39
310.87
215.86
341.59
309.31
344.44
294.89
257.78
260.69
211.91
263.45
297.67
294.02
317.83
270.40
312.49
320.79
301.86
311.96
262.22
333.14
310.88
329.28
373.32
323.53
325.17
343.95
325.81
311.07
316.09
326.68
291.49
306.71
314.22
289.12
306.75
320.83
301.25
311.32
315.70
281.90
328.45
339.59
262.31
280.87
285.77
317.16
307.54
293.17
280.89
301.47
293.41
308.56
332.77
328.15
332.42
376.34
315.29
297.21
358.20
328.55
345.37
342.31
327.54
368.41
327.79
375.11
336.31
346.25
369.39
377.18
333.89
320.97
291.97
302.19
336.81
343.69
316.76
318.17
333.49
289.78
337.32
346.57
364.96
310.61
333.12
285.15
335.62
219.12
330.83
346.57
289.73
302.76
342.24
325.68
335.16
259.88
337.38
371.62
307.44
382.95
381.59
360.04
372.28
386.74
371.32
344.71
310.64
328.31
325.89
322.92
314.85
302.66
331.41
304.68
344.61
292.60
316.38
331.52
335.22
327.22
290.90
284.53
275.49
259.55
262.30
321.31
289.00
277.15
282.99
262.32
309.94
302.37
315.28
297.72
295.74
278.30
284.91
312.89
292.66
307.98
324.19
292.97
309.45
304.90
289.87
310.33
277.99
309.14
344.74
350.15
298.77
336.16
302.92
356.75
303.14
256.97
332.63
304.43
350.46
355.65
290.67
335.00
347.82
321.25
288.77
329.03
302.80
305.52
290.15
258.25
299.73
234.22
302.94
255.21
309.28
283.10
371.89
318.18
318.57
281.01
300.42
309.16
312.59
272.27
388.23
317.17
321.32
225.73
314.94
280.57
317.08
319.49
356.98
358.04
338.56
350.57
331.97
350.38
311.15
291.60
331.20
332.51
204.35
246.30
200.73
187.35
188.58
162.26
177.80
183.30
190.15
217.98
209.78
213.49
189.75
264.67
287.22
290.82
357.00
321.36
283.09
345.18
252.34
287.40
289.97
279.71
303.65
273.46
240.67
235.96
215.60
227.70
217.87
231.11
215.21
230.71
279.98
331.85
278.04
262.86
308.16
324.77
305.59
315.18
288.16
310.76
275.66
267.90
254.85
243.82
192.75
220.44
181.63
186.05
197.44
218.80
213.17
334.74
321.82
321.07
328.09
347.13
342.94
302.06
316.66
298.32
269.20
234.89
247.57
199.35
167.50
169.59
190.40
164.12
142.84
116.42
145.50
113.33
100.73
67.15
64.63
59.48
137.35
132.42
92.40
67.42
75.79
114.17
149.80
122.29
96.70
97.49
80.35
108.98
94.85
79.82
66.54
84.94
89.17
77.79
77.86
63.14
60.13
89.89
80.00
91.59
73.68
66.78
62.61
61.28
92.65
66.13
81.59
91.98
80.25
58.00
80.92
62.90
126.67
81.74
85.36
85.45
76.93
69.46
114.44
70.38
87.96
95.29
110.33
113.54
99.53
81.42
79.51
72.22
107.10
77.89
138.01
107.78
127.36
116.00
104.19
145.30
166.56
199.96
190.98
187.68
170.85
198.28
196.52
157.50
159.39
206.25
130.33
154.82
185.66
165.85
139.68
199.34
145.79
219.94
203.03
182.63
182.73
114.74
155.79
164.27
154.30
135.61
143.38
197.03
144.83
172.94
151.43
180.39
147.44
150.94
148.29
124.23
122.98
156.17
146.07
157.50
133.15
147.66
110.94
103.54
95.33
120.71
86.02
81.93
63.90
112.11
133.27
92.20
124.76
115.12
90.27
110.15
61.09
111.71
83.43
86.04
96.59
90.08
88.73
75.77
93.01
96.82
73.12
70.78
97.11
95.30
82.50
77.14
85.85
77.60
80.60
80.55
66.27
72.95
87.61
106.18
142.86
70.85
105.22
58.02
80.49
98.62
109.99
92.26
58.04
115.99
144.14
126.37
183.61
231.87
152.15
214.19
235.86
226.42
204.93
178.78
220.26
193.42
191.03
231.61
213.92
217.49
183.58
184.33
152.63
153.02
157.90
143.40
126.54
123.60
109.95
99.27
120.46
80.86
78.28
75.87
119.78
128.62
124.01
156.94
151.56
138.54
148.24
134.24
135.06
105.68
106.38
110.83
117.76
130.73
99.34
135.25
109.68
137.34
134.16
127.00
143.46
119.23
175.65
216.52
170.01
207.58
228.57
230.96
206.14
245.24
242.03
256.52
246.35
233.41
160.16
198.51
182.52
207.26
220.21
220.49
205.78
178.42
218.23
244.12
187.82
239.22
180.16
167.12
221.87
173.33
204.39
243.03
266.91
229.12
249.81
208.56
238.38
186.22
186.50
162.52
162.26
202.82
165.98
200.79
157.62
206.85
203.20
203.97
182.36
159.34
210.02
230.12
233.63
230.22
160.21
174.14
177.12
168.40
145.43
153.63
144.79
182.21
144.32
170.02
210.48
179.97
175.31
206.97
201.81
216.59
188.52
208.97
231.06
246.80
185.23
186.25
188.00
184.96
150.16
183.24
165.47
171.98
152.62
128.67
172.81
164.49
173.63
94.26
144.39
144.49
181.65
160.69
201.02
159.14
255.92
172.01
161.06
178.27
163.17
165.87
173.40
168.67
149.64
155.21
179.31
131.39
223.51
175.36
173.82
170.75
185.97
173.05
143.83
171.62
151.30
190.81
156.14
178.41
138.25
122.75
113.82
107.65
91.92
135.01
143.81
164.33
128.49
151.13
159.19
162.79
164.92
168.80
179.77
131.00
151.56
193.08
183.19
183.24
165.97
165.50
154.05
148.65
149.36
145.61
132.66
119.93
163.94
160.73
155.01
157.32
163.93
128.92
144.84
177.36
193.09
169.91
188.15
190.86
201.21
207.69
194.08
217.59
210.01
205.74
173.08
220.49
186.10
161.87
227.93
251.30
248.08
256.26
298.39
238.10
286.71
257.84
277.81
249.43
254.60
257.77
227.29
215.55
223.11
246.31
208.22
218.07
236.64
254.63
227.57
239.81
240.06
219.47
226.75
233.89
263.87
302.66
265.83
243.35
225.65
248.50
260.21
302.10
262.87
249.38
276.70
249.85
259.91
293.78
298.89
278.44
290.97
255.74
180.38
179.53
158.08
185.96
101.55
185.16
263.95
166.59
213.76
241.63
191.48
209.90
157.28
245.60
209.55
260.76
263.95
243.29
173.76
227.38
168.91
131.58
289.90
226.84
128.66
114.50
94.23
190.28
94.66
126.44
239.72
170.93
196.43
167.57
155.15
195.74
159.25
143.30
114.61
159.93
122.58
122.82
117.69
136.76
154.93
108.30
149.73
98.80
163.19
156.99
142.28
211.64
220.01
158.84
179.16
186.53
155.05
184.71
176.33
134.34
114.25
134.42
159.40
130.43
195.04
163.33
139.86
159.49
104.00
114.07
137.01
161.40
129.94
114.81
173.16
102.87
129.29
183.18
131.82
122.71
162.10
172.28
146.16
156.73
129.79
155.85
144.97
199.25
160.63
205.74
243.19
147.40
196.97
224.19
197.23
193.51
203.91
227.29
259.44
246.58
207.14
238.11
270.97
194.41
187.12
228.08
227.66
248.49
289.39
195.10
246.77
273.52
172.91
251.69
222.81
220.28
208.01
222.60
266.08
229.28
204.60
163.71
187.06
218.12
210.73
212.67
236.29
239.81
155.99
137.36
166.44
233.94
224.64
251.27
244.39
209.97
226.10
242.19
237.45
236.19
151.00
152.79
200.44
234.56
225.11
223.92
222.10
197.88
267.19
273.64
201.73
244.49
243.22
234.40
220.46
201.17
267.75
270.42
262.72
250.08
277.79
241.99
285.42
274.28
268.44
230.78
210.70
213.16
246.55
302.24
242.42
271.96
299.43
299.21
308.24
261.21
291.00
278.86
281.66
264.95
256.07
287.50
290.66
255.73
290.74
291.79
219.60
287.79
225.86
306.96
248.13
336.25
303.99
228.88
165.36
251.50
242.46
182.73
260.65
211.34
223.80
281.00
288.16
202.94
151.47
252.93
216.83
266.63
220.90
173.27
247.31
186.23
195.84
216.86
183.74
231.71
216.09
243.55
224.79
186.68
233.38
242.10
170.64
259.72
163.33
179.12
171.55
180.37
187.27
183.62
208.00
186.30
155.57
204.95
191.90
182.34
138.18
221.58
223.72
166.24
175.62
155.88
215.15
181.66
175.90
132.72
184.27
125.09
130.67
154.00
126.45
79.79
164.96
154.62
159.33
72.99
78.87
128.17
149.46
107.03
157.34
130.79
117.90
127.29
176.87
115.10
82.35
72.34
61.12
84.25
41.20
54.28
106.22
48.19
68.31
107.38
75.39
79.66
69.58
58.84
82.25
72.84
82.82
87.34
59.69
70.96
77.49
79.37
79.51
119.89
56.45
49.42
70.67
49.76
55.89
48.29
47.72
130.47
146.53
101.49
89.38
153.22
148.20
104.41
161.91
140.00
103.86
124.89
135.66
94.91
142.56
168.75
153.33
195.53
126.72
118.93
170.16
238.53
273.35
271.44
234.98
259.68
295.83
273.99
274.71
295.47
275.85
255.07
249.94
296.61
263.76
271.27
232.93
243.65
226.46
257.63
222.55
281.60
263.82
213.13
215.70
214.90
223.82
237.79
212.92
221.71
237.03
206.09
225.99
242.39
217.55
239.61
236.33
267.22
275.99
268.79
274.03
272.46
282.88
287.87
273.25
245.13
289.81
311.19
293.65
286.50
303.66
266.98
296.23
287.55
222.69
199.95
165.49
142.16
149.09
155.94
143.28
148.27
126.74
167.77
134.12
140.61
115.69
93.90
118.64
155.83
116.77
94.97
107.69
97.38
155.37
120.77
102.98
55.73
112.87
129.45
84.09
99.19
132.90
152.47
136.55
208.62
116.77
176.23
154.65
126.32
124.19
113.61
161.52
127.15
193.26
150.48
154.21
207.99
191.21
186.76
199.72
177.97
202.84
270.18
213.49
217.26
221.10
248.80
225.24
274.67
221.45
287.89
269.45
234.23
242.00
207.81
293.44
249.33
288.35
279.02
280.87
288.28
299.72
290.31
286.90
267.31
275.97
276.21
271.67
262.47
228.38
241.04
221.93
228.75
243.26
203.24
221.01
211.52
186.04
197.68
214.58
218.85
204.76
227.25
199.23
182.32
190.97
214.81
185.34
207.21
196.85
205.72
209.82
231.50
213.75
228.39
204.82
280.75
220.26
196.03
153.15
221.08
220.95
172.65
184.07
207.20
167.80
213.20
160.38
147.48
167.71
182.17
134.30
174.38
119.16
140.04
166.49
90.99
155.54
136.76
127.41
143.69
103.37
152.47
81.45
108.20
