0.010306
0.143565
0.140717
0.145619
0.143427
0.132474
0.149576
0.137504
0.138341
0.142166
0.141320
0.145765
0.157760
0.133958
0.159682
0.130007
0.131227
0.138687
0.125856
0.173909
0.133396
0.137986
0.144232
0.143366
0.149227
0.143895
0.144552
0.167683
0.135996
0.126666
0.135702
0.138085
0.146327
0.134519
0.142729
0.131151
0.124961
0.144047
0.150547
0.145511
0.142029
0.142838
0.180274
0.151727
0.137033
0.140490
0.133449
0.139860
0.136605
0.158320
0.145472
0.134811
0.137082
0.132375
0.157007
0.140286
0.163454
0.205840
0.139640
0.140835
0.146863
0.152395
0.156365
0.148876
0.143066
0.140809
0.133813
0.126108
0.186162
0.139617
0.155189
0.134510
0.135012
0.138663
0.142458
0.140210
0.151688
0.131562
0.146654
0.127794
0.146005
0.147557
0.139325
0.140797
0.140644
0.136245
0.150094
0.161845
0.135905
0.147304
0.132755
0.145666
0.132172
0.134858
0.151829
0.144781
0.140637
0.137097
0.137907
0.163509
0.151950
0.143180
0.154997
0.129101
0.150913
0.137491
0.133633
0.140761
0.150301
0.148295
0.142242
0.191517
0.142466
0.136107
0.135560
0.145199
0.143354
0.133376
0.148461
0.148858
0.133741
0.143047
0.142947
0.146479
0.152811
0.135073
0.157482
0.143011
0.135999
0.142459
0.133037
0.138792
0.141108
0.130556
0.147123
0.135308
0.142019
0.134068
0.140189
0.146762
0.135182
0.137549
0.127716
0.142203
0.142175
0.134506
0.151737
0.138222
0.155107
0.129666
0.114358
0.123668
0.130903
0.112257
0.135426
0.111904
0.114489
0.117741
0.122312
0.119194
0.124572
0.120036
0.122143
0.122331
0.128869
0.128342
0.133290
0.152906
0.146868
0.136007
0.145135
0.156531
0.147439
0.159040
0.153946
0.162067
0.139453
0.157876
0.127931
0.145560
0.138365
0.137686
0.141451
0.149960
0.150300
0.151547
0.154553
0.137815
