0.00
397.05
375.66
303.15
316.24
319.40
359.81
273.19
235.12
346.44
272.18
284.29
313.36
241.20
320.65
305.85
227.21
172.99
314.68
153.53
241.44
192.33
219.22
126.57
153.49
104.36
132.59
135.62
157.38
167.30
273.54
304.23
335.22
303.30
302.66
329.27
287.86
362.90
322.60
306.60
332.15
335.16
382.09
400.26
347.82
379.98
390.81
425.56
473.42
473.91
478.02
442.97
453.17
423.73
416.41
442.92
470.14
417.81
426.77
444.84
418.73
400.20
379.07
420.61
413.55
396.11
395.65
403.11
359.13
345.41
412.88
338.42
406.64
411.90
395.60
343.50
399.53
405.67
415.92
373.97
386.82
388.49
398.88
414.45
384.97
442.32
390.20
392.96
353.23
375.34
329.61
330.69
393.53
405.93
347.17
355.56
414.29
357.27
399.35
357.54
377.43
330.04
376.81
299.57
232.81
334.46
303.39
365.38
334.97
348.87
400.11
402.15
389.17
346.00
268.38
390.57
386.38
383.16
375.67
381.79
404.50
437.70
316.03
423.52
394.55
376.15
394.37
373.86
352.85
379.43
384.04
368.10
406.52
435.09
413.17
380.31
442.95
412.53
445.73
423.46
374.46
441.90
396.93
407.38
372.06
385.46
341.62
350.54
296.90
306.36
244.09
375.76
319.67
393.53
355.20
338.93
326.73
373.22
341.70
336.09
352.45
335.20
362.99
369.14
374.88
398.33
366.03
403.69
382.43
411.24
428.71
429.94
448.50
428.39
431.57
399.24
444.82
440.65
430.27
451.65
439.60
433.69
431.61
432.43
393.70
453.76
429.18
413.60
423.21
433.29
414.37
448.69
463.93
422.77
459.26
423.48
428.92
382.29
432.76
380.76
422.23
342.36
449.37
379.25
435.08
413.17
444.99
406.77
442.14
475.92
459.37
470.55
457.44
459.44
450.25
429.36
445.83
432.94
406.12
437.15
406.57
379.68
375.92
451.66
331.58
401.43
361.92
389.50
317.64
417.03
415.24
297.06
370.49
334.01
425.63
402.80
393.45
403.73
350.57
385.19
327.47
339.98
353.46
349.76
318.95
375.66
353.81
342.17
273.05
250.92
245.77
309.89
388.77
336.31
