0.021697
0.144859
0.146562
0.164347
0.148726
0.145694
0.143513
0.144316
0.155553
0.157989
0.151042
0.156216
0.161141
0.183121
0.153635
0.143425
0.155361
0.179467
0.147498
0.142741
0.146674
0.149004
0.163751
0.179242
0.171381
0.150695
0.146053
0.156703
0.161826
0.146992
0.142531
0.162226
0.165462
0.154800
0.149081
0.143596
0.153020
0.146365
0.160959
0.147710
0.156104
0.165008
0.146560
0.161062
0.150955
0.155526
0.149041
0.158264
0.165173
0.145801
0.161997
0.152809
0.182312
0.166538
0.151480
0.149052
0.150393
0.146193
0.148082
0.162491
0.144583
0.156686
0.165384
0.159976
0.165321
0.151845
0.146757
0.147549
0.164216
0.154841
0.147236
0.184662
0.162387
0.161426
0.150778
0.150708
0.161409
0.154747
0.164238
0.167638
0.151120
0.156038
0.164635
0.153058
0.177070
0.164864
0.164519
0.158752
0.152543
0.153327
0.167806
0.161850
0.151866
0.156207
0.154556
0.163396
0.179759
0.170665
0.166327
0.161018
0.145316
0.151912
0.147181
0.176274
0.151330
0.143114
0.165813
0.151601
0.143692
0.147047
0.157720
0.171795
0.147106
0.195179
0.161029
0.156459
0.156282
0.151666
0.165654
0.152853
0.154060
0.153332
0.165302
0.149746
0.187536
0.152683
0.160932
0.153928
0.159702
0.158208
0.144696
0.152282
0.155527
0.156073
0.154119
0.156019
0.148391
0.147096
0.180174
0.164982
0.207351
0.149135
0.159377
0.152884
0.160640
0.217339
0.151144
0.162149
0.151596
0.158141
0.149725
0.164003
0.159233
0.194673
0.161006
0.150746
0.154765
0.158416
0.155966
0.157343
0.162380
0.156218
0.168544
0.156169
0.160954
0.157951
0.157672
0.157886
0.153866
0.172611
0.178213
0.159476
0.180431
0.173014
0.147865
0.167318
0.188296
0.156509
0.157171
0.129430
0.175908
0.128248
0.142119
0.131548
0.139546
0.180667
0.136933
0.130276
0.125322
0.151812
0.125584
0.125476
0.125453
0.131677
0.147496
0.150193
0.157491
0.150222
0.150138
0.153250
0.149920
0.150964
0.151235
0.154994
0.158396
0.237945
0.177204
0.166150
0.150590
0.144356
0.149989
0.151110
0.164522
0.165072
0.162592
0.173154
0.141996
0.166029
0.143245
0.160265
0.162929
0.155208
0.177013
0.171626
0.165943
0.145278
0.154304
0.149332
0.149160
0.146894
0.170385
0.156891
0.151010
0.151178
0.161026
0.177398
0.148192
0.154984
0.154197
0.142025
0.148705
0.156665
0.184227
0.141996
0.150261
0.149907
0.167036
0.141683
0.143761
0.144105
0.144271
0.154341
0.166257
0.151669
