0.049536
0.142514
0.154086
0.142776
0.169962
0.144240
0.156737
0.154388
0.147050
0.143982
0.148433
0.147189
0.146821
0.144182
0.143553
0.145813
0.144783
0.153090
0.149602
0.158503
0.147573
0.149526
0.147951
0.148309
0.176994
0.149634
0.167112
0.186049
0.155212
0.164158
0.157154
0.151305
0.143312
0.161388
0.185532
0.158287
0.144462
0.150809
0.155629
0.160743
0.160173
0.143361
0.157763
0.172443
0.148980
0.156152
0.160055
0.153565
0.169303
0.160717
0.152117
0.161510
0.151934
0.150542
0.150638
0.170818
0.165727
0.170160
0.173911
0.148389
0.160129
0.170988
0.149875
0.154280
0.187739
0.144940
0.149265
0.153283
0.185389
0.152379
0.157434
0.152567
0.161777
0.147307
0.147072
0.167048
0.151103
0.150198
0.144969
0.165708
0.147218
0.142566
0.149549
0.152612
0.143112
0.146205
0.154356
0.143486
0.142648
0.145995
0.171170
0.179641
0.158946
0.145211
0.141778
0.146043
0.157938
0.141384
0.156844
0.148904
0.142855
0.143279
0.146969
0.154961
0.150771
0.167403
0.172124
0.175180
0.160691
0.146103
0.146847
0.148273
0.148054
0.154236
0.164426
0.150029
0.142385
0.146054
0.152853
0.161728
0.149616
0.155971
0.149397
0.154829
0.146767
0.144994
0.169085
0.150201
0.155819
0.158254
0.150725
0.153166
0.149089
0.158289
0.145230
0.144630
0.142000
0.148511
0.149468
0.156746
0.155539
0.168106
0.163327
0.150239
0.150863
0.149363
0.154412
0.145204
0.157070
0.147542
0.142794
0.144680
0.153880
0.151330
0.146509
0.161846
0.157271
0.144145
0.141222
0.162347
0.165195
0.146364
0.156557
0.152376
0.147440
0.150928
0.149552
0.141739
0.148576
0.147350
0.160673
0.151079
0.166939
0.154176
0.221554
0.147156
0.144235
0.149080
0.152272
0.152625
0.148717
0.153653
0.151786
0.144108
0.143640
0.143028
0.168816
0.163041
0.159529
0.161323
0.155178
0.156755
0.163215
0.165382
0.157711
0.146863
0.150363
0.143972
0.176104
0.173461
0.148655
0.144334
0.138432
0.139615
0.143725
0.142136
0.150668
0.164946
0.156304
0.147349
0.156791
0.148604
0.150172
0.199371
0.160459
0.188799
0.151300
0.167595
0.164822
0.156264
0.147528
0.146055
0.157243
0.153316
0.171098
0.152122
0.172913
0.150560
0.152340
0.149701
0.175034
0.165582
0.147561
0.145194
0.152846
0.147704
0.154455
0.149416
0.149939
0.148225
0.156391
0.155485
0.144701
0.172437
0.149847
0.146811
0.149191
0.148248
0.165070
0.155903
0.157836
0.139177
0.163114
0.158167
0.164109
0.149373
0.151132
0.158096
0.147899
0.150366
0.154198
0.154473
0.150397
0.152678
0.162222
0.151161
0.162576
0.171012
0.156137
0.150472
0.144165
0.151180
0.156362
0.156262
0.157379
0.145068
0.170840
0.145871
0.146954
0.142897
0.155624
0.152220
0.146358
0.147022
0.144952
0.140372
0.147379
0.142445
0.152884
0.143900
0.144608
0.148126
0.153721
0.142861
0.174135
0.149481
0.148941
0.149760
0.152097
0.177042
0.155641
0.156191
0.153074
0.155285
0.155915
0.199455
0.244317
0.188532
0.160077
0.152095
0.147913
0.156629
0.165937
0.143792
0.142787
0.151186
0.174938
0.151815
0.150357
0.150854
0.143674
0.146084
0.144617
0.148994
0.156790
0.166715
0.152121
0.153884
0.181896
0.136254
0.148260
0.150145
0.152277
0.142205
0.145692
0.145139
0.145918
0.149632
0.141958
0.151956
0.149007
0.143747
0.148071
0.158766
0.146080
0.150837
0.146562
0.155292
0.140081
0.145973
0.156286
0.149008
0.145350
0.143060
0.142102
0.146492
0.162341
0.158458
0.162149
0.144555
0.145650
0.150013
0.152717
0.166315
0.162562
0.142997
0.147693
0.141864
0.145132
0.153374
0.138437
0.152531
0.144889
0.170243
0.160310
0.151639
0.150705
0.167007
0.155929
0.158972
0.145290
0.140781
0.148685
0.145055
0.147130
0.164219
0.151094
0.214720
0.146007
0.194028
0.151629
0.148415
0.146772
0.150820
0.151405
0.159657
0.158732
0.146149
0.148656
0.144561
0.151873
0.146078
0.147058
0.145530
0.141210
0.167224
0.150680
0.182255
0.163997
0.148199
0.147947
0.147056
0.141799
0.142720
0.171867
0.152658
0.144635
0.142880
0.143067
0.181734
0.145242
0.145703
0.145402
0.150067
0.167234
0.164480
0.146719
0.155724
0.154734
0.148605
0.164047
0.151441
0.161235
0.150824
0.164772
0.154811
0.161462
0.158778
0.174199
0.153416
0.146965
0.150721
0.152524
0.155200
0.161124
0.175360
0.147133
0.142939
0.143004
0.191461
0.147575
0.164880
0.179180
0.167901
0.142920
0.141013
0.163152
0.150641
0.148313
0.165699
0.140840
0.147159
0.165674
0.153642
0.149671
0.152974
0.156513
0.151495
0.167667
0.145939
0.158592
0.167092
0.173353
0.164099
0.162279
0.148070
0.167500
0.162774
0.149054
0.163834
0.180232
0.152178
0.145243
0.145448
0.149857
0.142940
0.156982
0.164642
0.155558
0.152430
0.156078
0.149330
0.171836
0.150697
0.148514
0.141903
0.149802
0.150284
0.148221
0.150902
0.143742
0.146178
0.167051
0.160236
0.173499
0.169457
0.150892
0.152802
0.161392
0.141719
0.139813
0.141147
0.148163
0.142914
0.142917
0.153717
0.143754
0.163769
0.150166
0.163838
0.159377
0.152621
0.145840
0.157816
0.139753
0.167353
0.152334
0.147933
0.144614
0.155388
0.151278
0.145451
0.150476
0.176522
0.167236
0.142934
0.152002
0.149335
0.145262
0.161961
0.152014
0.159947
0.155524
0.142480
0.152436
0.153321
0.149890
0.149417
0.148842
0.163169
0.157445
0.170825
0.162051
0.148901
0.145505
0.149447
0.157389
0.142078
0.171330
0.151694
0.148277
0.154033
0.152643
0.154434
0.145902
0.172755
0.147300
0.163377
0.156597
0.145996
0.149040
0.157720
0.165427
0.153320
0.164432
0.144979
0.156694
0.168937
0.159598
0.183110
0.144987
0.179858
0.219065
0.141846
0.141217
0.147368
0.145166
0.142774
0.162104
0.139527
0.164361
0.149957
0.174048
0.152628
0.154099
0.163400
0.154083
0.159368
0.145660
0.144188
0.164919
0.158301
0.146024
0.144930
0.157099
0.144621
0.143354
0.143178
0.146423
0.154624
0.158708
0.145614
0.161873
0.160657
0.151942
0.149778
0.150458
0.148349
0.145089
0.150895
0.151259
0.148138
0.145581
0.171901
0.165296
0.159637
0.146162
0.143159
0.154091
0.157268
0.151996
0.157310
0.159701
0.163148
0.141705
0.155624
0.176779
0.158486
0.150967
0.157988
0.156369
0.172697
0.143638
0.162199
0.166077
0.150044
0.154184
0.146952
0.144088
0.148205
0.156615
0.144868
0.148894
0.154186
0.201027
0.153718
0.144838
0.141480
0.141909
0.146684
0.148640
0.142662
0.149871
0.167586
0.180131
0.154655
0.152190
0.157694
0.164892
0.151837
0.144717
0.144280
0.145823
0.147808
0.148986
0.147294
0.146076
0.145476
0.177049
0.151942
0.149321
0.145211
0.159124
0.145927
0.155237
0.145858
0.149440
0.148535
0.168867
0.187364
0.159882
0.156426
0.148257
0.153014
0.154839
0.141325
0.141598
0.149963
0.163521
0.146580
0.159442
0.147967
0.139750
0.144045
0.145591
0.158918
0.144511
0.151232
0.148828
0.151004
0.149161
0.153640
0.146450
0.146527
0.157144
0.161887
0.150441
0.145889
0.147086
0.156586
0.148679
0.143101
0.144595
0.145483
0.156461
0.145456
0.152915
0.150152
0.144017
0.150442
0.151109
0.149064
0.152059
0.142382
0.150512
0.145849
0.150271
0.155904
0.150528
0.155350
0.152045
0.177662
0.144794
0.161324
0.144862
0.159250
0.149372
0.150607
0.154369
0.147518
0.162814
0.149970
0.143709
0.154294
0.149760
0.151665
0.170135
0.164426
0.156111
0.144821
0.149573
0.155174
0.154263
0.154003
0.145117
0.151280
0.150731
0.162897
0.169713
0.143354
0.137327
0.156628
0.141141
0.171791
0.148699
0.144197
0.156290
0.148385
0.154129
0.145457
0.153268
0.154311
0.145783
0.149077
0.152419
0.160005
0.158654
0.150798
0.143906
0.144669
0.165663
0.159553
0.147720
0.147496
0.169199
0.165600
0.171934
0.155247
0.149159
0.168161
0.153356
0.154134
0.154000
0.177904
0.148389
0.146156
0.141154
0.142803
0.149597
0.146498
0.159059
0.154153
0.157226
0.143704
0.150001
0.150855
0.150038
0.145362
0.154966
0.156472
0.147566
0.164341
0.148803
0.159560
0.143251
0.140945
0.168087
0.154996
0.183878
0.146893
0.152550
0.164771
0.175624
0.152492
0.155266
0.178179
0.155765
0.165335
0.158211
0.149014
0.147248
0.153770
0.161714
0.161929
0.148503
0.158737
0.168508
0.171795
0.166068
0.146322
0.154394
0.158478
0.152977
0.150372
0.149532
0.147938
0.173157
0.158959
0.168141
0.166506
0.167495
0.154178
0.146224
0.146169
0.162590
0.146189
0.148636
0.146482
0.158176
0.144889
0.152347
0.146978
0.147913
0.156029
0.161340
0.144839
0.145431
0.147766
0.145956
0.162356
0.169397
0.145499
0.139810
0.144671
0.161624
0.142086
0.146242
0.166153
0.173544
0.148747
0.148233
0.146497
0.163062
0.150713
0.152889
0.152779
0.166248
0.157898
0.145498
0.159432
0.152698
0.158896
0.146430
0.172670
0.157486
0.144332
0.143755
0.148178
0.156336
0.139616
0.175743
0.174636
0.149763
0.156946
0.157044
0.163989
0.149951
0.140244
0.143048
0.155456
0.145487
0.152434
0.155612
0.161385
0.148970
0.149614
0.148976
0.159120
0.145622
0.149576
0.150987
0.155006
0.179052
0.154392
0.150819
0.149580
0.162864
0.149512
0.149287
0.150437
0.150726
0.146014
0.150414
0.164264
0.146593
0.148061
0.154475
0.152578
0.144813
0.151775
0.164741
0.150351
0.175836
0.164292
0.149899
0.148601
0.159143
0.168263
0.162643
0.152782
0.152354
0.152237
0.146683
0.147785
0.155651
0.147609
0.151356
0.159646
0.149649
0.157155
0.170417
0.165179
0.153301
0.150079
0.149500
0.155916
0.146614
0.144274
0.144925
0.146729
0.146798
0.141620
0.143104
0.149142
0.162177
0.171065
0.162976
0.158471
0.147069
0.182290
0.151046
0.158943
0.146602
0.142074
0.165982
0.152457
0.150330
0.154321
0.146443
0.155329
0.147617
0.149395
0.149501
0.156878
0.147028
0.142643
0.160387
0.149311
0.151183
0.163209
0.158237
0.152465
0.154484
0.158277
0.151472
0.146659
0.146578
0.152142
0.148848
0.206000
0.167633
0.158003
0.147502
0.149074
0.156137
0.148462
0.152980
0.156627
0.174189
0.152873
0.163063
0.148488
0.162968
0.152416
0.146387
0.145960
0.161944
0.152240
0.147037
0.154541
0.149090
0.157191
0.145325
0.156650
0.160259
0.172037
0.156109
0.145195
0.168988
0.144630
0.150227
0.142928
0.159327
0.144640
0.155893
0.153063
0.147974
0.158544
0.148422
0.148494
0.141933
0.159454
0.153336
0.145993
0.156058
0.143255
0.147449
0.149768
0.144360
0.151327
0.162495
0.177482
-0.531172
0.148270
0.169080
0.141903
0.163372
0.170443
0.146614
0.148696
0.160734
0.170753
0.179276
0.150053
0.161749
0.150752
0.149167
0.153429
0.148209
0.152390
0.168298
0.149296
0.146887
0.154486
0.148175
0.144500
0.163635
0.148163
0.182489
0.150173
0.144588
0.153448
0.153690
0.148535
0.146885
0.168878
0.144826
0.150500
0.156193
0.155423
0.185581
0.162500
0.150397
0.141360
0.145266
0.154154
0.162469
0.184732
0.150968
0.180475
0.155440
0.150528
0.154371
0.149628
0.152001
0.159182
0.141207
0.151552
0.142950
0.144161
0.144289
0.145294
0.171220
0.143124
0.171081
0.151827
0.143202
0.143545
0.153168
0.159460
0.145534
0.146342
0.146339
0.140111
0.144038
0.180717
0.149917
0.153016
0.160661
0.159642
0.148174
0.156992
0.158227
0.143123
0.143691
0.157386
0.147523
0.149798
0.157534
0.162857
0.143705
0.142678
0.144665
0.144017
0.159842
0.151578
0.156871
0.149816
0.151590
0.148888
0.154903
0.156900
0.141036
0.149739
0.149422
0.145171
0.159355
0.151282
0.146764
0.168292
0.146318
0.158243
0.166238
0.149465
0.144453
0.141562
0.144566
0.148722
0.145247
0.147722
0.151983
0.181415
0.165746
0.142069
0.145403
0.150949
0.150459
0.145526
0.155065
0.170316
0.147670
0.146173
0.151557
0.163956
0.154690
0.161436
0.146568
0.153089
0.155159
0.146985
0.145208
0.152321
0.151836
0.143908
0.151664
0.147126
0.147942
0.148337
0.148857
0.165229
0.147064
0.145907
0.163463
0.155986
0.160147
0.144881
0.148161
0.144969
0.145539
0.155357
0.141319
0.144651
0.156047
0.142471
0.147683
0.152406
0.145184
0.169478
0.142797
0.142812
0.144793
0.152376
0.158472
0.148126
0.159237
0.153845
0.164650
0.149147
0.173741
0.151315
0.151150
0.154565
0.154660
0.164343
0.150963
0.143142
0.141786
0.161826
0.149581
0.146521
0.156052
0.141476
0.143801
0.147466
0.142372
0.162366
0.140752
0.149017
0.153571
0.150179
0.149983
0.162104
0.145735
0.160045
0.176109
0.150693
0.141637
0.143421
0.145784
0.141618
0.143927
0.148241
0.144858
0.150902
0.144197
0.141667
0.145209
0.152087
0.139425
0.156227
0.144413
0.151155
0.143752
0.163942
0.140966
0.153529
0.168350
0.160870
0.146865
0.160910
0.153561
0.152956
0.155487
0.155080
0.155267
0.152469
0.145700
0.186625
0.154128
0.169785
0.168574
0.169028
0.146114
0.144820
0.146852
0.155195
0.158330
0.156821
0.150966
0.156749
0.153140
0.146656
0.147409
0.151636
0.146005
0.148024
0.145998
0.146631
0.163682
0.148012
0.145070
0.143493
0.142699
0.177657
0.154544
0.149415
0.147959
0.149836
0.138448
0.143799
0.145509
0.156517
0.149303
0.149500
0.141907
0.154534
0.151381
0.144099
0.145172
0.145972
0.146211
0.146719
0.156134
0.145226
0.147248
0.160232
0.148406
0.146076
0.144179
0.148335
0.163139
0.145658
0.145388
0.152394
0.151264
0.157655
0.153827
0.143176
0.147795
0.147913
0.148920
0.143811
0.150724
0.161159
0.140963
0.151762
0.141988
0.146365
0.170177
0.165423
0.152250
0.164116
0.144171
0.152576
0.148315
0.150413
0.157088
0.156021
0.140131
0.145820
0.146394
0.144444
0.148979
0.148515
0.157236
0.164128
0.149002
0.147447
0.147601
0.152591
0.146193
0.163776
0.148335
0.146023
0.163862
0.156008
0.143362
0.150611
0.168607
0.148520
0.148107
0.144317
0.151080
0.148336
0.152152
0.151834
0.161227
0.186869
0.204179
0.146565
0.157133
0.147518
0.144143
0.158083
0.149489
0.156334
0.157605
0.163521
0.151650
0.150646
0.164314
0.165138
0.163709
0.159361
0.145800
0.153345
0.158270
0.184862
0.153764
0.144627
0.151038
0.180624
0.166861
0.156402
0.141635
0.148395
0.158931
0.156222
0.146930
0.150572
0.151508
0.146435
0.149538
0.144771
0.152130
0.145189
0.148906
0.153229
0.142797
0.147380
0.156533
0.152765
0.146066
0.149516
0.161233
0.185174
0.157104
0.155947
0.155778
0.170245
0.167307
0.147672
0.145072
0.153083
0.144281
0.146563
0.143876
0.142949
0.142612
0.148348
0.148353
0.147545
0.145837
0.147192
0.148260
0.157408
0.159125
0.148131
0.153521
0.145051
0.149503
0.159299
0.142750
0.153603
0.147830
0.150726
0.146661
0.160820
0.166306
0.157479
0.164243
0.152584
0.195831
0.178597
0.160223
0.171661
0.155473
0.158932
0.148004
0.146482
0.148739
0.150040
0.182305
0.156053
0.182517
0.156217
0.144054
0.143378
0.143205
0.146635
0.143739
0.141226
0.145139
0.151145
0.174062
0.164162
0.157607
0.180081
0.156392
0.156482
0.188645
0.154106
0.163600
0.149231
0.153737
0.144748
0.150005
0.153653
0.163872
0.163131
0.143548
0.153083
0.142927
0.143488
0.134860
0.125089
0.125365
0.127087
0.129191
0.129514
0.129449
0.130783
0.140902
0.115432
0.118192
0.140922
0.122808
0.117124
0.136011
0.129493
0.128199
0.127778
0.122705
0.127802
0.122358
0.133415
0.139903
0.145039
0.139498
0.142290
0.146578
0.146132
0.147004
0.146600
0.151510
0.143195
0.149689
0.147246
0.153466
0.142219
0.148589
0.152091
0.139819
0.155425
0.147042
0.154097
0.178694
0.155024
0.152784
0.142839
0.147501
0.146972
0.157691
0.194276
0.172125
0.140458
0.147928
0.151642
0.188834
0.137090
0.146719
0.151814
0.149920
0.144236
0.142279
0.147564
0.153174
0.143918
0.141237
0.157385
0.168759
0.146296
0.177015
0.166250
0.155450
0.147548
0.157116
0.147524
0.155793
0.144085
0.139676
0.145762
0.173954
0.140929
0.142343
0.142005
0.184600
0.148292
0.171865
0.152900
0.169722
0.142229
0.143707
0.153688
0.152435
0.153808
0.151216
0.143005
0.155097
0.141881
0.141731
0.141085
0.141713
0.142830
0.149736
0.149327
0.141990
0.143173
0.141484
0.148330
0.157005
0.188067
0.157737
0.147336
0.140943
0.145449
0.143442
0.159235
0.170242
0.154604
0.175218
0.146903
0.146660
0.150033
0.146542
0.157691
0.142639
0.140121
0.149369
0.145320
0.150463
0.172049
0.154072
0.157807
0.143132
0.152928
0.191000
0.145109
0.151018
0.146518
0.161263
0.152811
0.207305
0.163846
0.153712
0.160086
0.143527
0.141917
0.146870
0.169009
0.150181
0.142655
0.169849
0.155663
0.147805
0.155043
0.169111
0.153365
0.148585
0.142553
0.143966
0.164257
0.175117
0.156233
0.153734
0.150068
0.153750
0.157327
0.150476
0.141215
0.159180
0.148687
0.159806
0.156309
0.152632
0.162328
0.150904
0.163699
0.172698
0.148267
0.167964
0.142869
0.155479
0.147626
0.143040
0.162031
0.156692
0.144663
0.136014
0.140363
0.159719
0.153800
0.155369
0.160053
0.162995
0.162817
0.161775
0.157378
0.157290
0.143423
0.143118
0.147492
0.157009
0.155710
0.153809
0.166114
0.168436
0.164753
0.142104
0.145667
0.144773
0.148385
0.153806
0.163640
0.143742
0.150178
0.146412
0.145835
0.147560
0.182980
0.159607
0.167380
0.150095
0.150887
0.151139
0.184192
0.147851
0.150248
0.149821
0.147424
0.146672
0.150312
0.183007
0.170577
0.165577
0.156830
0.166201
0.152032
0.150759
0.143418
0.149684
0.156574
0.208026
0.162048
0.159158
0.153619
0.171588
0.141566
0.145695
0.151596
0.156935
0.139938
0.149540
0.142507
0.144066
0.145113
0.181994
0.145167
0.139843
0.140145
0.185570
0.153414
0.152579
0.149971
0.146080
0.165948
0.154534
0.146707
0.148146
0.155649
0.153503
0.155638
0.176595
0.156889
0.144818
0.144834
0.185318
0.147157
0.144925
0.165670
0.144384
0.146304
0.146984
0.165610
0.197690
0.171585
0.161805
0.150514
0.157879
0.164878
0.150162
0.144269
0.142854
0.144083
0.146999
0.146802
0.137789
0.150019
0.146673
0.154930
0.156181
0.159625
0.147013
0.140597
0.145801
0.142309
0.150875
0.139010
0.138274
0.145375
0.147110
0.147609
0.148158
0.158223
0.141031
0.145464
0.155936
0.166254
0.192515
0.158660
0.140023
0.143509
0.156934
0.147039
0.175004
0.152835
0.162109
0.149502
0.150465
0.161586
0.150644
0.152064
0.156390
0.145701
0.141183
0.143898
0.141135
0.137971
0.142833
0.165961
0.148092
0.152071
0.171749
0.139450
0.143217
0.172523
0.154286
0.162771
0.140972
0.152907
0.150340
0.152689
0.151159
0.148821
0.149295
0.141476
0.146140
0.148407
0.151430
0.172395
0.144735
0.148923
0.156837
0.143314
0.156814
0.149371
0.144410
0.147273
0.156441
0.152495
0.166475
0.175611
0.162417
0.173534
0.149920
0.141302
0.142950
0.145060
0.143156
0.173859
0.170450
0.146516
0.151453
0.151808
0.148750
0.150967
0.154746
0.148625
0.144943
0.148042
0.143365
0.125287
0.127067
0.119021
0.118270
0.133025
0.135091
0.130484
0.165473
0.132713
0.132757
0.129242
0.120013
0.127968
0.139800
0.129515
0.121717
0.124355
0.123429
0.134760
0.154018
0.143930
0.144903
0.144713
0.160053
0.148563
0.143574
0.148631
0.161038
0.174184
0.147587
0.151919
0.148614
0.149165
0.150306
0.156183
0.148847
0.146441
0.146345
0.146523
0.146825
0.148044
0.150356
0.159064
0.147469
0.142950
0.143888
0.142869
0.140399
0.158132
0.158466
0.182689
0.147750
0.140903
0.140177
0.145973
0.145725
0.145766
0.141099
0.185421
0.158569
0.180542
0.143501
0.159201
0.143271
0.146100
0.142939
0.150767
0.146240
0.143534
0.143067
0.150844
0.153953
0.145880
0.146810
0.144714
0.153919
0.167418
0.149500
0.144740
0.145834
0.163130
0.150503
0.156695
0.181565
0.153372
0.150428
0.144045
0.152071
0.144272
0.139234
0.151972
0.139569
0.141908
0.142783
0.142493
0.157670
0.144160
0.144578
0.152877
0.149530
0.143447
0.142213
0.142062
0.149590
0.147699
0.149957
0.142370
0.148180
0.160892
0.189452
0.139214
0.160384
0.144711
0.143024
0.146996
0.150085
0.156014
0.144531
0.141346
0.168449
0.157343
0.151692
0.143759
0.156077
0.151829
0.145987
0.184304
0.142425
0.146078
0.155730
0.146975
0.144191
0.145082
0.148638
0.147182
0.149035
0.153709
0.147806
0.144251
0.156950
0.137998
0.144154
0.161223
0.173217
0.154201
0.140714
0.158015
0.142511
0.146786
0.144529
0.160232
0.160735
0.142684
0.142841
0.139741
0.141229
0.140206
0.143867
0.144489
0.145222
0.145422
0.160774
0.145695
0.147153
0.150334
0.144546
0.149477
0.158354
0.151249
0.148856
0.145547
0.149911
0.143837
0.153448
0.169185
0.157974
0.165215
0.150259
0.158384
0.146115
0.153109
0.158687
0.150949
0.151519
0.148071
0.139370
0.154752
0.129514
0.121457
0.125506
0.125350
0.210068
0.138306
0.120442
0.120388
0.119635
0.122372
0.119418
0.122741
0.125875
0.124504
0.119400
0.123636
0.123842
0.140993
0.151150
0.140553
0.145187
0.151997
0.150687
0.146371
0.156427
0.146207
0.153301
0.154344
0.152418
0.182326
0.144923
0.141217
0.141630
0.144640
0.143513
0.145314
0.151972
0.143866
0.144150
0.144904
0.147058
0.145557
0.144710
0.144017
0.149438
0.162721
0.150527
0.157425
0.173171
0.151387
0.151904
0.147353
0.148042
0.147281
0.147983
0.143784
0.144525
0.152790
0.159712
0.151111
0.147064
0.148087
0.145632
0.153296
0.152461
0.159123
0.152526
0.139046
0.144908
0.145916
0.158933
0.143374
0.166013
0.160072
0.145216
0.150089
0.154674
0.165649
0.152587
0.159562
0.170631
0.150023
0.146699
0.148538
0.148144
0.161874
0.146216
0.156465
0.145308
0.144843
0.146555
0.145781
0.151850
0.147796
0.150582
0.145810
0.146950
0.145605
0.145478
0.153832
0.146818
0.164907
0.138408
0.144740
0.143348
0.143691
0.141274
0.147568
0.146922
0.145122
0.144217
0.149951
0.148302
0.144688
0.148873
0.150917
0.145608
0.153302
0.148577
0.150848
0.156506
0.150466
0.147683
0.152303
0.138837
0.156669
0.149534
0.157928
0.169901
0.144876
0.142744
0.153105
0.147778
0.140922
0.141335
0.143214
0.145301
0.155366
0.159309
0.142104
0.162075
0.156152
0.163866
0.150279
0.153044
0.163646
0.162829
0.146202
0.146629
0.154368
0.147353
0.159687
0.149535
0.146697
0.144687
0.143732
0.142523
0.143255
0.149267
0.162844
0.146313
0.142520
0.146749
0.159829
0.143714
0.144824
0.153784
0.150167
0.155808
0.148257
0.138241
0.139393
0.156413
0.171472
0.136051
0.144482
0.141597
0.144629
0.140075
0.144624
0.143978
0.149068
0.160678
0.164913
0.150268
0.171167
0.161208
0.145552
0.148343
0.141825
0.142303
0.147629
0.144035
0.143462
0.145997
0.153422
0.149769
0.150614
0.155269
0.173276
0.164065
0.156118
0.139478
0.149140
0.172998
0.153035
0.143722
0.144781
0.153015
0.153491
0.148971
0.144871
0.145276
0.162930
0.180478
0.155764
0.156666
0.143371
0.160796
0.158693
0.142982
0.146495
0.143820
0.156193
0.143601
0.148526
0.145895
0.144136
0.191788
0.179682
0.162089
0.148175
0.150808
0.145121
0.159163
0.141541
0.142277
0.143088
0.164077
0.149604
0.150270
0.154335
0.145315
0.156749
0.145242
0.158705
0.146364
0.139982
0.146862
0.130939
0.157536
0.126112
0.120298
0.120784
0.121659
0.118524
0.168947
0.161596
0.123194
0.117397
0.120578
0.129220
0.122828
0.121819
0.116952
0.122064
0.116056
0.123392
0.116994
0.121603
0.115579
0.116670
0.121910
0.121096
0.117522
0.118587
0.129467
0.146575
0.122527
0.127197
0.120955
0.132576
0.121101
0.129842
0.125562
0.118438
0.128230
0.126237
0.160027
0.122554
0.120849
0.122130
0.122888
0.120196
0.123195
0.118956
0.128345
0.129632
0.122891
0.138294
0.135319
0.132998
0.134428
0.138106
0.119941
0.126629
0.121707
0.138251
0.130706
0.125509
0.140960
0.121835
0.123148
0.119914
0.121696
0.129390
0.121160
0.128851
0.120652
0.126518
0.122522
0.147949
0.132755
0.132078
0.122241
0.126433
0.112164
0.145922
0.118732
0.126664
0.121078
0.132875
0.128978
0.126036
0.121574
0.122384
0.119501
0.127689
0.131360
0.142149
0.142931
0.148017
0.157750
0.177268
0.144431
0.155846
0.169383
0.148329
0.154981
0.145334
0.142867
0.147076
0.153682
0.140838
0.157542
0.144098
0.143820
0.145887
0.151059
0.148601
0.144624
0.155086
0.142238
0.149818
0.144710
0.147702
0.147781
0.147534
0.153057
0.154608
0.153396
0.149139
0.140907
0.146003
0.140975
0.153646
0.141665
0.143099
0.142676
0.147167
0.146402
0.141819
0.145828
0.153589
0.144109
0.156854
0.158943
0.156647
0.160302
0.157134
0.143429
0.150864
0.145978
0.145422
0.154224
0.175061
0.143018
0.143860
0.146734
0.148089
0.146376
0.146739
0.161090
0.142624
0.142159
0.157764
0.165398
0.192975
0.150990
0.148152
0.145176
0.164141
0.168305
0.144778
0.145904
0.145950
0.151315
0.151147
0.143695
0.149393
0.168431
0.159323
0.157632
0.144043
0.145860
0.145817
0.157265
0.143723
0.139669
0.151004
0.143139
0.150221
0.152613
0.145012
0.143808
0.151819
0.139572
0.151031
0.154705
0.159979
0.165168
0.167466
0.149236
0.147719
0.162826
0.149552
0.145679
0.148002
0.147667
0.144187
0.155956
0.166661
0.146531
0.146124
0.144858
0.156793
0.162049
0.159320
0.169537
0.141707
0.144222
0.141581
0.152903
0.159337
0.142796
0.148363
0.141569
0.167235
0.145458
0.147912
0.151495
0.152659
0.167254
0.151869
0.155200
0.152442
0.153117
0.162852
0.146525
0.150560
0.147040
0.156283
0.152282
0.147742
0.138121
0.149634
0.141874
0.137226
0.162866
0.141382
0.139331
0.152127
0.142190
0.154416
0.146912
0.143019
0.148853
0.150830
0.154094
0.148924
0.156902
0.157033
0.147020
0.151031
0.142119
0.145211
0.143648
0.149364
0.152700
0.154223
0.149408
0.148327
0.154384
0.156127
0.148424
0.162538
0.148815
0.144223
0.145265
0.152257
0.152122
0.151448
0.164719
0.160798
0.148958
0.149888
0.147034
0.150578
0.148206
0.152436
0.145605
0.145345
0.169120
0.145937
0.143105
0.155732
0.148390
0.146990
0.146273
0.147141
0.147076
0.147805
0.156536
0.143866
0.175663
0.136544
0.168323
0.197744
0.148517
0.142190
0.163704
0.168833
0.146472
0.152999
0.138279
0.144148
0.142580
0.145939
0.145800
0.141970
0.144637
0.159719
0.149343
0.144833
0.145101
0.145877
0.154780
0.153802
0.145474
0.146401
0.143707
0.141199
0.149032
0.151787
0.151287
0.147593
0.156889
0.144104
0.147580
0.160706
0.170249
0.146749
0.144292
0.141553
0.146286
0.145440
0.143839
0.167633
0.142324
0.145388
0.153867
0.146540
0.146801
0.146278
0.147304
0.147191
0.143244
0.145686
0.146735
0.146938
0.144264
0.149708
0.146641
0.173969
0.149398
0.144692
0.140727
0.148879
0.149103
0.162970
0.149325
0.165703
0.145694
0.156996
0.148187
0.141059
0.150604
0.143073
0.150655
0.145189
0.146743
0.154086
0.155307
0.163041
0.159935
0.138729
0.156372
0.167468
0.156955
0.145749
0.154021
0.138782
0.144948
0.179921
0.152206
0.147703
0.149842
0.158561
0.158222
0.150039
0.149527
0.141893
0.158712
0.148098
0.165918
0.155539
0.158898
0.158466
0.153805
0.145018
0.143839
0.157456
0.165236
0.152655
0.140181
0.162189
0.172237
0.161318
0.138462
0.142842
0.143066
0.149910
0.145820
0.170708
0.150475
0.154582
0.156881
0.155641
0.173405
0.153724
0.146069
0.144675
0.153396
0.140301
0.144935
0.154774
0.143003
0.159233
0.151239
0.156232
0.148720
0.144227
0.150056
0.152874
0.143013
0.146680
0.159973
0.152722
0.144991
0.143418
0.148787
0.145957
0.154672
0.166087
0.153290
0.157205
0.155026
0.143608
0.149223
0.145210
0.142811
0.143741
0.139808
0.143469
0.153342
0.163693
0.142886
0.176528
0.159542
0.148568
0.154321
0.148875
0.213363
0.215007
0.176779
0.150073
0.151862
0.161246
0.147926
0.143526
0.160174
0.152337
0.149544
0.144762
0.155081
0.143810
0.144387
0.147866
0.147086
0.148868
0.151292
0.155550
0.152941
0.173036
0.150693
0.149143
0.139869
0.156386
0.154366
0.146975
0.138847
0.150175
0.191435
0.155272
0.148880
0.145185
0.146722
0.157706
0.145294
0.149835
0.145343
0.144291
0.142226
0.143074
0.148223
0.144523
0.144268
0.171319
0.143790
0.143906
0.145946
0.157001
0.142476
0.148217
0.142830
0.147995
0.142481
0.147655
0.164777
0.146013
0.150162
0.142430
0.154809
0.149257
0.145638
0.146160
0.142287
0.144233
0.146868
0.164841
0.141299
0.142925
0.164228
0.142211
0.146298
0.142440
0.162422
0.146886
0.148309
0.156092
0.142207
0.152591
0.141937
0.167947
0.149633
0.146070
0.149846
0.152058
0.146470
0.165317
0.154311
0.141997
0.142396
0.152060
0.147888
0.151231
0.152353
0.143013
0.140900
0.146178
0.153934
0.151996
0.142226
0.149903
0.171855
0.146858
0.147523
0.161843
0.144025
0.144313
0.144652
0.138013
0.153108
0.151399
0.150495
0.160317
0.143503
0.152641
0.151652
0.161271
0.147968
0.154611
0.166074
0.156101
0.160651
0.142292
0.152566
0.144198
0.171012
0.140757
0.140356
0.146121
0.154284
0.155524
0.139567
0.151820
0.149264
0.143169
0.160525
0.147846
0.154123
