0.00
363.71
377.91
409.80
380.12
281.02
305.42
284.61
376.39
250.67
371.91
358.67
291.50
393.68
250.48
276.33
256.56
309.07
360.12
313.52
289.34
353.45
344.96
366.32
332.55
349.35
415.17
365.80
355.72
396.35
439.27
380.62
350.67
365.39
370.26
213.84
294.68
267.19
185.08
319.03
175.81
265.88
161.05
330.82
216.81
367.54
173.04
278.62
207.30
209.40
336.65
233.82
225.10
347.20
399.29
298.07
372.45
396.95
247.28
279.64
296.80
176.63
318.52
336.49
309.12
347.20
298.52
280.67
226.05
155.77
312.86
359.01
306.08
275.01
240.43
261.91
219.69
197.27
283.45
341.79
274.60
161.46
265.59
287.74
236.25
247.96
296.22
333.77
216.81
304.79
199.76
398.45
233.48
190.31
225.53
212.22
306.52
286.10
427.68
379.26
390.53
367.40
317.34
295.62
350.18
270.32
333.62
367.16
397.26
335.56
391.41
369.27
371.83
308.99
386.44
371.89
432.73
327.32
314.67
413.50
370.48
424.25
393.48
309.22
386.38
349.12
353.44
244.57
398.68
393.23
402.38
391.77
370.01
354.59
348.08
354.58
395.87
325.34
364.16
351.76
303.06
326.19
344.76
346.18
332.36
317.11
375.35
258.32
323.37
339.62
289.42
281.99
353.71
308.14
301.45
258.91
373.15
318.00
313.53
324.40
357.37
330.61
403.79
347.02
348.39
342.31
402.81
403.14
386.54
430.28
357.18
421.74
453.10
388.51
426.28
417.90
315.96
405.87
427.16
299.17
419.81
323.87
348.73
380.89
324.30
371.61
334.94
268.47
278.48
356.52
228.59
354.02
212.85
379.59
325.44
253.30
351.29
306.59
263.92
325.15
266.20
322.04
366.45
325.37
351.86
355.52
280.70
400.83
153.64
384.30
301.45
324.42
374.99
226.16
427.46
226.70
440.74
320.02
350.42
352.56
283.89
352.66
409.48
337.56
262.58
384.43
333.16
317.48
380.43
247.83
324.04
401.94
382.97
287.69
369.69
276.76
389.34
340.79
319.85
372.51
348.54
326.60
320.83
362.36
346.32
335.97
345.59
295.83
386.27
333.09
305.68
380.86
396.73
398.29
313.23
409.90
327.32
395.85
342.09
428.00
359.23
417.98
365.62
384.64
400.40
391.36
370.26
429.77
387.21
347.60
436.44
332.61
418.65
375.29
435.92
325.15
440.36
379.52
414.99
416.23
422.14
418.47
394.14
410.26
401.08
436.15
405.68
412.72
368.18
404.54
426.71
406.94
443.29
363.77
407.98
434.95
393.20
375.25
406.37
393.78
407.21
431.23
380.32
405.44
411.91
356.31
426.69
357.23
385.81
406.50
447.37
421.15
421.81
426.84
421.24
429.45
381.69
442.96
374.70
402.96
414.39
408.70
404.28
377.86
408.22
382.81
409.11
405.96
405.31
404.91
409.18
389.09
413.11
420.65
434.65
356.77
406.59
414.60
383.75
400.99
378.58
391.44
408.91
395.74
349.39
425.26
390.65
358.17
420.46
362.20
407.60
388.12
356.26
418.99
402.67
404.29
377.28
396.14
375.00
371.98
403.40
402.49
392.01
388.33
403.45
386.39
422.32
338.36
401.04
404.50
416.65
376.06
384.60
348.53
383.21
394.46
375.08
367.48
354.52
364.13
417.31
344.65
409.47
373.98
328.00
405.24
368.95
306.37
385.99
396.91
376.77
368.71
388.43
357.95
337.10
373.92
376.79
360.72
364.00
328.15
358.30
382.38
376.31
362.38
328.33
393.14
336.19
359.87
386.52
334.18
287.70
401.53
315.20
376.29
397.41
319.43
337.44
341.68
362.56
330.53
310.99
373.17
319.43
356.63
307.48
399.20
342.48
325.23
296.19
340.32
298.85
263.86
312.04
341.12
345.85
328.57
350.01
294.09
290.36
311.12
318.14
253.97
259.71
332.86
257.64
272.81
338.69
327.11
227.06
272.15
326.69
201.64
283.44
259.13
303.05
296.17
285.54
299.45
249.39
306.83
290.36
325.60
288.77
279.57
247.68
282.75
310.73
303.92
284.66
257.30
300.09
239.24
316.27
270.00
250.61
310.20
323.22
226.94
305.31
301.68
265.14
315.45
273.18
251.92
249.11
272.05
239.83
221.49
293.09
264.71
252.89
262.05
290.07
181.62
209.62
161.90
132.77
155.92
123.50
106.26
105.32
134.69
157.39
102.73
169.48
110.77
97.15
189.95
231.88
182.33
143.35
152.72
199.86
136.64
109.88
136.19
100.51
144.14
118.24
115.66
113.96
111.29
117.01
234.91
214.37
126.83
132.28
133.28
162.27
252.72
166.48
233.06
195.72
199.42
224.46
210.96
176.99
190.34
289.04
249.67
291.06
282.57
265.79
296.16
268.75
226.73
251.64
235.98
222.05
269.91
304.70
264.86
282.16
263.98
275.05
289.95
284.29
319.10
310.94
313.88
243.37
309.43
267.44
299.84
288.60
292.73
320.45
289.03
273.74
300.21
262.59
258.28
261.16
295.40
285.35
297.29
287.94
266.74
280.78
295.50
177.58
239.17
265.12
211.61
296.12
278.81
276.19
287.42
267.21
290.68
291.46
205.76
251.14
264.41
278.35
218.68
275.81
260.10
259.37
253.60
265.42
231.23
242.40
248.50
288.31
256.57
278.32
247.91
195.92
211.28
294.15
192.40
292.23
273.38
265.83
293.59
189.24
296.87
272.26
287.19
275.17
279.82
197.35
240.12
247.96
265.76
267.27
244.00
262.54
272.86
213.56
260.67
275.95
261.25
262.83
300.08
298.36
293.42
220.70
223.26
279.01
259.47
250.94
275.12
281.08
259.82
271.23
185.34
266.58
235.62
270.92
284.61
235.81
251.48
236.83
213.84
215.36
310.67
188.89
224.97
243.56
208.14
266.48
260.34
298.02
208.00
225.69
263.46
244.80
208.30
223.56
286.20
290.43
318.10
270.49
273.09
198.55
261.05
213.72
229.96
246.84
185.75
252.44
284.02
157.28
244.21
186.66
232.76
135.83
147.86
215.02
224.67
160.74
241.72
216.06
262.19
248.52
264.47
146.99
260.80
279.10
263.80
245.73
269.27
221.62
263.34
244.78
207.31
205.03
165.48
212.50
110.94
256.68
291.70
208.47
238.36
184.77
257.11
168.02
283.12
153.64
250.04
223.06
248.37
153.71
124.06
103.22
179.76
274.53
269.57
213.01
179.72
175.80
239.67
186.18
259.28
252.47
255.38
229.15
227.89
216.45
264.24
241.39
231.17
257.22
273.88
233.65
169.98
196.72
242.62
171.38
246.17
273.83
231.77
261.40
235.32
257.99
270.76
192.05
230.13
225.97
171.60
184.33
171.43
253.82
271.08
243.28
215.48
217.77
176.10
161.25
180.99
192.14
227.16
221.17
213.95
109.44
169.04
165.80
178.31
137.96
220.78
130.41
148.89
165.24
192.03
173.68
129.97
89.59
73.28
62.88
198.78
166.95
212.49
173.38
89.36
168.84
148.79
85.81
92.95
136.66
142.09
210.65
153.36
89.62
207.03
125.33
193.57
128.86
191.61
165.71
185.48
213.24
164.87
111.71
226.06
173.90
133.70
110.41
251.35
143.74
150.70
237.02
101.88
137.41
199.47
143.54
156.25
127.75
129.06
174.35
70.15
124.84
140.13
94.47
112.19
94.14
93.12
