0.042902
0.152299
0.140479
0.153017
0.147958
0.139780
0.144793
0.146983
0.147612
0.144307
0.146485
0.149305
0.149614
0.145725
0.145032
0.142920
0.142210
0.162187
0.200301
0.150349
0.147649
0.159931
0.147851
0.148443
0.144448
0.141965
0.168925
0.144647
0.147034
0.159024
0.141143
0.145008
0.166436
0.145336
0.142475
0.142786
0.145515
0.155669
0.145981
0.140950
0.143809
0.145382
0.156746
0.147660
0.148036
0.149169
0.151476
0.148646
0.154459
0.144866
0.147855
0.160498
0.146163
0.143981
0.162162
0.160279
0.141468
0.154071
0.148812
0.146864
0.142060
0.144054
0.145079
0.142821
0.153221
0.144779
0.147449
0.148599
0.148530
0.145416
0.148944
0.146623
0.151551
0.147376
0.172439
0.165512
0.159408
0.159509
0.154501
0.146381
0.146757
0.154485
0.157747
0.149218
0.160723
0.140731
0.145433
0.143876
0.149121
0.144488
0.159924
0.143253
0.146785
0.187808
0.154765
0.151122
0.142280
0.156232
0.159512
0.142033
0.141125
0.141742
0.145622
0.158726
0.158863
0.144209
0.149067
0.144405
0.146156
0.138605
0.143007
0.162638
0.144849
0.140825
0.148249
0.151303
0.145634
0.144523
0.150585
0.157735
0.154970
0.161967
0.148461
0.149358
0.156114
0.160994
0.152709
0.142779
0.151322
0.148259
0.155748
0.150555
0.153086
0.149496
0.144807
0.163172
0.158941
0.164670
0.142247
0.152161
0.135388
0.158310
0.144087
0.141953
0.140129
0.147117
0.145760
0.143789
0.139977
0.147001
0.150482
0.156838
0.145029
0.146441
0.142477
0.151504
0.148810
0.168257
0.160343
0.147756
0.146423
0.152216
0.158136
0.152865
0.144562
0.193007
0.161048
0.137326
0.145354
0.162497
0.150748
0.144130
0.143135
0.161051
0.142251
0.142960
0.158406
0.152650
0.152247
0.145873
0.154844
0.149675
0.163760
0.144944
0.151021
0.159094
0.174463
0.178903
0.171305
0.147239
0.147713
0.149843
0.144174
0.145616
0.136480
0.145637
0.149566
0.144779
0.160111
0.144367
0.146549
0.150353
0.147359
0.150277
0.173705
0.149216
0.143482
0.150081
0.150615
0.174085
0.160855
0.151647
0.147206
0.169290
0.142578
0.149236
0.154601
0.152434
0.155646
0.155653
0.145052
0.139204
0.139368
0.147591
0.145038
0.142823
0.154387
0.147700
0.138683
0.142482
0.148475
0.152189
0.140146
0.154684
0.148320
0.169771
0.135570
0.141770
0.147181
0.144955
0.142661
0.149411
0.150495
0.158651
0.147465
0.140242
0.139516
0.137164
0.153286
0.235438
0.165406
0.158710
0.162987
0.148945
0.174082
0.177650
0.151907
0.167024
0.156033
0.142805
0.144445
0.185529
0.160833
0.203906
0.151805
0.178335
0.146641
0.154187
0.147534
0.147975
0.151442
0.152193
0.149971
0.149515
0.166034
0.147479
0.151750
0.151525
0.149309
0.149016
0.143858
0.148348
0.170702
0.151026
0.146122
0.149775
0.153857
0.156756
0.143066
0.144922
0.151702
0.146622
0.153351
0.144115
0.162772
0.151163
0.143433
0.168723
0.164408
0.148523
0.147400
0.151535
0.156482
0.195862
0.156689
0.151090
0.154322
0.149531
0.147927
0.140578
0.143775
0.141906
0.142783
0.142872
0.177912
0.150881
0.139344
0.139301
0.136375
0.145666
0.143418
0.141254
0.148072
0.139926
0.139628
0.147986
0.158220
0.155511
0.156336
0.145956
0.185400
0.149057
0.155915
0.149285
0.147343
0.145027
0.152747
0.152721
0.150443
0.164443
0.147032
0.146146
0.147890
0.145080
0.145229
0.150881
0.143941
0.160530
0.151801
0.151797
0.140955
0.158799
0.147427
0.155748
0.146495
0.145396
0.155896
0.142588
0.147106
0.150095
0.152014
0.145844
0.146228
0.148564
0.162035
0.140449
0.145716
0.144567
0.167262
0.160105
0.182674
0.140971
0.151534
0.154063
0.144065
0.164672
0.144908
0.147485
0.154169
0.155658
0.147298
0.144131
0.145944
0.154834
0.180032
0.145942
0.172488
0.165144
0.151774
0.142874
0.141545
0.140248
0.158744
0.139100
0.158649
0.151205
0.147558
0.145464
0.159462
0.150655
0.141681
0.176693
0.151372
0.143992
0.143838
0.144924
0.144162
0.149640
0.156997
0.146769
0.157458
0.145215
-0.543584
0.148214
0.143454
0.151244
0.182824
0.144122
0.146177
0.151799
0.151696
0.150179
0.152835
0.152158
0.153391
0.146246
0.149468
0.143056
0.158437
0.148746
0.164727
0.147566
0.175002
0.152187
0.138972
0.146939
0.146226
0.144060
0.144589
0.147433
0.140198
0.148351
0.142257
0.154855
0.156458
0.208862
0.154268
0.144367
0.164108
0.176348
0.167041
0.152610
0.147311
0.153016
0.146631
0.143444
0.141685
0.148297
0.164355
0.145034
0.141031
0.150648
0.146162
0.161709
0.142891
0.144415
0.152402
0.146555
0.154412
0.149003
0.146327
0.142610
0.150904
0.155016
0.172903
0.143926
0.160519
0.143425
0.144683
0.147500
0.154335
0.149468
0.146880
0.148012
0.155898
0.146751
0.148728
0.165420
0.148436
0.165835
0.149352
0.148919
0.146726
0.143571
0.152829
0.144981
0.173696
0.169096
0.138883
0.143327
0.162755
0.169077
0.145786
0.149175
0.149036
0.139352
0.146080
0.148592
0.150380
0.159951
0.161653
0.140016
0.148306
0.163831
0.143810
0.147832
0.143146
0.149809
0.158478
0.142648
0.154402
0.159573
0.161906
0.152341
0.141066
0.141206
0.142663
0.146027
0.141210
0.145222
0.148955
0.147360
0.153883
0.160047
0.159199
0.141145
0.143749
0.150110
0.134730
0.149020
0.145580
0.139255
0.155057
0.153569
0.166058
0.135485
0.146487
0.174689
0.143721
0.157260
0.158615
0.155219
0.150471
0.139192
0.140915
0.151004
0.144258
0.144789
0.152622
0.139305
0.148015
0.155674
0.172457
0.143590
0.158240
0.141144
0.178795
0.144347
0.146704
0.150652
0.137474
0.160262
0.145430
0.150342
0.145259
0.153596
0.156497
0.144067
0.143946
0.162307
0.170083
0.149129
0.147417
0.148133
0.157461
0.156931
0.160091
0.143379
0.149657
0.152162
0.182684
0.142331
0.146344
0.152619
0.156595
0.168621
0.169781
0.149276
0.146514
0.148570
0.148903
0.147014
0.152847
0.146764
0.145238
