0.00
503.84
531.54
538.69
550.66
536.65
552.79
538.20
532.18
552.33
531.69
534.82
539.57
549.16
547.06
552.17
551.29
551.08
544.17
537.82
551.04
555.09
549.59
549.25
544.86
535.93
545.30
540.65
548.57
540.27
546.25
541.18
551.99
531.58
545.92
537.15
539.71
549.14
526.51
544.99
536.46
538.41
530.39
540.81
546.29
540.54
543.23
516.49
545.46
548.84
530.28
549.52
530.30
542.09
535.33
533.64
532.38
519.32
540.29
530.66
536.87
541.67
527.40
535.53
529.77
536.56
519.32
528.02
528.61
522.85
504.78
532.97
529.84
467.76
528.22
506.82
518.46
536.79
504.07
520.20
517.63
524.20
512.68
527.35
515.84
516.14
507.31
506.51
502.59
516.77
520.71
508.08
518.79
509.29
541.35
502.65
519.84
517.18
494.97
495.97
518.18
521.45
461.59
527.98
491.13
508.55
460.98
533.22
486.39
498.24
494.32
496.34
482.66
487.15
533.60
404.69
516.00
499.09
508.16
504.86
444.69
488.96
446.59
504.26
413.90
465.24
450.04
351.67
499.82
496.84
461.15
456.95
494.59
409.26
460.07
465.33
243.22
471.17
399.55
435.00
397.04
332.54
328.19
320.13
214.89
329.65
272.20
314.43
265.71
285.56
367.26
363.83
368.95
315.89
216.44
228.75
138.53
116.20
138.15
132.03
108.36
109.41
151.99
134.86
160.44
203.74
197.35
203.89
216.11
278.29
238.91
222.44
157.77
205.02
217.24
268.82
223.06
251.47
311.08
311.47
352.03
320.22
398.65
377.72
402.20
439.51
444.03
294.63
508.99
492.47
419.37
409.49
473.29
476.28
422.95
521.59
377.53
513.78
415.89
522.23
437.65
517.37
438.70
503.37
434.69
497.99
468.16
442.70
480.46
478.70
506.62
492.97
489.22
479.95
472.25
477.90
474.68
470.29
466.86
472.36
476.57
503.85
420.35
482.25
451.61
428.78
452.66
378.53
476.34
404.45
405.00
490.67
406.50
465.01
480.62
426.84
494.24
428.81
441.49
413.02
394.43
402.90
373.46
386.65
395.71
373.15
375.62
337.17
396.86
361.43
359.12
349.39
278.03
298.38
362.49
290.31
285.16
378.23
335.77
353.76
290.50
350.83
358.57
373.55
399.18
320.95
390.78
395.80
251.63
303.26
188.38
235.30
348.46
233.19
251.69
214.67
309.12
251.56
268.12
324.42
321.03
334.83
250.90
303.14
287.60
359.27
318.39
343.37
226.67
307.05
341.53
263.32
278.08
347.50
262.95
378.60
330.79
201.82
372.38
324.77
276.77
328.20
288.68
368.39
251.89
348.81
312.50
342.47
370.59
380.82
352.95
254.50
241.26
331.12
211.90
297.01
286.89
303.47
354.58
299.20
319.19
331.01
292.64
361.29
220.24
274.14
319.50
315.51
339.51
337.16
323.82
282.03
355.61
326.66
281.89
184.07
341.13
225.76
242.99
375.49
314.60
216.29
312.74
270.77
310.67
229.53
314.59
362.82
340.76
313.17
320.94
269.41
275.87
308.63
231.57
353.39
250.82
327.31
204.20
328.02
256.79
320.47
257.25
226.00
244.78
177.58
300.48
320.53
275.06
351.35
183.40
304.68
212.56
287.72
175.63
361.41
249.60
246.30
229.19
286.36
214.74
295.83
208.70
336.83
250.19
220.65
322.46
227.39
348.51
222.50
289.99
244.12
319.52
251.22
255.94
270.16
165.80
293.21
317.43
237.85
209.42
219.19
343.68
286.36
236.66
326.13
295.86
221.20
307.84
246.89
308.73
284.79
222.27
311.54
246.29
204.65
314.55
220.76
203.10
276.52
175.54
259.88
306.37
310.15
233.92
208.36
214.53
213.60
202.67
264.54
223.81
259.52
209.93
306.26
329.48
179.05
255.89
275.75
248.03
247.17
215.53
290.22
206.68
320.46
272.67
183.46
298.16
228.62
309.15
234.74
272.80
251.26
328.71
247.89
202.92
188.58
334.11
301.57
280.80
199.13
235.20
272.53
185.92
233.74
249.87
278.50
331.98
181.23
281.50
273.69
239.26
236.06
205.78
242.72
196.77
194.21
190.74
255.49
159.48
192.91
285.46
221.76
207.81
177.53
259.66
155.94
173.66
173.60
235.81
247.41
192.92
223.87
263.11
273.70
325.14
266.43
223.24
217.72
281.66
276.10
286.98
200.41
249.34
256.56
273.50
230.73
309.43
251.53
290.92
208.94
266.35
289.78
233.07
290.18
188.52
246.90
237.35
197.62
157.24
252.78
159.82
292.17
148.65
229.15
199.11
240.21
212.68
221.32
219.99
244.05
241.27
186.23
230.74
233.41
293.82
215.43
146.64
271.12
184.90
206.40
266.79
152.12
231.89
243.00
266.33
200.73
225.88
191.23
232.46
203.39
288.30
188.42
222.45
216.51
174.79
241.61
165.34
188.58
148.60
164.78
123.56
124.73
115.79
217.28
151.60
96.49
161.49
169.41
158.01
195.17
180.07
131.48
183.32
228.89
205.10
163.49
159.15
188.79
158.38
163.09
211.25
182.46
166.18
183.73
180.94
212.31
141.67
166.85
187.78
134.50
151.79
129.88
135.57
141.07
163.48
157.95
139.22
145.20
156.47
219.59
129.58
178.71
150.62
153.46
146.10
155.73
139.02
185.80
165.80
153.74
145.26
172.42
168.45
219.99
251.13
217.69
192.39
247.54
176.63
162.84
218.87
241.94
177.97
141.48
202.51
227.11
164.95
136.76
162.40
218.81
174.76
211.05
215.99
174.57
230.25
198.72
141.64
168.53
197.51
167.61
185.95
191.83
205.21
238.92
164.99
209.06
211.75
160.31
191.41
180.41
158.22
238.28
205.37
151.89
161.53
