0.00
432.52
429.60
333.16
371.55
407.90
407.11
438.47
430.35
453.06
433.86
415.23
433.24
455.20
440.97
464.73
465.84
467.83
455.25
475.91
475.14
462.57
480.85
486.21
483.86
480.37
481.61
478.04
473.21
486.51
466.42
468.93
477.59
466.93
477.90
468.23
476.73
470.70
451.06
461.88
441.45
454.93
459.89
469.87
436.20
472.12
451.35
447.87
466.99
460.31
447.99
451.47
469.73
466.81
458.52
424.37
460.30
453.21
436.87
460.46
442.36
466.83
462.86
451.63
466.89
472.16
427.93
458.45
462.69
435.01
463.99
471.21
440.02
454.38
462.49
451.19
432.39
460.68
430.25
447.16
435.27
437.47
422.39
452.20
440.93
433.90
448.80
442.11
451.07
467.54
471.49
456.82
455.90
427.40
442.31
464.25
440.78
452.48
446.82
401.52
456.93
428.25
441.51
451.46
435.62
406.77
448.06
442.75
454.32
450.55
458.65
457.38
466.34
453.46
461.29
437.52
463.70
457.70
467.83
465.24
437.26
464.99
418.58
439.08
449.37
448.34
446.31
427.49
428.17
427.00
448.92
442.95
448.21
443.96
436.63
462.29
462.15
438.19
461.49
458.87
456.23
450.49
469.55
472.25
467.64
465.17
455.47
472.21
480.29
475.15
460.60
470.38
465.14
471.16
477.78
462.73
476.37
464.22
430.46
480.89
464.50
481.56
476.79
480.24
480.10
466.62
472.18
481.23
479.38
487.70
479.62
491.64
489.60
486.79
482.60
471.95
486.12
478.47
460.08
483.03
472.90
473.12
477.13
462.13
481.78
478.69
486.12
463.05
482.54
475.20
492.06
490.52
492.48
492.13
459.47
480.66
484.85
479.53
477.50
487.26
473.69
489.63
470.88
471.79
496.03
483.28
490.88
478.08
489.20
481.06
476.55
474.91
474.79
491.51
471.11
481.21
482.49
477.71
479.49
444.59
480.50
474.96
477.33
469.98
489.05
467.39
487.75
467.56
489.09
481.28
437.37
491.15
464.25
488.04
484.22
487.88
472.98
476.79
467.28
484.92
475.79
480.99
479.50
473.74
490.92
483.09
478.76
472.02
448.31
482.43
486.97
466.35
458.05
468.24
482.20
475.56
440.34
477.77
461.54
483.16
476.67
469.96
475.02
465.32
481.95
463.78
482.77
485.00
479.21
476.69
476.17
457.50
488.18
464.21
481.67
471.92
461.69
479.55
483.44
483.42
482.61
481.60
476.20
468.65
474.42
480.23
466.81
476.39
470.02
468.93
474.51
469.90
473.22
477.83
461.57
468.53
469.97
469.01
480.40
466.73
479.57
477.09
464.16
471.54
452.63
451.09
463.06
458.37
484.03
471.25
479.19
468.50
467.33
440.72
447.54
453.53
466.56
440.37
445.70
463.58
465.28
464.96
467.97
473.16
469.84
471.10
470.00
453.17
464.36
454.29
459.31
446.00
436.18
450.61
476.47
450.25
473.96
466.60
460.14
451.85
462.40
455.24
440.73
433.74
465.51
449.93
473.69
433.01
433.23
476.10
453.24
450.57
450.83
458.69
452.36
446.41
425.65
432.54
445.35
447.76
427.15
432.02
459.31
443.79
436.57
452.98
448.69
429.58
448.37
466.63
426.49
447.58
437.33
431.83
455.15
448.02
447.79
448.40
463.36
441.39
457.10
446.69
432.76
443.46
452.64
433.76
452.43
464.12
473.77
443.06
463.45
465.59
459.11
456.36
440.84
459.46
434.78
453.07
436.56
450.56
444.66
443.65
436.77
429.73
446.66
427.31
450.73
449.15
445.46
434.23
455.18
425.05
453.38
418.57
458.46
456.60
443.85
429.94
448.74
435.43
441.84
426.86
458.92
462.34
414.51
462.83
473.46
441.91
456.77
458.22
452.58
454.33
464.05
457.41
465.23
455.19
455.62
440.81
449.06
462.77
459.16
446.95
462.12
449.89
457.22
452.64
450.90
454.82
460.88
449.89
434.72
452.40
462.00
444.46
435.02
461.84
453.58
466.08
461.14
461.24
466.05
458.68
467.91
458.30
461.54
441.14
447.71
457.88
457.29
461.41
466.57
458.71
459.15
458.23
449.81
457.76
459.41
456.42
457.42
459.79
446.91
457.65
447.38
454.02
451.32
453.49
439.87
444.93
434.95
468.58
450.31
459.00
462.13
454.82
449.51
466.51
444.53
450.32
460.06
438.33
469.70
426.83
472.64
443.69
459.08
446.69
466.30
437.54
475.84
437.17
476.47
451.61
460.57
464.56
451.96
456.13
464.28
462.36
443.42
450.15
485.23
453.88
474.94
472.74
458.34
456.02
459.96
450.68
452.86
446.45
467.61
460.13
452.98
464.03
464.01
472.46
463.11
446.84
464.18
456.91
464.35
434.22
461.43
455.24
466.40
445.71
473.13
411.96
443.24
427.22
441.73
432.56
455.70
436.05
457.38
429.11
380.94
388.23
356.53
418.76
377.16
421.01
400.46
459.82
421.05
413.21
431.93
398.00
391.02
372.50
398.44
420.25
345.51
360.99
381.60
357.52
367.82
418.12
382.52
369.59
364.60
424.89
381.36
387.30
289.34
440.12
377.70
286.63
380.34
297.37
381.53
394.13
391.46
358.31
454.57
328.68
412.65
426.00
435.75
436.49
409.52
471.63
409.96
484.80
432.57
432.37
451.55
443.80
466.35
452.97
488.10
471.89
432.40
471.62
476.77
445.62
496.45
479.69
476.59
483.10
452.58
492.79
494.88
481.13
466.26
473.35
495.48
460.16
492.98
484.49
444.04
464.04
479.79
493.58
482.21
496.66
461.14
461.96
444.42
474.93
497.28
464.57
504.60
434.52
500.19
496.18
469.97
490.27
496.29
460.92
494.96
495.13
488.06
487.17
490.85
477.04
485.46
479.99
491.79
490.13
478.76
487.17
490.82
494.05
459.28
500.02
502.20
480.84
484.71
479.30
471.90
486.77
483.84
502.66
474.33
489.60
461.97
477.51
469.36
472.19
474.99
484.55
498.11
474.03
488.62
476.68
478.68
478.82
485.69
440.12
492.31
447.72
489.26
460.75
477.47
452.70
448.87
480.00
474.33
436.51
480.03
496.66
417.18
501.63
443.10
472.50
455.58
479.51
414.52
461.45
422.98
482.76
446.60
491.05
410.19
489.73
435.40
485.55
434.80
484.21
436.74
430.14
470.73
411.22
447.12
438.53
408.22
472.17
467.18
456.48
427.62
460.57
457.23
428.58
466.29
426.73
460.47
429.50
469.04
464.49
390.78
490.02
450.81
432.94
455.45
427.18
432.09
429.02
469.33
446.73
451.34
469.76
400.89
471.43
419.55
471.61
407.85
475.14
378.89
420.95
430.14
435.96
431.96
449.53
390.12
474.84
442.38
439.10
454.31
404.32
471.54
440.73
450.59
444.84
464.77
462.69
410.92
465.99
452.35
417.34
438.99
415.60
438.76
400.34
479.16
408.90
462.04
393.04
420.16
409.16
414.17
403.62
420.22
394.20
425.92
382.09
418.47
426.80
476.51
425.32
473.87
332.78
456.30
444.47
445.13
458.83
407.42
452.80
425.77
449.75
436.36
436.72
395.94
476.21
434.74
448.98
443.45
434.02
430.18
431.06
443.99
462.51
439.14
439.16
430.76
476.83
429.62
459.62
459.43
448.55
448.20
469.56
466.68
436.79
437.41
468.91
439.37
434.49
432.22
442.18
437.76
421.32
429.46
396.80
401.65
401.61
388.66
381.93
389.57
388.04
389.10
417.14
375.05
422.72
348.33
297.39
228.87
339.08
212.57
310.35
239.05
262.06
207.80
327.96
259.61
297.95
220.02
200.50
264.20
317.61
282.88
366.39
337.66
359.32
330.70
358.02
390.87
324.89
326.16
342.17
318.29
298.46
304.66
320.33
357.11
330.63
331.26
344.80
339.94
377.43
302.84
328.55
356.03
323.22
323.57
306.54
301.17
361.13
290.08
322.27
296.42
331.51
345.18
248.78
308.06
362.25
359.84
397.95
375.83
376.63
372.55
369.82
367.68
377.13
280.25
388.71
343.77
358.97
322.76
312.34
358.91
321.23
309.83
374.62
295.65
359.79
374.81
272.65
377.38
324.49
362.82
266.72
215.69
377.38
373.94
368.17
385.06
385.60
329.42
290.68
274.99
357.50
355.41
366.86
315.91
370.59
379.73
358.73
342.38
353.09
371.48
401.08
392.53
372.54
379.27
380.48
419.00
406.32
370.21
362.87
400.22
389.75
394.48
350.79
401.59
377.30
381.30
393.26
304.45
389.61
421.58
421.55
408.89
418.12
429.30
427.21
373.30
406.91
341.83
408.31
366.62
412.88
384.12
376.22
362.94
409.59
348.08
360.05
410.18
373.91
363.45
392.44
434.10
374.53
428.91
417.79
394.72
350.64
456.50
436.52
383.29
452.58
440.06
386.88
413.97
439.54
455.11
458.01
447.44
454.20
459.34
467.69
450.48
472.26
464.54
346.89
433.37
456.92
474.08
459.48
459.33
455.62
447.53
437.69
394.37
419.69
338.43
437.12
382.68
451.49
426.68
380.17
438.03
440.63
426.41
402.57
423.95
412.45
412.47
425.99
459.44
360.34
465.17
454.01
404.35
472.53
442.63
322.42
441.22
414.04
409.89
432.62
406.52
445.85
356.26
445.15
386.81
435.86
452.21
337.19
440.57
463.26
458.88
425.81
358.85
445.41
403.77
475.87
445.88
439.37
460.99
446.46
318.77
466.24
455.04
458.70
456.62
450.87
439.94
450.18
425.66
411.54
443.03
451.71
436.05
406.19
384.58
412.81
404.51
428.97
436.70
452.73
415.75
435.95
397.61
371.66
421.59
428.27
422.60
437.19
469.24
422.66
425.45
472.93
429.87
438.84
455.82
465.85
453.43
453.03
442.95
456.49
474.45
458.18
461.89
472.34
445.64
483.21
448.17
466.05
453.82
420.74
443.41
445.53
383.14
325.30
320.88
335.38
311.40
379.71
396.49
395.09
372.45
381.63
445.67
393.06
409.00
416.41
427.42
415.81
405.43
448.21
444.27
434.24
419.52
418.28
453.20
470.75
477.96
471.95
478.72
443.12
479.30
481.58
479.85
470.41
480.08
470.97
482.48
496.15
471.71
476.89
483.57
471.44
482.41
462.36
482.69
452.03
467.84
463.31
480.35
465.47
483.52
453.99
461.36
477.66
457.60
475.81
429.49
480.82
457.94
470.43
473.80
470.89
472.33
464.75
485.90
470.34
483.76
462.23
474.17
474.78
468.68
484.67
464.92
468.91
478.75
472.18
482.83
479.48
478.35
465.09
477.46
476.82
487.97
462.61
480.07
475.52
474.60
468.96
479.63
477.72
467.25
463.61
471.78
458.92
475.07
449.02
473.11
477.65
483.23
471.62
481.57
476.73
473.65
447.28
476.04
474.25
459.64
479.36
449.05
479.75
470.13
472.95
480.32
454.97
473.45
457.39
479.03
464.53
450.86
473.42
475.75
464.08
471.94
469.15
470.07
474.66
474.41
475.63
475.53
474.27
463.36
464.48
467.64
466.60
472.22
470.99
459.29
467.83
459.50
457.84
478.70
441.16
470.62
445.65
465.24
471.37
467.41
459.39
430.30
475.29
473.41
457.94
458.05
447.84
465.20
447.50
465.39
445.31
463.91
455.54
465.26
469.28
448.95
469.89
477.17
456.08
458.62
467.53
447.00
463.49
443.76
466.13
462.18
423.91
434.86
451.19
476.89
460.66
462.51
465.15
461.24
462.08
445.34
459.01
453.17
463.97
448.73
470.48
469.09
455.07
439.47
460.94
458.68
460.02
442.22
443.66
448.83
451.70
457.94
471.81
460.28
460.32
457.96
457.18
460.62
455.91
466.08
427.22
460.63
462.06
434.16
439.89
472.44
442.30
462.17
452.56
464.47
454.67
468.07
462.59
458.52
457.93
454.65
460.56
451.70
449.62
453.17
440.49
445.09
446.07
456.99
437.80
469.91
465.15
453.40
463.63
472.54
466.92
458.95
471.66
466.36
450.15
470.29
462.09
462.15
438.38
455.77
447.61
458.24
454.90
449.81
432.78
446.38
442.05
429.47
439.07
449.83
445.72
447.17
449.48
446.95
430.51
434.48
428.62
440.72
437.29
441.57
441.58
444.50
449.43
440.49
450.18
435.86
431.80
459.05
449.75
436.25
439.09
439.95
438.06
436.35
422.05
430.84
429.18
443.07
423.38
447.89
450.17
466.62
442.01
451.10
448.72
449.86
444.86
440.12
450.00
445.22
428.27
440.86
427.87
423.40
445.10
439.95
443.69
448.41
443.43
439.20
441.36
458.99
450.86
449.06
449.79
422.46
455.03
441.74
446.27
437.73
432.11
458.49
432.47
450.34
398.31
452.91
452.24
452.07
457.41
457.09
449.40
443.80
445.01
443.11
423.95
439.23
444.59
454.09
442.58
445.19
450.52
438.81
459.57
458.35
453.09
466.35
458.61
460.15
465.08
449.11
448.77
442.25
449.61
452.51
425.16
428.54
473.81
471.89
471.64
453.78
470.44
455.35
467.96
464.61
476.14
452.66
463.63
470.37
471.57
463.12
426.71
455.08
457.07
461.35
472.16
451.43
478.90
474.72
461.38
462.12
453.32
442.27
463.31
464.00
467.91
463.52
447.47
459.32
442.69
418.38
432.70
476.20
455.96
470.33
473.87
462.19
454.99
462.33
455.78
451.22
454.45
468.85
455.15
447.27
435.99
445.28
451.61
455.42
464.27
436.46
442.62
469.49
483.04
459.68
431.10
452.02
480.73
419.58
456.33
448.98
429.44
443.54
479.08
449.68
454.19
462.09
489.89
429.12
467.39
428.64
471.45
458.70
477.18
443.73
430.04
481.75
437.07
417.22
475.31
401.08
380.16
453.39
441.57
471.71
461.52
462.89
449.08
458.54
458.62
460.61
448.84
423.60
429.31
420.16
431.53
427.53
454.11
446.09
462.94
425.13
467.76
423.82
462.16
433.43
463.54
459.61
444.23
449.06
438.65
427.41
422.73
444.44
433.13
453.68
441.42
450.10
415.76
429.20
445.54
427.55
448.69
372.09
431.98
374.06
445.06
398.79
452.80
422.96
441.39
415.23
455.85
442.65
447.18
391.40
444.03
401.13
422.94
417.57
404.67
407.85
367.97
363.51
416.07
427.93
404.12
407.72
407.49
396.25
402.79
433.66
381.70
422.99
419.48
382.78
374.01
423.88
410.79
408.02
355.10
389.40
410.15
383.12
399.98
399.60
380.94
411.81
414.81
379.02
390.04
383.82
367.61
390.16
377.90
335.56
361.24
406.26
372.98
355.34
410.15
417.26
365.98
398.33
360.26
332.73
342.31
390.90
385.59
346.73
326.25
392.76
357.16
283.15
349.42
388.87
364.25
322.35
354.29
310.37
270.80
353.76
395.70
333.07
338.98
320.92
275.94
314.70
385.07
309.38
363.16
312.27
361.71
365.01
299.98
366.30
354.19
343.28
350.74
334.10
362.23
326.22
321.69
362.04
314.08
368.57
306.80
349.37
297.85
306.06
316.15
271.92
285.78
295.46
287.80
301.94
309.89
261.70
281.01
278.65
293.47
355.21
287.06
264.15
320.02
242.27
308.42
338.30
325.87
301.13
275.65
264.03
283.75
257.28
270.06
288.84
342.11
332.61
268.25
239.98
213.60
213.10
221.55
204.00
287.94
284.07
263.84
263.65
241.44
248.57
232.13
235.99
252.83
290.32
253.13
258.56
239.24
289.41
252.82
175.75
196.05
172.06
259.31
211.79
221.28
241.30
245.72
251.28
220.14
134.75
379.02
366.57
361.21
315.91
336.20
262.82
365.06
317.68
398.60
291.51
264.11
298.14
298.17
304.43
274.85
224.41
306.27
284.07
339.39
255.64
291.08
240.55
294.00
329.22
302.01
247.01
312.82
238.15
363.65
305.52
356.32
275.69
351.41
290.26
286.02
330.33
291.38
240.05
215.39
357.49
256.43
267.82
333.11
315.09
304.66
299.59
330.97
275.49
337.82
249.87
341.86
354.15
312.67
291.00
301.63
255.13
286.40
298.30
271.77
258.09
229.26
291.33
233.51
233.17
277.21
348.86
240.12
327.21
294.28
183.86
217.55
279.68
310.88
277.88
205.77
209.44
266.56
281.51
313.02
264.15
267.56
296.18
321.57
344.42
282.31
292.75
263.72
299.58
299.53
285.17
298.95
301.72
330.57
296.25
289.34
334.80
278.90
189.82
287.29
313.08
187.91
288.03
242.70
307.76
219.84
259.33
298.02
301.24
294.93
278.91
222.73
199.59
276.72
198.18
285.24
259.04
190.47
275.25
336.42
243.21
328.24
355.00
356.86
286.73
341.95
331.53
268.04
320.10
354.78
323.71
243.45
274.39
363.10
346.63
355.13
313.32
377.91
348.27
331.26
320.01
309.65
328.97
343.34
330.36
149.94
343.79
326.86
310.42
258.84
355.67
237.43
330.29
266.33
249.86
303.58
316.88
286.94
299.81
299.74
212.56
247.01
273.59
287.40
347.79
309.47
290.66
345.84
331.98
331.69
361.71
303.18
343.67
359.54
337.66
337.94
293.76
328.68
345.93
345.45
348.61
295.92
370.81
296.46
348.45
361.76
297.11
378.03
358.86
329.19
274.21
355.22
348.06
345.63
343.14
365.16
324.91
322.58
325.14
280.40
373.42
345.34
272.51
345.87
243.13
348.64
332.81
293.05
299.78
289.98
270.64
283.78
339.67
289.04
297.71
320.12
369.85
301.35
317.53
302.37
374.69
334.89
301.37
193.73
309.33
311.98
306.44
331.26
255.39
361.02
188.10
334.02
254.26
263.52
306.20
240.02
371.71
255.29
256.88
352.86
275.12
307.15
338.41
316.54
273.53
272.03
248.37
275.45
234.39
263.77
240.53
372.47
235.56
252.75
258.94
175.94
319.49
202.08
285.94
254.43
324.59
270.33
336.17
218.42
216.41
226.75
225.38
324.67
270.87
378.83
364.94
337.26
223.78
278.87
372.17
262.58
303.10
286.56
256.81
346.66
316.23
288.59
317.41
267.35
383.62
261.88
305.46
258.48
322.37
269.83
226.77
390.30
241.66
274.96
377.79
340.06
296.01
289.40
278.26
247.35
336.23
213.13
266.78
324.86
322.51
228.85
337.49
301.68
166.75
187.84
167.42
184.15
163.76
140.91
209.17
213.92
231.68
105.13
216.62
211.12
120.72
192.64
137.66
227.75
269.13
136.31
288.10
182.28
222.90
109.12
128.75
236.83
212.08
205.07
130.93
267.33
265.20
199.66
194.76
253.49
196.29
180.19
203.03
186.56
198.38
226.40
219.76
219.08
197.39
156.14
196.00
130.10
224.49
214.10
198.42
141.31
121.85
210.46
128.82
151.55
155.97
165.87
214.29
115.53
120.77
144.11
130.95
282.32
178.43
134.96
193.69
131.02
104.66
161.79
152.12
205.75
135.66
134.94
157.46
130.76
144.04
150.81
181.93
100.42
191.67
212.43
214.75
173.45
145.56
194.85
174.82
138.57
202.08
114.04
246.46
243.15
199.92
202.24
185.77
129.49
173.07
168.43
165.81
140.51
184.88
157.25
157.08
152.50
148.53
154.67
186.88
212.51
218.21
144.35
223.86
226.29
203.23
203.50
168.68
140.59
205.84
181.14
146.70
173.64
179.15
149.98
160.54
151.56
212.82
198.32
146.39
143.50
199.00
197.91
227.02
268.68
118.65
258.64
149.03
237.46
150.08
180.51
145.95
170.13
183.43
182.95
149.35
156.02
160.40
161.96
184.12
244.41
173.10
217.27
193.60
203.55
212.22
172.90
178.38
179.88
173.12
204.71
256.75
148.03
164.56
187.83
166.53
180.25
172.97
143.43
151.88
184.97
131.97
141.76
173.52
169.05
205.18
201.33
164.62
222.62
142.52
162.46
127.51
162.90
202.07
203.40
155.61
221.14
178.10
215.62
175.46
143.30
182.50
212.55
187.27
242.61
153.30
179.45
151.18
143.49
184.95
238.61
265.94
208.26
161.90
187.79
218.23
248.89
162.84
322.81
194.89
195.07
211.47
232.29
234.20
155.95
194.05
182.55
145.51
206.74
159.94
244.64
146.83
183.41
253.52
210.79
180.05
303.95
169.38
190.30
137.04
219.44
155.87
208.42
272.38
154.58
203.33
166.19
213.60
137.05
227.49
238.89
135.95
250.49
145.85
237.45
171.76
160.27
248.79
235.93
203.09
228.62
181.28
250.72
264.89
171.58
220.60
292.74
248.56
201.42
238.69
165.40
289.34
166.68
277.76
154.10
275.46
196.42
285.65
182.11
249.19
165.17
168.90
159.23
268.20
154.40
159.56
230.05
212.80
231.03
245.99
211.37
270.86
171.94
250.55
203.59
316.76
220.88
264.08
212.39
247.39
166.90
236.61
245.13
226.06
140.34
230.43
256.86
153.62
348.65
232.25
153.82
227.13
169.36
289.28
218.38
308.76
177.58
306.58
279.43
268.91
188.30
317.21
167.08
239.71
257.67
247.05
170.55
278.32
268.14
192.85
307.67
148.62
310.71
288.39
254.70
210.07
264.05
254.34
218.71
291.31
181.43
213.01
323.02
282.44
179.80
299.20
265.76
284.87
236.11
201.87
319.57
268.95
280.42
323.33
290.27
246.63
242.91
243.71
321.03
273.83
269.54
336.73
342.63
280.39
255.78
282.89
362.51
305.53
316.24
295.24
294.80
305.34
307.98
257.87
314.18
258.06
275.76
259.31
335.32
278.96
298.84
364.83
292.09
306.40
256.81
347.92
275.79
320.27
323.54
324.96
312.29
362.34
324.84
306.04
195.80
264.29
256.64
308.09
229.24
301.55
255.55
326.86
353.86
320.16
296.00
291.64
264.86
291.24
303.95
314.43
345.64
288.67
300.00
298.80
283.74
265.24
314.05
320.26
327.33
276.71
285.80
270.92
227.34
303.89
285.05
326.15
271.98
227.15
214.00
283.27
276.81
279.00
293.83
143.02
252.65
146.55
302.19
241.96
234.43
239.53
209.73
222.48
255.07
269.91
233.54
268.79
125.67
217.00
142.96
151.21
258.54
221.26
269.83
281.23
160.60
165.85
166.44
272.41
258.77
292.33
266.63
231.32
250.71
230.80
269.89
208.27
166.01
238.95
164.08
209.05
126.70
190.50
206.21
165.93
233.46
257.98
90.18
230.57
118.96
188.83
181.18
182.34
233.52
201.02
171.20
167.12
113.56
118.63
104.55
180.12
325.33
473.67
474.31
468.77
470.94
476.10
459.83
476.96
477.56
477.33
482.20
470.65
478.99
472.03
466.16
480.78
472.88
476.59
485.72
462.74
466.18
461.31
480.97
476.46
473.05
486.32
479.37
461.06
474.65
444.69
476.12
474.13
469.44
466.82
476.59
476.20
467.19
448.41
468.27
460.01
476.58
459.24
483.11
455.40
471.06
463.04
472.49
483.00
456.21
458.13
479.22
445.57
479.52
471.68
478.01
479.06
485.72
457.26
479.40
473.81
455.31
467.17
472.26
448.19
460.80
436.83
478.39
471.11
465.76
455.64
482.71
472.21
455.84
477.60
445.85
468.26
463.97
471.26
466.93
468.88
474.10
425.45
458.82
470.50
459.00
467.31
476.63
468.13
433.69
449.28
459.76
472.52
451.01
463.76
465.97
453.26
444.72
442.13
461.97
443.82
464.08
456.97
429.63
443.25
456.18
442.72
442.56
453.75
426.27
470.43
414.69
462.13
448.99
434.48
441.02
435.03
465.69
476.65
445.95
472.60
435.61
475.13
434.12
442.74
427.54
448.20
435.04
447.95
453.81
447.17
478.44
382.95
437.22
465.62
434.55
459.20
434.51
455.63
468.91
465.64
475.88
452.85
432.89
478.04
470.14
448.78
421.95
448.84
409.46
398.61
449.12
420.92
470.94
462.08
471.41
469.24
467.28
460.08
444.83
471.99
456.20
474.91
459.98
443.88
420.20
461.03
456.66
329.13
422.65
364.68
418.33
366.96
394.50
395.21
398.92
423.86
412.18
420.42
377.89
390.75
426.50
397.82
427.50
425.95
426.80
423.07
430.15
407.07
403.91
378.97
375.87
398.14
409.67
396.59
409.88
424.93
382.32
401.46
388.03
395.93
376.40
369.49
386.60
373.21
433.34
383.53
343.32
332.43
402.45
349.58
348.86
436.99
330.89
443.37
420.61
441.97
403.42
441.95
455.01
441.45
427.84
439.06
442.19
462.74
432.29
435.11
442.23
455.12
397.08
400.06
379.42
368.22
268.58
358.36
269.36
322.58
414.86
353.81
402.82
317.53
370.32
432.00
386.36
428.03
403.26
434.78
442.87
439.97
400.58
372.79
446.57
430.65
393.56
418.99
395.36
365.90
332.02
381.38
311.77
296.46
238.77
346.67
297.34
256.00
154.34
271.43
362.99
265.46
328.58
258.90
302.40
332.76
379.33
309.41
320.63
128.09
359.61
189.09
333.85
287.39
301.25
178.80
346.88
377.23
190.00
276.47
322.28
215.11
314.63
340.38
248.13
245.26
362.91
296.55
306.90
340.28
293.42
295.12
237.58
343.20
245.28
290.20
347.47
197.41
272.46
198.40
269.29
282.98
326.00
301.26
317.49
302.66
242.72
338.94
259.00
260.73
135.99
299.04
256.30
305.86
267.80
264.54
202.98
262.53
299.80
250.75
187.11
277.14
256.70
390.22
260.15
382.06
314.20
298.12
361.80
318.79
365.59
282.24
345.52
258.00
330.72
433.57
323.61
302.21
366.00
289.68
332.91
299.53
310.39
327.84
327.65
296.52
388.38
323.44
300.49
360.80
280.64
342.24
283.03
244.71
337.42
252.04
400.00
255.03
342.99
325.92
324.06
333.09
311.96
331.41
278.33
362.28
279.16
326.46
383.98
319.81
311.95
331.90
384.03
328.01
279.16
256.73
259.08
211.16
214.14
208.63
289.86
278.33
338.69
181.46
195.18
337.33
331.55
277.20
208.19
327.75
274.65
212.87
303.89
315.79
354.11
262.01
269.19
365.19
307.57
391.16
396.60
179.37
293.04
367.17
366.92
246.77
365.21
263.21
276.73
276.70
274.89
272.42
203.85
220.65
304.30
295.72
