0.009561
0.137060
0.134604
0.133496
0.194592
0.142201
0.145791
0.142640
0.193587
0.141067
0.149322
0.142026
0.159818
0.138340
0.144922
0.174032
0.139731
0.137009
0.135748
0.143645
0.143176
0.143729
0.133760
0.141843
0.143820
0.135462
0.141582
0.142887
0.153870
0.138300
0.149190
0.155798
0.135726
0.168302
0.141623
0.140084
0.142022
0.135543
0.145493
0.159589
0.157258
0.140165
0.147738
0.151536
0.161683
0.160220
0.137367
0.156717
0.144779
0.141105
0.139881
0.145672
0.147158
0.141941
0.147448
0.144524
0.175000
0.138348
0.146781
0.151668
0.161448
0.141503
0.168326
0.167233
0.165150
0.148243
0.158627
0.144334
0.144464
0.152206
0.148343
0.142790
0.162212
0.139462
0.133210
0.150606
0.138536
0.156505
0.136833
0.149385
0.145475
0.144015
0.139625
0.148622
0.138671
0.133500
0.138840
0.169751
0.136451
0.147460
0.150639
0.139697
0.137715
0.147279
0.138175
0.139957
0.137760
0.148871
0.150765
0.145150
0.136134
0.153805
0.132753
0.170446
0.139603
0.139007
0.163817
0.145082
0.138175
0.137183
0.142332
0.137426
0.144587
0.141625
0.141244
0.137539
0.148221
0.133656
0.135024
0.147515
0.143543
0.151414
0.145940
0.132965
0.143036
0.147581
0.135554
0.142899
0.151643
0.156694
0.144035
0.145024
0.156719
0.140373
0.134333
0.140991
0.140279
0.162138
0.141582
0.174700
0.145386
0.136240
0.162972
0.157676
0.138070
0.143394
0.142177
0.141963
0.141107
0.145690
0.140714
0.140303
0.134696
0.136050
0.141985
0.146848
0.175321
0.142122
0.138373
0.134342
0.136353
0.133213
0.183583
0.143077
0.138056
0.143686
0.161700
0.153846
0.158463
0.160116
0.169513
0.151127
0.141306
0.133411
0.146971
0.138862
0.158012
0.176455
0.161931
0.144193
0.142529
0.150061
0.134851
0.134060
0.167423
0.143032
0.140436
0.139477
0.134104
0.153948
0.202868
0.132417
0.135208
0.145238
0.140210
0.146419
0.138466
0.147878
0.148659
0.138494
0.140442
0.157134
0.138928
0.143741
0.139761
0.143756
0.147054
0.150674
0.142025
0.141242
0.154543
0.152990
0.154947
0.131339
0.135323
0.141049
0.138175
0.141167
0.133165
0.141198
0.142005
0.148728
0.140875
0.161828
0.159399
0.151248
0.138221
0.171037
0.143598
0.130316
0.138149
0.152934
0.146633
0.140967
0.164944
0.192171
0.150407
0.143915
0.163188
0.137137
0.139107
0.143598
0.139086
0.142170
0.168905
0.148507
0.150452
0.147900
0.139864
0.144556
0.144695
0.135164
0.135212
0.134723
0.145253
0.143247
0.142449
0.137574
0.146798
0.152400
0.140131
0.143484
0.188792
0.158985
0.134133
0.141641
0.154017
0.149234
0.143443
0.145877
0.139544
0.146623
0.141904
0.143289
0.154559
0.140434
0.142408
0.140609
0.146752
0.137388
0.144681
0.133822
0.137970
0.141363
0.140167
0.142407
0.135092
0.152740
0.153905
0.150347
0.136131
0.143481
0.140328
0.162966
0.131539
0.150517
0.160858
0.140043
0.144799
0.142754
0.159755
0.139740
0.154962
0.165046
0.143540
0.157869
0.148600
0.149425
0.139183
0.131770
0.145324
0.146945
0.137012
0.132733
0.146869
0.165867
0.160792
0.155679
0.146567
0.151219
0.137365
0.139546
0.143121
0.139618
0.139190
0.142825
0.147817
0.135187
0.136256
0.163484
0.149017
0.148108
0.157129
0.137521
0.137009
0.142404
0.144391
0.144788
0.157589
0.151155
0.152040
0.130774
0.137720
0.158215
0.142473
0.140198
0.150000
0.147833
0.165337
0.147245
0.140949
0.140245
0.135780
0.133262
0.141448
0.135571
0.148147
0.140692
0.156826
0.157633
0.146085
0.152448
0.132174
0.143836
0.139680
0.142793
0.142358
0.151472
0.154923
0.142816
0.153557
0.136093
0.142694
0.143949
0.137121
0.146559
0.172602
0.152192
0.139324
0.139606
0.152865
0.160977
0.156388
0.146157
0.153884
0.150666
0.140822
0.146761
0.140646
0.182840
0.135735
0.135338
0.133139
0.142441
0.136455
0.137120
0.134219
0.140884
0.144573
0.147321
0.148010
0.142637
0.137486
0.181918
0.136907
0.140919
0.138768
0.162171
0.146718
0.139915
0.178446
0.132202
0.149100
0.133583
0.134345
0.149755
0.144803
0.140189
0.155674
0.153564
0.150123
0.142687
0.179472
0.157532
0.144806
0.156367
0.156624
0.141273
0.140405
0.147730
0.145628
0.152003
0.166023
0.157680
0.166953
0.159406
0.143484
0.172951
0.159008
0.151107
0.148691
0.142090
0.167026
0.144977
0.156821
0.159011
0.157848
0.149709
0.148575
0.155911
0.146704
0.150935
0.179420
0.158386
0.141954
0.165943
0.176110
0.166602
0.166632
0.152842
0.153210
0.156400
0.150146
0.147872
0.145174
0.154494
0.163705
0.145236
0.159935
0.147583
0.154244
0.150488
0.144076
0.167258
0.144366
0.147710
0.148280
0.164435
0.149752
0.151447
0.152917
0.162575
0.155410
0.152708
0.159416
0.162451
0.170713
0.171926
0.172479
0.147182
0.160124
0.153881
0.133494
0.156483
0.149001
0.131534
0.153251
0.147178
0.145931
0.147658
0.139061
0.159933
0.165703
0.146146
0.155357
0.151812
0.140284
0.155570
0.139556
0.142857
0.141237
0.150980
0.154845
0.153699
0.151170
0.136457
0.155662
0.142888
0.148496
0.165934
0.147132
0.145637
0.162676
0.154925
0.150842
0.144796
0.145537
0.145008
0.150340
0.161263
0.151950
0.144984
0.165014
0.135655
0.153256
0.137907
0.154527
0.138132
0.169506
0.140728
0.151654
0.165625
0.139375
0.130418
0.149127
0.150863
0.125680
0.133437
0.137465
0.167530
0.119002
0.114106
0.112504
0.125507
0.116547
0.120094
0.125259
0.125314
0.127359
0.148714
0.165159
0.139148
0.149585
0.150614
0.149710
0.152461
0.147339
0.223597
0.163349
0.183126
0.176035
0.155993
0.136956
0.147364
0.148166
0.161585
0.134825
0.156526
0.199447
0.133139
0.142233
0.133012
0.148300
0.146141
0.147842
0.127069
0.140663
0.132972
0.138222
0.137737
0.152398
0.150378
0.139968
0.142483
0.147807
0.147117
0.143370
0.159750
0.139804
0.147668
0.141037
0.136415
0.149826
0.146846
0.160901
0.128403
0.139422
0.143983
0.162714
0.179527
0.136050
0.144567
0.162760
0.149920
0.144709
0.145281
0.134502
0.143095
0.190414
0.152246
0.142543
0.134412
0.141110
0.150610
0.131350
0.143339
0.135522
0.164900
0.136402
0.142302
0.140064
0.155438
0.182189
0.140229
0.138324
0.156054
0.154303
0.130611
0.135604
0.152639
0.171079
0.145868
0.136832
0.141951
0.147677
0.128523
0.145496
0.132365
0.134726
0.135892
0.141686
0.147540
0.144957
0.155041
0.131301
