502	342	29	42
501	335	31	45
500	334	31	43
500	330	32	43
500	328	31	43
499	326	31	42
499	323	31	42
499	322	30	42
499	320	30	41
499	318	30	42
499	317	30	41
499	315	30	40
498	314	30	40
499	313	29	39
499	311	30	39
499	310	29	39
499	310	29	38
499	309	29	38
498	308	28	38
499	307	28	37
500	307	28	37
499	307	28	36
499	307	28	36
499	307	28	36
500	307	27	36
499	307	27	36
500	307	27	35
499	308	27	35
500	308	27	35
500	309	27	34
500	309	27	34
501	310	27	34
501	310	26	34
501	311	27	34
501	312	26	34
501	313	26	33
501	313	26	33
501	314	26	33
502	315	26	33
501	316	26	32
502	318	26	32
501	319	26	32
502	320	26	32
502	320	25	32
502	322	25	32
503	323	25	31
503	324	25	31
502	326	25	31
503	326	24	31
503	327	24	31
503	329	24	31
503	330	24	31
503	331	24	30
503	331	25	30
504	333	24	30
503	334	25	30
504	334	25	30
504	335	24	30
504	337	25	30
504	338	25	30
504	339	24	30
504	340	25	29
504	341	24	29
505	341	24	30
505	342	24	29
504	343	24	29
505	345	23	29
505	346	24	29
506	346	24	28
505	348	24	28
506	348	23	28
506	348	23	28
506	349	23	28
506	350	24	28
506	351	23	28
506	351	23	28
507	353	23	28
507	353	23	28
507	354	23	28
508	355	23	28
508	355	23	28
508	355	23	27
508	356	23	28
508	357	23	27
509	357	23	28
509	358	23	28
508	359	23	27
509	359	23	28
510	360	23	27
510	361	23	27
510	362	23	27
510	362	23	27
510	362	23	27
511	364	23	27
510	363	23	27
510	364	23	27
511	365	22	27
510	364	23	27
510	365	23	27
511	366	23	27
511	366	23	27
511	367	23	27
511	367	23	27
511	367	23	27
511	368	23	27
512	369	23	27
511	369	23	27
512	370	23	27
511	370	23	27
511	370	23	27
511	370	23	27
512	371	23	27
512	371	23	27
512	372	23	27
512	372	23	27
513	373	23	27
513	373	23	27
513	373	23	27
513	373	23	27
513	374	23	27
512	374	23	27
512	374	23	27
513	375	23	27
512	375	23	27
513	375	23	27
513	375	23	27
513	375	23	27
514	377	23	27
513	376	23	27
514	377	23	28
513	377	23	28
513	378	24	28
513	377	24	28
513	378	23	28
514	378	24	28
513	378	24	28
514	379	23	28
513	379	24	28
513	380	24	28
513	380	24	28
514	380	23	28
514	381	24	29
513	381	24	28
514	382	23	28
514	382	23	28
514	382	24	28
513	383	24	29
513	382	24	29
514	383	24	29
514	383	24	29
514	384	24	30
514	384	24	29
514	385	24	29
513	385	25	29
513	385	24	29
513	386	24	29
513	386	24	29
514	386	25	30
513	387	25	30
513	386	25	30
513	387	25	30
513	387	25	30
513	388	25	30
513	388	25	31
513	388	25	30
513	389	25	31
512	389	25	31
513	389	25	31
513	390	25	31
513	390	25	31
513	390	25	31
513	391	25	31
513	390	25	31
513	390	25	31
513	390	25	32
512	391	26	32
512	391	26	32
512	390	26	32
512	391	26	32
512	392	26	32
512	391	26	32
511	391	26	32
511	391	26	32
511	391	26	32
511	391	26	32
511	391	26	33
511	391	26	33
510	391	27	33
511	391	26	33
510	391	26	33
511	391	26	33
511	391	26	33
511	391	26	33
511	391	26	33
510	390	27	33
510	389	27	33
510	389	27	34
510	389	27	34
510	388	26	33
510	388	26	34
510	387	26	34
510	387	26	34
509	387	27	34
510	386	27	34
510	386	26	34
509	386	27	34
509	385	26	34
509	384	27	34
509	384	27	34
509	383	27	34
508	383	27	34
508	382	27	34
509	381	27	33
509	381	26	34
508	381	27	34
508	380	27	34
508	379	27	34
508	379	27	34
508	378	27	34
507	378	27	34
507	376	26	34
508	376	27	34
507	375	27	34
507	374	26	34
507	374	27	34
506	373	27	34
506	373	27	34
506	371	27	34
506	371	27	34
506	371	26	33
506	369	27	34
506	369	27	34
505	368	27	34
506	367	26	33
506	367	26	33
505	367	26	33
506	366	26	33
505	365	27	33
504	365	27	33
504	365	26	33
504	364	26	33
505	364	26	33
505	363	26	33
504	363	27	33
504	363	26	33
504	362	26	33
504	362	26	33
504	362	26	32
503	361	26	32
504	361	26	33
503	361	26	32
504	361	26	32
503	361	26	32
503	360	26	32
503	360	26	32
503	360	26	32
502	359	26	32
503	359	26	32
503	359	26	32
503	359	26	32
503	359	26	31
502	359	26	31
503	359	26	31
503	359	26	32
503	359	26	32
502	358	26	32
502	359	25	31
502	359	25	31
502	359	25	31
502	359	25	31
502	359	25	31
502	359	25	31
502	359	25	31
502	359	25	31
502	359	25	31
503	359	25	31
502	359	25	31
502	359	25	31
502	359	25	31
502	359	25	30
502	359	25	31
502	359	25	31
502	360	25	31
502	359	25	31
502	360	25	30
502	359	25	31
503	360	24	31
503	360	25	30
503	361	24	30
503	361	24	30
503	361	24	30
503	361	24	30
502	361	24	30
502	361	24	30
503	361	24	30
502	361	24	30
502	361	24	30
503	361	24	30
503	362	24	30
502	362	24	29
502	362	24	30
503	362	24	30
503	362	24	29
503	362	24	29
503	363	24	30
502	363	23	30
502	363	24	30
503	364	24	29
503	363	23	29
503	364	24	29
503	364	24	29
503	364	24	29
502	364	23	29
503	364	24	29
503	364	23	29
503	365	24	29
503	364	24	29
503	365	23	29
503	365	23	29
503	365	23	29
504	365	24	29
504	365	23	29
504	366	23	28
504	366	23	28
504	366	23	29
504	366	23	28
504	366	23	29
505	366	23	29
504	366	23	28
505	366	23	28
504	367	23	28
504	366	23	28
504	367	23	28
504	367	23	28
504	367	23	28
504	367	23	28
504	367	23	28
504	367	23	28
504	367	23	28
504	368	23	27
505	368	23	28
505	368	23	28
505	369	23	28
504	369	24	28
505	369	23	28
505	369	23	28
505	370	23	28
505	369	23	28
505	369	23	28
505	369	23	28
505	369	23	28
505	370	23	28
505	370	23	28
505	370	23	28
505	370	23	28
505	370	23	28
505	371	23	28
505	371	23	28
505	370	23	28
505	371	23	28
505	372	23	27
505	371	24	28
505	371	23	27
505	371	23	28
505	371	24	28
505	371	24	28
505	371	23	28
505	371	23	27
505	371	24	28
505	371	23	28
505	372	23	27
505	372	23	28
505	372	23	28
505	372	24	28
505	372	23	27
505	372	24	28
505	373	24	27
506	373	24	28
505	373	23	27
506	372	24	28
506	373	24	28
505	373	23	28
505	373	24	28
506	373	24	28
505	373	23	28
506	373	24	28
506	374	24	28
506	373	23	28
506	373	24	28
506	374	24	28
506	374	24	28
506	374	24	28
507	374	23	28
506	375	24	28
507	374	24	28
506	375	23	28
507	375	24	28
507	375	24	28
506	375	24	28
507	375	24	28
507	375	24	28
507	375	24	28
507	376	24	28
507	376	24	28
507	375	24	28
507	376	24	28
507	376	24	28
507	376	24	28
507	376	24	28
507	377	24	28
507	377	24	28
507	376	24	28
507	377	24	28
508	378	24	28
507	377	24	28
507	378	23	28
507	378	24	28
508	378	24	28
508	378	24	28
507	378	24	28
507	378	24	28
508	379	24	28
508	379	23	28
507	379	23	28
508	379	24	28
508	379	24	28
508	379	23	28
508	379	24	28
508	379	24	28
508	380	24	28
507	380	24	28
508	380	24	28
508	380	24	28
508	380	24	28
508	380	24	28
508	379	24	28
508	380	24	28
508	380	24	29
508	381	24	28
508	380	24	28
507	381	24	28
508	380	24	29
508	380	24	28
508	381	25	28
508	381	24	28
507	381	24	29
508	381	24	29
507	381	24	28
508	381	24	29
507	381	24	29
508	381	25	29
508	381	24	28
508	381	24	29
507	381	24	29
508	381	25	29
507	381	24	29
508	381	24	29
508	380	24	28
507	381	24	28
507	380	24	29
507	380	24	28
507	381	24	29
507	380	24	29
508	381	24	28
508	380	24	29
507	381	24	29
507	380	24	29
508	381	24	29
508	380	24	29
508	380	24	28
507	380	24	29
507	380	24	29
507	381	24	29
507	380	24	29
507	380	24	29
507	380	24	29
507	380	24	29
507	381	24	29
507	381	24	29
507	380	24	29
507	380	24	29
507	380	24	29
507	380	24	29
507	380	24	29
507	380	25	29
507	380	24	29
507	381	24	29
507	380	25	29
507	381	25	29
507	381	24	29
508	381	25	29
508	382	24	29
508	382	24	29
508	382	24	29
508	382	25	29
508	382	24	29
508	383	25	29
509	383	25	30
508	383	25	30
508	384	25	30
508	384	24	30
509	385	25	30
509	384	24	30
509	385	25	30
509	386	25	30
509	386	25	30
509	386	25	30
509	387	25	30
509	387	24	30
509	387	25	31
509	387	25	30
509	387	25	30
509	388	25	31
509	388	25	31
510	388	25	31
510	389	25	31
510	389	25	31
509	390	25	31
510	389	25	31
509	390	26	32
509	390	25	31
510	390	25	32
510	391	26	31
509	391	26	32
510	391	26	32
510	391	26	32
509	392	26	32
510	392	26	32
510	393	26	32
510	392	26	33
510	393	26	33
510	393	26	33
510	394	27	33
509	394	26	33
510	394	26	33
510	394	26	33
509	395	27	33
510	395	27	33
510	395	26	33
510	395	26	33
510	394	26	34
510	394	27	34
510	394	27	34
510	393	27	34
510	393	27	34
510	391	27	34
509	391	27	34
509	390	28	34
510	389	27	34
510	388	27	34
510	387	27	34
510	385	27	34
510	384	27	34
510	383	28	35
510	381	27	35
509	379	28	35
510	377	28	35
509	375	28	36
510	374	28	36
510	372	28	36
510	370	28	36
509	368	28	36
509	366	29	36
509	365	28	36
509	363	29	36
510	361	28	36
510	359	28	36
510	357	28	36
509	354	28	37
509	352	29	37
510	350	29	37
509	348	28	37
509	345	29	37
509	343	29	37
509	341	29	37
509	338	29	37
509	336	29	37
509	334	29	37
509	332	29	37
509	329	29	38
509	326	30	38
509	324	29	38
509	322	30	38
509	319	29	38
508	316	30	39
508	314	29	39
508	311	30	39
508	308	30	39
508	306	30	39
508	303	30	39
508	301	30	39
508	298	30	39
508	296	30	39
508	293	30	39
508	292	30	39
508	289	30	40
508	287	30	39
508	285	30	39
508	283	30	39
507	281	30	40
507	279	30	40
507	278	30	40
507	276	30	40
507	276	30	40
507	274	30	40
507	273	31	40
507	272	30	40
507	270	31	40
507	270	30	40
507	269	31	41
507	269	30	41
506	268	31	41
507	267	31	41
506	266	31	41
506	266	31	41
506	264	32	42
506	264	31	41
506	264	30	41
506	263	31	42
507	263	31	41
505	262	32	42
506	261	31	42
506	261	31	42
505	261	32	42
506	260	32	42
505	259	32	42
505	259	31	43
505	258	32	42
505	258	31	44
506	259	31	42
504	257	32	42
506	258	31	42
505	257	32	43
505	257	31	43
504	256	32	43
505	257	31	43
505	256	32	43
503	255	32	44
504	255	33	43
503	254	32	44
504	255	32	44
504	254	33	43
504	253	32	45
503	252	34	45
504	253	32	44
504	253	32	45
502	252	33	45
503	252	33	45
504	253	32	45
503	251	33	46
504	252	32	45
503	252	33	46
503	253	33	44
503	253	33	45
503	254	33	44
504	254	33	45
503	253	33	46
505	255	32	45
504	255	33	45
503	255	34	46
505	255	33	45
503	255	34	46
504	256	32	46
504	257	33	46
504	256	34	45
505	257	33	47
504	257	33	47
504	257	34	46
504	258	34	46
504	258	34	46
505	258	33	46
505	259	33	47
504	259	34	47
504	259	33	47
503	260	34	46
503	260	34	46
505	260	34	46
503	260	34	47
505	261	34	46
504	260	35	47
503	260	35	47
504	261	34	47
504	261	35	47
503	261	35	47
503	261	35	48
504	261	34	48
503	261	35	48
503	261	35	47
503	261	34	48
503	260	35	48
503	261	34	47
503	260	36	48
504	261	34	47
502	260	35	48
503	261	34	48
501	259	35	48
504	260	34	47
501	259	35	49
502	260	35	47
500	257	36	49
502	258	35	50
502	260	35	48
501	258	36	49
502	259	34	48
500	257	36	50
502	258	35	49
500	257	35	50
502	259	35	48
499	256	36	49
502	259	34	47
500	256	37	49
501	257	35	50
500	256	36	49
501	258	35	48
500	256	36	49
501	257	35	48
499	255	37	49
500	257	35	47
499	255	36	48
500	257	36	48
500	256	37	48
499	255	36	49
501	256	35	48
498	254	36	49
500	256	35	49
498	255	36	49
500	255	36	48
498	254	36	50
500	255	35	49
499	255	36	49
498	254	36	49
499	254	36	49
498	254	36	49
498	253	36	49
500	256	35	47
497	252	37	50
500	254	35	49
497	252	37	51
499	254	35	49
498	253	36	50
499	252	36	49
498	252	36	50
498	253	36	50
496	251	36	51
499	253	35	50
496	252	37	51
499	253	35	49
496	251	37	51
498	253	35	50
497	252	37	50
497	252	37	50
498	254	36	49
497	252	37	50
497	253	36	49
496	252	37	50
497	253	36	50
496	251	38	51
498	253	36	50
494	250	38	52
498	253	36	50
495	252	37	50
498	254	35	49
495	252	37	51
497	254	36	48
495	251	38	51
496	253	36	49
496	254	36	48
495	252	37	50
496	253	36	49
495	251	38	50
495	253	37	49
496	253	37	49
496	253	36	49
496	252	37	50
496	252	37	50
495	253	37	50
494	252	37	49
494	252	38	50
496	253	36	48
493	250	37	51
496	253	35	48
493	249	38	52
496	253	36	47
494	249	38	52
496	252	36	49
493	249	38	51
496	252	36	50
493	250	37	51
496	252	35	49
493	249	38	52
497	252	35	49
493	248	37	53
496	252	35	48
493	249	37	51
496	252	36	49
492	248	37	52
495	252	35	48
494	248	37	52
495	252	36	48
493	249	37	51
494	252	37	49
493	248	38	52
493	251	38	50
495	250	37	50
492	249	38	51
495	252	36	48
492	249	38	51
495	252	36	49
492	249	38	52
495	252	37	49
492	249	38	53
496	253	35	48
493	249	38	52
495	253	36	49
492	249	38	53
496	253	35	50
494	251	37	52
496	254	36	48
494	252	37	52
497	254	36	49
495	253	37	51
496	255	36	49
494	255	37	50
497	256	36	50
496	256	37	51
495	257	37	50
497	257	37	50
495	257	38	51
497	259	36	50
495	258	38	51
497	260	37	49
496	260	38	51
497	262	36	49
497	262	37	51
498	261	37	52
498	263	37	51
497	262	37	53
499	265	36	50
498	264	37	54
498	265	37	53
497	265	38	54
499	270	37	48
498	268	38	53
500	269	37	50
499	270	38	52
499	271	38	51
500	271	37	51
500	272	37	51
500	276	37	48
501	275	37	50
501	277	37	48
501	280	37	45
501	279	38	48
501	283	37	44
502	283	37	45
503	284	38	45
503	283	38	45
502	285	37	44
502	282	38	48
504	289	38	42
502	273	39	58
502	277	39	53
503	280	38	51
502	281	39	50
503	282	39	48
502	280	39	50
502	277	39	54
503	278	39	53
501	273	40	59
501	272	40	61
501	274	41	60
501	273	40	60
501	271	42	64
502	272	41	62
501	272	41	62
502	270	41	64
501	274	40	59
502	273	38	61
502	272	39	61
501	270	41	63
501	272	42	60
501	273	42	61
502	272	41	60
501	271	41	63
503	274	39	58
504	273	38	59
501	270	42	64
501	271	41	62
503	271	40	62
503	270	40	62
501	267	41	66
502	267	41	66
503	268	41	65
502	264	41	68
503	270	41	61
503	268	42	62
499	262	45	68
502	267	42	62
500	262	43	67
503	268	40	59
503	265	42	62
500	260	44	68
502	268	40	58
502	264	42	62
500	258	44	68
501	263	42	61
501	259	43	65
501	260	42	63
501	258	42	65
500	258	42	63
499	256	43	66
501	258	42	63
499	253	44	69
501	259	41	60
499	253	44	67
500	256	43	63
499	250	44	68
499	257	43	61
500	255	43	62
498	248	44	68
499	256	41	58
499	252	42	64
499	248	44	67
499	254	43	59
498	249	44	65
498	247	44	65
499	252	42	59
496	245	44	66
498	249	42	61
496	243	44	67
497	250	42	58
498	247	43	62
495	241	44	66
495	245	43	61
496	242	42	65
494	239	44	67
496	242	43	63
495	238	44	67
495	245	42	59
495	243	42	60
494	238	43	64
494	238	43	64
493	236	43	65
494	241	43	59
493	236	44	64
492	235	43	64
493	236	43	62
492	232	45	66
492	236	42	62
493	236	42	60
490	230	45	67
492	233	42	63
491	230	44	64
489	231	43	63
489	230	44	64
490	231	44	62
490	230	43	62
490	227	44	65
489	230	43	63
490	228	44	64
489	229	43	62
489	228	43	62
489	229	43	60
490	226	43	63
487	225	43	64
489	228	43	60
486	223	44	66
488	228	43	61
485	221	44	66
487	223	42	64
486	225	43	61
486	223	43	61
486	224	43	61
486	223	43	61
485	223	44	61
486	226	43	57
485	221	44	63
487	225	42	57
484	219	45	64
486	222	42	60
485	219	43	61
485	221	43	58
484	218	44	61
485	221	42	58
483	217	44	62
484	219	42	60
486	220	41	57
482	215	43	63
485	219	41	60
485	220	41	56
482	214	44	63
483	216	41	61
483	219	42	56
484	218	41	57
483	217	42	58
484	218	41	57
483	218	42	56
483	216	41	58
482	217	42	57
482	219	41	55
483	215	41	58
483	216	41	58
483	218	40	55
483	216	40	57
481	213	41	59
482	214	41	60
481	213	42	61
481	212	41	61
482	212	41	62
481	213	41	61
481	213	41	61
483	215	40	58
481	215	42	58
483	215	40	58
482	217	40	55
483	215	40	55
481	213	41	59
481	213	40	60
481	213	40	60
482	212	40	60
482	213	40	59
482	214	40	58
483	216	39	55
482	217	40	54
482	217	39	55
484	219	38	53
483	217	39	53
483	218	38	52
483	216	39	54
484	217	38	53
483	219	38	51
482	216	39	53
484	217	37	53
484	217	38	53
484	218	38	52
484	217	38	53
483	217	38	52
485	218	36	52
484	217	38	53
484	216	38	53
485	218	36	52
484	215	37	53
485	216	37	53
485	218	37	50
485	216	37	52
485	217	37	51
486	218	37	51
486	216	36	50
486	218	37	50
486	218	37	49
485	217	37	49
486	217	37	51
485	216	37	50
487	218	36	49
486	215	37	49
488	217	35	49
485	213	37	52
487	214	36	52
489	218	35	48
486	214	37	50
487	213	36	52
488	215	35	50
487	216	36	48
489	217	34	47
486	212	38	51
487	213	35	53
489	215	35	51
488	216	35	49
490	217	34	48
487	214	36	50
490	216	34	48
489	218	35	47
489	214	36	49
489	215	35	49
488	215	36	48
490	216	35	48
489	215	36	49
491	215	34	48
490	215	35	48
489	215	35	49
492	217	33	46
488	214	35	49
492	216	33	47
489	215	35	48
491	216	34	46
491	216	34	46
491	216	34	46
491	216	34	46
491	216	34	45
490	215	34	47
491	215	34	48
491	215	34	47
492	216	34	45
491	215	34	47
491	216	34	46
491	216	34	45
493	217	32	45
491	215	34	46
493	216	33	45
492	215	33	45
493	216	32	46
492	216	33	44
492	216	33	44
492	215	33	45
493	216	32	44
491	215	33	46
493	215	32	45
491	215	33	44
493	216	32	44
491	216	33	44
493	217	31	43
492	216	33	43
492	216	32	45
492	216	32	43
493	217	31	44
493	218	31	42
493	217	32	43
493	218	32	42
494	218	31	42
492	217	32	42
494	219	31	41
494	219	32	40
494	219	32	40
493	220	32	39
494	221	31	37
492	219	32	40
495	223	31	36
495	222	31	37
493	221	32	38
494	219	33	40
493	218	32	40
494	219	31	41
495	220	31	39
495	219	31	40
494	219	30	41
495	219	29	41
496	219	28	40
494	219	29	41
495	219	28	40
495	219	27	40
495	220	28	39
496	220	28	40
496	220	28	39
496	221	28	40
496	220	28	39
495	219	28	42
495	220	28	40
496	221	28	39
495	221	29	38
495	221	29	38
497	222	28	38
495	222	29	38
496	221	28	39
496	222	28	39
495	222	29	39
496	222	28	38
495	222	29	39
496	223	28	38
496	222	29	38
496	223	28	38
496	223	29	38
497	223	28	38
496	223	29	38
497	223	28	38
496	223	29	39
497	223	28	38
496	223	29	38
497	224	28	38
496	224	29	38
497	223	29	38
497	224	28	38
497	224	28	38
497	224	28	37
497	224	28	37
498	224	28	37
498	224	28	38
498	224	28	37
497	224	28	37
498	224	28	37
497	224	28	37
498	224	28	36
498	224	28	37
498	224	28	37
499	224	28	37
499	225	28	37
498	224	28	36
498	224	28	37
499	224	27	36
498	224	28	37
499	224	27	37
499	224	27	37
499	224	27	37
499	224	27	37
499	225	27	36
499	225	27	36
500	225	27	36
499	225	27	36
500	224	27	36
499	224	27	36
500	225	27	36
500	225	28	36
499	224	27	35
500	225	27	36
501	225	27	35
501	225	27	35
500	225	27	35
500	225	27	35
501	226	27	35
501	225	27	35
501	225	27	35
502	225	27	35
501	225	27	35
501	225	27	35
502	226	26	35
501	226	26	35
502	226	26	34
502	227	27	34
502	226	27	34
502	226	26	34
502	226	26	34
502	226	26	34
502	226	26	34
502	226	26	34
502	226	26	33
503	227	26	34
503	227	26	33
504	227	26	34
504	227	26	34
504	226	26	34
504	227	26	34
504	226	26	34
504	226	26	34
504	227	26	34
504	227	26	34
504	226	26	33
504	227	26	33
504	227	26	33
505	227	26	33
505	227	25	33
504	227	25	33
505	227	25	33
505	226	25	33
505	227	25	33
505	227	26	33
504	227	26	33
504	227	25	32
504	227	25	33
504	227	25	32
504	227	25	32
505	227	25	32
505	227	25	32
505	227	25	32
505	228	25	32
505	227	25	32
505	227	25	32
505	227	25	32
505	228	25	32
505	228	25	32
505	227	25	32
505	228	25	32
505	228	25	31
505	228	25	32
505	228	25	31
506	228	25	31
506	229	25	31
506	228	24	31
506	228	25	31
506	229	25	31
505	229	25	31
505	229	25	31
506	229	25	31
506	229	25	31
506	230	25	31
506	229	24	31
506	230	25	31
506	229	24	31
506	230	24	30
506	230	24	31
506	230	24	31
507	231	24	30
506	231	24	30
507	231	25	30
507	231	24	30
508	232	24	30
508	231	24	30
508	231	24	30
507	232	24	30
507	232	24	30
508	232	24	30
508	232	24	30
508	232	24	30
507	233	24	30
508	233	24	30
508	233	24	30
508	234	24	30
508	233	24	30
509	234	24	30
509	234	24	30
508	234	24	30
508	234	24	30
508	234	24	30
508	235	24	30
509	235	24	30
508	235	24	30
509	236	24	30
509	235	24	30
509	235	24	30
508	236	24	30
509	235	24	30
509	236	24	30
509	236	24	30
509	236	23	30
509	236	24	30
509	237	24	30
509	237	24	30
509	237	24	30
510	237	24	30
510	237	24	30
510	237	24	30
510	237	24	30
509	237	24	30
509	238	24	30
509	238	24	30
510	237	24	30
510	237	24	30
510	237	24	30
509	237	24	30
509	237	24	30
509	238	24	30
510	237	24	30
510	238	24	30
510	238	24	30
510	238	24	30
510	237	24	30
510	238	24	30
511	238	24	30
510	237	24	30
511	238	24	29
510	238	24	30
511	237	24	30
510	238	24	29
511	238	24	29
511	238	24	29
511	237	23	29
510	238	24	29
511	237	23	29
511	237	24	29
511	237	24	30
511	237	24	30
511	237	24	30
512	237	23	29
511	237	24	29
511	237	24	29
512	237	23	29
511	237	24	29
511	237	24	29
511	237	24	29
512	237	24	29
511	237	24	29
511	237	24	29
512	237	24	29
511	237	24	29
511	237	24	29
512	237	24	29
512	237	24	29
512	236	24	29
511	237	24	29
512	236	23	30
512	237	24	29
512	237	23	29
512	237	24	29
512	237	24	30
511	236	24	30
512	237	24	29
511	237	24	29
511	236	24	29
512	237	24	29
511	237	24	29
512	236	24	29
512	236	24	29
512	236	24	29
512	236	24	29
512	237	24	29
512	236	24	29
512	236	24	29
512	236	24	29
512	237	24	29
512	237	24	29
513	236	23	29
511	237	24	29
512	237	24	29
512	237	24	29
512	237	24	29
512	237	24	29
512	236	24	29
513	236	24	29
512	237	24	29
512	237	24	29
512	237	24	29
512	237	24	29
513	236	23	29
512	236	24	29
512	237	24	29
512	237	24	29
512	237	23	29
513	237	23	29
512	237	24	29
512	237	24	30
512	237	23	29
512	237	24	29
512	238	24	29
513	237	23	29
512	237	24	29
512	237	24	29
512	237	24	29
512	238	24	29
512	237	24	29
511	238	24	29
512	237	23	29
512	237	23	29
512	238	24	29
512	237	23	29
512	237	23	29
511	237	24	29
512	237	23	29
511	237	23	29
511	238	23	29
511	238	24	29
512	238	23	29
512	238	23	29
511	238	24	29
511	238	23	29
511	238	23	29
511	238	23	29
512	238	23	29
511	238	24	29
512	237	23	29
512	238	23	29
512	237	23	29
512	237	23	29
511	237	23	29
512	238	23	28
511	237	23	29
512	237	23	28
511	237	23	28
512	238	23	28
512	237	23	29
511	237	23	28
512	237	23	28
512	237	23	28
512	236	23	28
512	236	23	28
511	237	24	28
512	236	23	28
512	237	23	28
512	236	23	28
512	236	23	28
512	236	23	28
513	236	23	28
512	236	23	28
513	235	23	28
513	236	23	28
513	236	23	28
513	235	23	28
513	235	23	28
512	235	23	28
513	235	23	28
512	235	23	27
512	235	23	28
513	235	23	27
513	234	23	28
513	234	23	28
512	235	23	28
513	234	23	28
512	233	23	28
513	234	22	28
513	234	23	27
513	234	22	27
512	234	23	27
513	234	22	27
512	234	23	27
513	234	23	27
512	234	23	27
512	234	23	27
513	234	23	27
512	234	23	27
513	234	22	27
512	234	23	27
512	234	23	27
512	233	23	27
512	233	23	27
512	233	23	27
512	234	23	27
512	234	22	27
512	233	23	27
512	233	22	27
512	233	22	27
512	233	22	27
512	234	22	26
512	233	22	26
512	233	23	26
512	233	23	26
512	233	23	26
512	234	22	26
511	233	22	26
511	233	23	27
512	233	23	27
511	233	23	27
511	232	23	27
512	233	22	26
511	233	22	27
511	233	22	27
511	233	22	26
511	233	22	26
511	233	22	26
511	233	22	26
510	233	22	26
510	233	22	26
511	233	22	26
511	233	22	26
510	233	22	26
510	234	22	26
510	234	22	26
509	233	22	26
510	234	22	26
510	234	22	26
510	234	22	26
510	234	22	25
509	234	22	26
509	234	22	26
509	234	22	26
509	234	22	26
510	235	22	25
509	234	22	26
509	235	22	25
509	235	21	25
508	234	22	26
509	235	22	25
509	235	22	25
508	235	22	25
509	236	22	25
509	236	21	25
508	236	22	26
508	235	22	26
508	236	22	25
508	236	21	25
508	235	22	25
508	236	22	25
507	235	22	25
508	236	22	25
507	236	22	25
507	236	22	25
508	237	22	25
507	236	22	26
507	236	21	24
507	236	22	25
507	235	22	25
507	236	21	25
508	236	21	25
506	235	21	26
507	236	21	25
506	235	22	25
507	235	21	25
506	235	21	25
507	236	21	25
507	235	22	25
507	235	21	25
507	236	22	24
507	236	21	24
507	236	22	25
507	235	21	25
506	235	21	24
507	235	21	25
507	235	21	25
506	235	21	25
507	235	21	24
507	235	21	24
507	236	21	24
507	235	21	24
507	235	21	24
507	234	21	24
506	235	21	24
507	235	21	24
507	235	21	24
507	235	21	24
507	235	21	24
507	235	21	24
507	235	21	24
507	235	21	24
508	235	21	24
507	235	20	24
508	235	21	24
507	235	21	24
508	235	21	23
507	235	21	24
507	235	21	24
508	235	21	23
508	235	21	23
507	235	21	23
507	235	21	23
508	235	21	23
508	235	21	23
507	235	21	23
508	235	20	23
508	234	21	23
508	235	20	23
508	235	21	23
508	235	20	23
508	234	20	23
509	235	20	23
508	235	20	23
508	235	20	23
509	234	20	23
509	234	20	23
508	234	20	23
508	235	20	23
508	235	20	23
509	234	20	23
508	235	20	23
509	235	21	23
509	234	20	23
509	234	20	23
509	234	20	23
509	235	20	22
509	234	20	23
509	234	20	22
509	234	21	22
510	234	20	22
510	233	20	22
510	234	21	22
511	234	20	22
511	234	20	22
510	233	20	22
511	233	21	22
511	233	20	22
511	233	20	23
511	233	20	23
512	233	20	23
511	233	20	22
512	233	20	22
513	233	20	22
512	232	20	22
512	232	21	22
513	232	20	22
513	232	20	22
514	233	20	22
513	232	20	22
514	232	20	22
514	232	20	22
515	232	20	22
515	232	20	22
515	232	19	22
515	232	20	22
515	231	20	22
516	232	20	21
516	232	20	21
517	231	20	21
516	231	20	21
516	232	20	21
517	231	19	21
517	231	20	21
518	232	19	20
518	230	19	21
518	230	19	21
518	230	20	21
518	230	20	21
519	231	19	21
519	229	19	21
519	230	19	20
519	230	20	21
520	230	21	21
519	229	20	21
520	229	19	21
520	229	20	21
521	229	20	21
520	229	20	20
521	230	20	20
520	228	19	21
521	229	19	21
521	229	19	20
521	228	19	20
522	228	19	20
522	229	19	20
521	228	20	20
523	229	20	20
523	229	19	20
523	228	19	20
523	229	19	19
523	228	19	20
524	228	18	19
524	229	19	19
523	227	19	20
523	228	19	19
523	228	19	20
524	228	19	20
524	228	18	19
524	227	19	20
524	228	18	20
523	228	19	20
524	228	18	19
524	228	18	19
524	228	18	19
524	228	18	19
524	227	19	19
524	228	18	19
524	228	18	19
524	228	18	19
525	228	18	19
524	227	18	19
524	228	18	19
524	228	18	19
525	228	18	18
525	228	18	18
525	228	18	18
525	228	18	18
525	228	17	18
525	228	18	18
524	228	18	18
525	228	17	17
526	228	18	18
524	228	18	18
525	228	17	18
525	227	18	18
525	228	18	18
524	228	18	18
525	228	17	18
524	228	18	18
525	228	18	18
524	228	18	18
524	228	17	17
524	228	18	18
525	228	18	18
525	228	18	18
524	228	18	18
524	228	18	18
524	228	17	18
524	228	18	18
523	228	18	18
524	228	17	18
524	228	18	17
524	228	17	18
524	228	17	17
524	228	17	17
524	228	17	17
524	229	17	17
524	229	18	17
524	229	17	17
523	229	18	18
524	230	17	17
523	230	18	17
523	230	17	17
523	230	17	17
523	230	17	17
523	231	17	17
523	231	17	17
523	231	17	17
522	231	17	17
522	231	17	17
522	232	17	17
522	232	17	16
522	232	17	16
522	232	17	17
522	233	17	17
522	233	17	16
522	233	17	17
521	233	17	17
492	224	20	21
492	225	19	21
493	225	19	20
493	224	19	20
493	224	19	20
492	224	19	20
493	223	19	21
493	224	19	21
493	224	19	20
493	224	18	20
494	224	19	20
493	224	19	20
494	223	19	20
493	223	19	20
494	223	19	20
494	223	19	20
494	223	18	21
493	223	18	20
494	223	19	20
495	223	18	20
494	223	18	20
494	223	18	20
495	223	19	20
495	223	18	19
495	222	18	20
495	222	18	20
495	222	18	19
495	221	18	20
495	221	18	21
496	222	18	20
496	222	18	20
496	222	18	20
496	221	18	20
496	222	18	20
496	222	18	19
496	221	18	19
497	221	17	20
497	221	18	19
498	221	18	20
497	221	18	19
497	221	17	20
498	221	18	19
498	221	17	19
498	220	18	19
499	220	18	19
498	220	17	20
499	220	18	19
499	220	17	18
499	220	17	19
499	220	17	19
500	219	18	19
500	220	17	19
500	220	17	19
500	220	17	19
500	219	17	19
501	219	17	19
501	218	17	19
501	218	17	19
501	218	17	19
501	219	17	19
501	218	17	19
501	217	18	19
501	218	17	19
502	218	17	19
502	217	16	18
502	217	17	19
502	217	16	19
503	217	16	18
502	217	17	19
502	216	17	19
503	216	17	19
502	215	17	19
502	215	17	19
503	215	17	19
502	215	17	18
503	215	17	19
503	215	17	18
504	215	17	18
504	214	16	18
503	214	16	18
504	214	17	18
504	214	16	18
505	213	16	18
505	213	16	18
504	213	16	18
505	213	16	18
505	212	16	18
505	212	16	19
505	212	16	18
505	212	16	18
505	211	16	18
506	211	16	18
506	211	16	18
506	210	16	18
506	210	16	18
506	209	16	19
506	210	16	18
506	210	16	18
506	209	16	18
506	209	16	18
507	209	16	17
506	208	16	18
506	208	16	18
506	207	16	19
507	208	16	18
507	207	16	17
506	206	16	18
506	207	16	18
506	207	16	18
507	207	16	17
507	207	16	17
507	206	16	18
507	206	16	18
507	206	15	18
507	205	15	18
506	205	16	18
506	204	16	18
507	204	16	18
508	203	16	19
507	204	16	18
508	203	16	18
508	203	15	18
509	204	16	17
509	203	16	18
509	203	16	17
510	203	16	17
510	204	16	18
510	203	16	17
511	203	16	17
511	203	15	18
510	202	16	18
511	202	16	18
512	202	16	18
512	203	16	18
512	202	15	17
512	202	16	17
513	202	16	17
513	202	16	17
514	202	16	17
514	201	16	18
514	201	16	18
514	201	16	17
515	201	16	17
514	201	16	18
515	201	16	17
516	200	17	18
516	200	16	18
516	201	16	18
516	200	16	18
516	200	16	17
517	200	15	18
517	200	16	18
518	200	15	18
518	200	15	18
519	200	16	17
519	199	15	18
519	199	15	18
519	199	15	17
519	199	15	18
519	199	15	17
520	198	16	17
520	199	15	17
520	199	16	17
521	198	15	17
521	199	15	17
521	198	15	17
521	197	15	17
521	198	15	18
521	198	15	17
521	198	15	17
522	198	16	17
521	198	15	17
522	198	16	17
522	198	15	17
522	198	15	17
522	198	15	17
522	197	15	17
522	197	15	17
522	197	15	17
522	197	15	17
523	197	15	17
523	196	15	17
523	196	15	17
524	196	15	17
524	196	15	17
524	196	15	17
524	196	15	17
524	196	15	16
524	196	15	17
524	196	15	17
524	196	15	16
525	195	15	16
524	196	14	16
524	195	14	16
525	195	14	16
525	195	14	16
525	195	14	16
525	195	14	16
525	195	14	16
524	194	14	16
525	195	14	16
525	195	14	16
525	194	15	16
525	194	14	16
525	193	14	16
525	193	15	16
525	193	14	16
525	193	14	16
525	192	14	16
525	192	15	16
525	192	14	17
525	191	14	16
525	192	14	16
525	191	14	16
525	191	14	17
526	191	14	16
525	191	14	16
526	191	14	16
525	190	14	16
526	190	14	16
526	190	14	16
526	190	14	16
525	190	14	16
526	189	14	16
525	189	14	16
525	189	14	16
525	188	14	16
526	188	14	16
525	188	14	16
526	188	14	16
526	187	14	16
526	187	14	15
525	187	14	15
526	186	14	16
525	187	14	16
526	186	14	15
526	186	13	15
525	186	14	15
525	185	14	16
525	185	14	15
525	185	13	15
525	184	14	15
525	185	14	15
525	184	14	15
525	184	14	15
525	183	13	15
525	183	14	15
525	183	14	15
525	182	13	15
525	182	14	15
525	181	14	15
525	181	13	15
525	180	13	15
525	180	13	15
525	180	14	15
524	179	14	15
524	179	13	15
525	179	14	15
525	178	13	14
525	178	13	15
525	178	13	14
525	178	13	14
525	178	13	14
525	177	13	15
525	176	13	15
524	176	13	15
525	176	13	14
525	176	13	14
525	175	13	14
525	176	13	14
525	176	13	14
524	176	13	14
525	175	13	14
525	174	13	14
525	174	13	14
525	174	13	14
525	174	13	14
525	174	13	14
524	173	13	14
524	173	13	14
525	173	13	14
524	173	13	14
524	173	13	14
524	172	13	15
525	173	13	14
524	172	13	14
524	172	13	14
524	172	13	14
524	172	13	14
524	172	13	14
524	171	13	15
524	171	12	14
524	171	13	14
524	171	13	14
524	171	12	14
524	171	12	14
524	171	13	14
524	171	13	14
524	171	12	14
524	171	13	14
524	171	12	14
524	170	13	14
524	170	13	14
524	171	12	14
524	170	13	14
524	169	13	14
524	170	12	13
524	170	13	14
523	170	13	14
524	169	12	14
524	168	12	15
523	168	13	14
524	169	12	14
524	168	13	14
524	169	12	13
523	169	12	13
524	169	12	13
523	158	13	24
523	160	14	23
523	168	13	15
523	167	13	16
522	168	13	15
523	157	14	25
523	159	14	24
522	167	13	14
523	167	13	15
523	168	12	13
523	168	12	13
523	168	12	13
523	168	12	14
522	157	14	24
522	159	13	22
523	160	13	21
522	167	12	14
523	157	13	23
522	157	14	24
522	158	14	23
522	160	13	21
522	156	13	24
522	158	13	22
522	159	13	21
522	158	13	22
523	158	13	22
522	158	13	22
522	158	13	22
522	158	13	23
522	158	14	23
522	159	14	22
522	161	13	19
522	165	13	15
522	166	12	14
522	157	13	23
522	157	13	22
522	158	13	21
522	165	13	15
522	165	12	14
522	165	13	15
522	167	12	13
522	166	12	14
522	166	12	14
522	166	12	13
522	167	12	13
522	167	12	13
523	166	12	14
522	166	12	13
522	167	12	13
522	157	13	22
522	157	14	23
521	165	13	14
521	158	13	22
522	159	13	21
521	165	13	15
522	158	13	22
522	161	13	19
521	166	13	14
521	166	12	13
521	167	12	13
521	156	13	23
521	164	13	17
521	160	13	20
521	165	13	15
521	166	12	15
521	166	13	15
521	164	13	17
521	166	13	15
521	167	12	14
521	167	12	13
521	167	12	13
521	167	12	13
521	167	12	13
521	167	12	14
521	165	13	15
521	166	13	15
521	158	13	23
521	159	14	22
521	159	14	23
521	161	14	22
521	162	14	20
521	168	13	14
521	159	14	23
520	161	14	22
520	163	14	21
521	163	13	20
520	160	14	23
520	167	14	17
521	162	13	21
521	163	14	20
520	165	14	19
520	169	13	14
520	167	13	17
520	163	14	21
520	164	14	21
520	167	14	18
521	162	14	23
521	162	14	22
520	163	14	23
520	163	14	22
521	164	14	21
521	166	14	19
521	167	14	18
521	163	13	22
520	164	14	22
521	165	14	21
521	167	14	20
520	167	14	19
521	171	13	16
521	170	13	15
521	170	13	16
520	171	13	15
520	171	13	16
520	170	14	17
521	166	14	22
521	168	14	20
521	171	14	17
521	172	13	15
521	173	13	15
520	164	14	23
520	171	14	17
521	173	13	16
521	173	13	16
521	173	14	16
521	172	14	16
522	167	14	22
521	170	14	20
521	173	14	17
521	174	14	16
521	173	14	17
521	174	14	16
521	174	13	16
522	175	13	16
522	174	13	16
521	175	13	15
522	176	14	15
522	176	13	15
521	176	13	15
522	176	14	15
522	176	14	16
522	176	14	16
522	176	14	16
522	177	14	16
523	177	14	16
522	177	14	16
523	177	13	15
523	172	14	21
523	177	14	16
523	177	14	16
523	172	14	22
523	178	14	16
524	178	14	17
524	177	14	17
524	172	14	23
523	179	14	17
524	179	14	16
524	173	14	22
525	174	14	21
525	177	14	20
524	179	14	18
525	180	14	16
525	181	14	17
525	182	14	16
525	181	14	17
525	180	14	17
525	182	14	17
526	182	14	16
525	182	14	17
525	182	14	16
526	177	15	22
526	183	14	16
526	183	14	17
526	183	14	17
526	183	14	16
527	179	14	22
526	182	15	20
527	184	14	17
527	184	14	17
526	185	14	17
527	185	15	17
527	186	14	17
527	185	14	17
528	181	14	22
528	184	15	20
528	186	14	18
528	187	14	17
528	187	15	18
528	183	15	22
528	184	14	21
528	185	15	20
528	188	15	19
529	182	14	24
529	189	14	17
529	189	15	18
529	189	14	18
529	189	14	18
529	190	15	18
529	190	15	18
530	186	14	22
529	190	14	19
530	190	15	18
530	190	15	19
530	190	14	19
531	190	15	20
530	192	14	18
530	187	15	23
530	190	15	20
530	192	15	19
531	193	15	18
531	193	15	19
531	194	15	17
531	194	15	18
531	194	15	18
531	190	15	23
531	195	15	18
531	191	15	22
531	195	15	19
532	196	15	17
531	195	15	19
531	196	15	18
532	196	15	18
531	196	15	19
532	197	15	19
532	197	15	18
532	198	15	18
532	198	15	19
532	199	15	18
532	196	15	22
532	199	15	18
532	195	15	22
532	199	16	19
532	200	15	18
532	200	15	18
532	200	15	19
533	201	15	18
533	200	15	19
533	201	15	19
533	201	15	19
532	201	15	20
532	201	16	19
532	202	15	19
532	203	15	19
532	202	15	20
532	204	15	19
533	203	16	19
533	204	15	19
533	203	15	20
532	205	16	19
533	203	16	21
533	205	16	19
533	204	16	20
533	206	16	18
533	205	15	20
533	207	16	18
533	202	16	23
533	203	16	23
534	199	16	26
533	206	16	20
533	208	16	19
534	205	16	22
533	207	15	20
533	207	16	20
533	208	16	20
533	209	16	19
533	208	16	20
533	210	16	19
533	208	15	20
533	210	16	19
533	210	16	20
533	211	16	19
533	211	16	20
533	211	16	19
533	211	16	20
533	212	16	19
533	211	16	21
533	212	16	20
533	212	16	20
533	213	16	20
533	212	17	20
533	213	16	20
533	214	16	19
533	212	17	22
533	215	16	19
533	214	17	20
533	213	17	21
533	216	16	20
533	214	17	21
533	216	17	20
533	215	17	21
533	217	16	19
533	216	17	21
533	218	17	20
533	218	17	20
533	218	17	20
533	216	17	22
533	219	17	20
533	217	17	21
533	216	17	23
533	218	16	21
533	219	17	20
533	218	17	22
532	219	17	22
533	221	17	20
533	220	17	22
533	222	17	21
533	219	18	23
533	221	17	21
533	222	17	21
533	222	17	21
532	222	17	22
533	223	17	21
533	223	17	22
533	223	17	22
533	224	17	21
532	222	18	23
533	222	17	24
533	225	17	21
533	226	17	21
533	224	18	23
533	226	18	22
532	225	18	23
532	226	18	22
532	225	18	23
532	225	18	24
533	227	18	21
533	228	18	22
533	227	18	22
533	228	18	22
533	228	18	23
533	228	18	23
532	228	18	23
532	229	18	23
532	229	18	23
532	230	18	22
533	229	18	23
532	231	18	22
532	232	18	22
532	231	18	22
533	232	18	22
533	231	19	24
533	232	18	23
533	232	18	23
533	234	18	22
533	234	18	23
533	234	18	23
533	234	18	23
532	235	18	22
533	235	19	23
533	234	18	24
533	235	19	24
533	235	18	25
533	235	19	25
533	237	19	23
533	236	19	25
533	238	18	24
533	238	19	23
533	239	19	23
533	239	19	24
533	238	19	26
533	239	19	24
533	240	19	25
533	241	19	25
532	241	19	24
533	242	19	24
532	242	19	25
532	243	19	24
532	243	19	24
532	243	19	25
532	243	19	26
531	243	19	27
531	244	20	26
531	245	20	26
531	246	20	26
531	245	20	26
531	247	19	26
531	249	20	24
531	250	20	24
531	250	20	24
531	250	19	25
531	250	20	25
531	249	20	27
531	252	19	26
531	252	20	25
530	253	20	25
530	254	20	25
531	254	20	25
530	255	19	25
531	255	20	26
530	254	20	27
530	255	20	27
529	258	20	25
529	257	20	26
529	259	20	26
530	259	20	25
529	259	19	27
529	259	21	26
530	261	20	26
529	262	21	26
529	262	20	27
528	264	20	26
528	263	21	27
528	262	21	29
528	265	20	27
528	267	21	26
528	268	20	26
528	267	21	27
528	266	21	28
528	266	21	30
527	268	21	28
527	271	21	27
527	271	21	28
526	271	21	28
526	272	22	28
526	273	22	28
526	273	22	28
526	274	22	28
526	274	22	29
526	275	22	30
526	277	22	28
526	276	22	30
526	278	22	29
526	277	22	30
525	278	23	31
525	279	22	31
525	281	22	30
525	282	23	29
525	283	23	29
525	282	22	30
524	284	22	30
524	284	23	30
524	287	23	30
524	286	23	30
524	286	23	31
524	288	23	30
524	288	23	30
523	289	23	31
523	289	24	31
523	291	24	30
523	291	24	31
523	290	23	32
523	292	23	32
523	292	23	31
523	293	24	32
522	293	23	33
522	295	24	32
522	295	24	32
522	296	23	31
521	298	24	31
521	297	24	33
521	298	24	32
521	299	25	33
521	300	24	32
521	302	24	32
521	301	24	33
521	303	24	32
521	303	24	32
521	303	24	32
521	306	24	31
521	305	24	33
520	305	24	32
524	285	21	24
524	288	21	26
521	302	24	39
525	372	26	27
525	372	26	34
525	373	26	34
524	374	26	34
524	374	26	35
524	375	26	35
524	375	26	35
524	376	26	35
524	377	26	35
524	377	26	35
524	378	27	35
523	378	26	35
523	378	27	35
523	379	26	35
523	379	27	36
524	380	27	36
523	381	27	35
522	381	27	35
523	382	27	36
522	383	26	36
523	383	27	36
522	383	27	35
523	384	27	36
523	384	27	36
522	385	27	36
522	385	27	36
522	385	27	36
522	385	27	36
522	385	27	36
522	386	27	36
522	386	27	36
521	387	27	36
521	387	27	36
521	388	27	36
521	387	27	36
521	388	27	36
520	388	27	36
521	389	27	36
521	388	27	36
520	389	27	37
521	389	27	36
520	389	27	37
520	389	27	36
520	390	27	36
520	389	27	36
520	390	27	37
520	390	27	36
520	390	27	36
519	390	27	37
519	390	27	36
520	391	27	36
519	391	27	36
520	390	27	36
519	390	27	36
519	390	27	36
518	390	27	36
518	391	27	36
518	391	27	36
518	390	27	35
518	390	27	36
518	390	27	36
518	390	27	36
517	390	27	36
517	390	27	37
518	390	27	36
517	390	27	36
517	388	28	36
517	389	27	36
518	389	27	37
518	389	27	36
517	388	28	36
517	388	27	36
517	389	27	36
517	388	27	35
517	388	27	36
517	387	27	36
516	387	27	36
517	387	27	36
517	388	27	35
517	387	27	35
516	387	27	36
516	387	27	36
517	386	27	35
517	386	27	36
516	387	27	35
517	387	27	35
517	387	27	36
516	386	27	35
516	386	27	35
516	386	27	35
517	386	27	35
516	386	27	35
516	385	27	35
516	385	27	35
516	385	26	35
516	385	27	36
516	385	27	35
516	385	27	35
516	385	27	35
516	385	27	35
516	384	27	35
515	384	27	35
516	385	27	35
515	384	27	35
516	384	27	35
515	384	27	35
516	384	27	35
516	384	27	34
515	384	27	34
516	383	27	34
515	384	26	35
515	383	26	34
516	383	26	34
515	383	26	35
515	383	26	34
515	383	27	34
515	382	27	34
515	383	26	34
515	382	26	34
515	382	26	34
515	382	26	35
515	381	27	34
515	381	26	35
515	381	26	34
515	381	27	34
515	381	26	34
515	381	26	34
515	380	26	34
515	380	26	34
515	380	26	34
515	380	26	34
515	380	26	34
515	379	26	33
515	378	26	34
514	379	26	34
515	379	26	34
515	379	26	33
514	378	26	34
514	378	26	33
514	377	26	34
514	377	26	33
514	377	26	33
514	377	26	33
514	376	26	33
514	376	26	34
514	376	26	34
514	376	26	33
514	375	26	33
514	375	26	34
514	374	26	34
514	374	26	33
513	373	26	34
514	373	26	34
514	373	25	33
513	373	26	33
513	373	26	33
513	372	25	33
513	372	25	33
513	372	26	33
513	371	25	33
513	370	25	33
513	370	25	33
513	370	25	33
513	370	26	33
513	369	25	33
513	369	25	33
513	369	25	33
512	368	25	33
513	367	25	33
513	368	25	33
513	367	25	33
513	367	25	32
513	366	25	33
512	366	25	33
512	365	25	32
512	365	25	32
513	365	25	32
513	365	24	32
512	365	24	32
513	364	25	32
513	363	25	32
513	363	25	32
513	363	25	32
513	362	24	32
512	361	24	32
512	361	24	32
512	360	24	31
512	360	24	32
512	360	24	31
512	359	24	31
512	359	24	31
513	358	24	31
513	357	24	31
512	357	25	31
512	357	24	31
512	356	23	31
512	356	25	31
512	355	24	31
512	354	24	31
513	354	24	31
513	353	24	31
513	353	24	31
513	352	23	30
512	352	24	30
513	351	24	31
513	351	24	30
513	350	24	31
513	350	23	30
513	349	24	30
513	349	24	30
513	348	24	30
513	348	23	30
513	348	23	30
513	347	23	30
513	346	23	29
513	345	23	29
513	345	23	29
513	344	23	29
513	344	23	29
513	344	23	29
513	343	23	28
514	343	23	29
513	342	23	28
513	341	23	28
513	341	23	28
513	340	23	28
513	340	23	28
513	339	23	29
513	339	23	28
514	338	23	28
513	338	23	28
513	337	23	28
513	336	23	28
513	336	23	28
513	335	23	28
514	334	23	28
514	334	22	28
513	334	22	27
513	333	22	28
513	333	22	28
514	332	22	27
514	331	22	28
514	331	23	27
514	330	22	27
514	329	22	27
514	328	22	27
514	329	22	27
514	328	22	27
514	328	22	27
514	327	22	27
514	326	22	27
515	326	21	26
515	325	21	26
515	324	21	26
514	324	22	26
514	324	22	26
515	323	22	26
514	322	22	26
515	321	22	26
515	321	22	26
515	321	22	26
514	319	22	26
515	320	22	25
515	319	22	25
516	318	22	26
476	326	25	30
476	326	25	30
476	326	24	30
476	326	24	30
477	325	24	30
477	325	24	30
477	324	24	30
478	324	24	29
478	324	24	29
478	323	24	29
478	323	24	29
478	321	24	29
478	322	24	29
479	320	24	29
478	320	24	28
478	320	24	28
479	320	23	28
479	318	23	29
480	318	23	28
480	318	23	28
480	317	23	29
479	316	24	28
480	316	23	28
481	316	23	28
480	315	23	28
481	315	23	28
481	314	23	28
481	313	24	28
481	313	23	27
482	313	23	27
482	312	23	28
482	311	23	27
482	311	23	27
482	311	23	27
482	310	23	27
482	310	23	27
482	308	23	27
482	308	23	27
483	309	22	27
483	308	22	27
483	307	22	27
482	306	23	27
483	306	22	26
483	306	22	26
483	305	22	26
484	305	22	26
483	304	22	26
483	303	22	26
483	302	22	26
484	302	22	26
483	302	22	26
484	302	22	26
484	301	22	25
485	301	21	25
484	300	22	25
485	300	21	24
484	299	22	25
485	299	21	24
485	298	21	25
485	298	21	24
485	297	21	25
486	296	21	24
485	296	21	25
486	295	21	24
485	294	22	25
485	294	21	25
486	292	21	25
486	293	21	24
486	292	21	24
486	291	21	25
486	291	22	24
486	290	22	25
486	290	21	24
486	288	22	25
487	288	21	24
486	287	22	25
487	286	22	25
487	287	21	23
487	287	21	24
487	286	21	24
488	286	21	23
487	284	21	24
488	284	21	23
488	284	21	23
488	282	21	24
488	282	20	23
489	282	21	23
488	280	21	24
488	280	21	23
489	279	20	23
489	279	21	23
488	279	21	23
488	278	21	23
488	278	21	23
489	277	21	23
488	276	21	23
489	276	21	22
488	274	21	24
489	275	21	22
489	273	20	22
488	273	21	22
489	273	21	23
490	272	20	22
489	272	21	22
489	271	21	23
490	271	20	22
489	269	21	23
490	270	20	22
489	268	20	22
490	268	20	22
490	268	20	21
490	268	20	21
490	267	20	21
490	266	20	21
491	266	20	21
491	265	20	21
491	264	20	21
490	264	20	20
491	264	20	20
490	263	20	21
491	262	20	21
491	262	19	21
491	262	19	20
491	261	20	20
491	261	19	19
491	259	20	21
490	254	20	25
491	256	20	23
491	257	19	20
491	257	19	21
491	255	19	22
491	255	19	21
491	254	19	21
491	253	19	21
492	253	19	22
492	252	19	22
491	253	19	20
492	252	19	20
491	251	19	21
492	251	19	20
492	250	18	20
492	251	19	19
492	251	18	19
491	249	19	19
492	250	18	19
492	249	18	18
492	250	18	18
492	248	18	19
492	248	18	18
493	247	17	18
492	247	18	18
492	246	18	18
492	245	17	18
493	246	17	18
492	243	18	21
493	243	18	20
493	243	17	18
493	242	17	19
