0.00
534.33
553.89
495.65
456.08
428.22
447.20
416.77
382.35
311.62
334.94
376.73
398.23
451.54
508.55
501.41
481.11
481.68
452.22
441.59
492.33
481.97
492.75
485.39
506.11
539.89
538.28
549.21
556.97
555.81
554.47
560.08
557.61
559.62
550.59
553.04
559.48
555.73
559.88
561.54
563.21
557.67
559.16
556.94
562.52
561.96
556.91
560.89
561.03
560.06
563.35
560.03
562.45
562.81
562.59
561.89
559.19
560.18
561.04
559.57
553.93
556.27
561.08
562.91
561.86
560.52
547.75
551.77
547.76
553.13
551.16
560.05
561.92
555.28
555.70
545.88
550.44
549.14
554.57
555.58
551.47
558.80
554.26
560.00
558.54
560.47
556.20
559.25
560.23
557.04
558.54
558.58
561.92
556.98
557.32
557.94
561.85
558.23
557.38
559.32
557.39
555.25
556.11
556.18
556.80
561.20
553.34
559.64
559.99
553.12
550.14
553.94
554.13
551.32
555.67
555.35
549.17
550.63
517.00
549.20
535.33
539.91
542.88
536.49
548.25
531.68
541.72
540.16
534.13
552.94
535.28
549.12
551.09
542.57
553.46
552.56
552.09
552.39
545.52
542.75
552.87
545.86
541.95
543.83
543.62
540.11
534.21
534.31
538.17
523.64
528.94
529.60
494.68
507.80
530.53
519.52
501.13
514.60
511.84
541.65
502.82
529.15
532.76
522.75
521.02
530.51
516.74
534.91
541.77
541.25
537.71
552.43
531.76
536.79
526.97
545.30
529.29
540.63
535.87
537.26
529.60
515.73
523.81
530.66
529.92
502.53
496.55
519.48
483.21
498.85
501.41
479.38
475.21
500.10
492.89
512.95
441.16
500.51
482.55
461.69
471.84
491.15
483.53
506.52
501.60
516.37
487.46
457.14
470.81
410.05
434.80
445.23
442.58
342.46
448.45
366.57
378.02
333.59
369.78
326.77
315.67
313.06
326.92
323.39
377.65
313.52
296.64
278.55
236.18
212.60
323.09
327.75
361.08
257.11
315.97
348.00
269.35
236.86
353.58
256.27
190.30
316.83
253.49
201.36
251.48
236.63
274.97
234.48
291.48
266.10
236.24
302.39
214.32
288.35
264.50
213.01
171.38
202.36
270.00
212.52
306.80
260.61
218.82
245.88
280.75
192.54
273.28
309.78
194.16
194.59
225.19
303.21
263.19
218.49
276.18
167.95
214.03
200.50
354.35
265.68
241.56
277.09
280.10
277.85
346.78
321.67
268.27
365.36
344.93
247.33
374.50
180.96
139.32
238.88
238.10
185.26
208.17
176.22
196.99
248.39
148.00
330.06
235.13
196.60
242.44
331.93
260.46
409.45
308.06
427.77
356.67
345.05
351.01
276.87
355.84
336.79
424.87
423.15
426.99
404.26
429.23
395.31
375.92
411.55
407.66
405.74
416.09
375.65
423.57
413.61
453.49
447.43
406.16
454.45
423.16
377.25
443.95
434.07
432.44
337.20
329.88
264.17
397.21
334.51
400.07
410.32
485.55
313.43
387.27
441.79
389.07
372.59
413.46
441.18
402.98
381.07
378.68
407.59
350.91
406.39
303.33
425.02
333.36
345.65
479.40
285.18
511.83
308.65
466.66
464.89
450.68
512.29
310.15
310.28
474.98
398.97
410.87
298.77
362.12
263.47
352.36
289.73
304.86
446.21
328.89
417.55
260.23
362.79
300.70
366.55
375.20
432.91
374.86
412.47
404.53
444.09
354.12
396.02
283.86
470.35
400.06
463.21
396.53
487.40
413.38
454.40
425.73
433.38
362.50
431.56
454.73
438.29
421.49
439.26
339.71
468.92
346.77
383.36
377.05
410.29
383.03
382.89
378.85
429.26
264.09
457.37
228.82
422.05
295.83
309.08
326.45
300.13
345.38
345.51
339.11
331.43
381.34
263.44
270.21
249.68
324.97
296.14
256.27
288.65
307.95
299.07
357.45
277.31
309.48
371.69
277.84
239.92
299.48
264.03
365.79
311.08
255.55
237.89
365.79
349.28
389.83
248.81
361.31
350.14
350.84
356.05
380.95
360.40
319.68
347.38
370.25
358.11
349.60
321.87
337.33
345.75
352.11
332.26
295.16
271.12
241.82
228.27
321.26
287.84
277.86
322.50
281.55
227.69
313.06
248.54
213.94
249.01
278.42
227.92
277.48
224.85
241.81
274.99
191.55
165.20
213.38
307.68
280.29
294.14
244.54
237.25
182.03
229.88
200.02
217.80
239.40
176.81
190.51
171.86
191.00
240.05
184.60
216.27
243.65
208.65
201.71
192.85
266.45
202.26
241.39
233.58
247.56
226.76
239.02
202.65
233.58
135.39
169.59
98.94
155.20
140.61
114.39
224.66
198.78
199.51
128.11
98.08
80.98
148.91
140.66
168.54
105.10
186.37
138.10
145.61
183.08
148.00
207.51
147.83
160.38
169.72
151.60
141.32
161.72
210.69
223.14
177.44
226.31
