0.015401
0.148309
0.146769
0.173936
0.182669
0.145435
0.155918
0.151072
0.148926
0.150949
0.153030
0.170757
0.164778
0.167591
0.150563
0.146273
0.160068
0.160883
0.173691
0.197524
0.152618
0.176883
0.152068
0.149453
0.153974
0.154786
0.158389
0.150159
0.148842
0.161561
0.156483
0.157632
0.170180
0.182755
0.142374
0.144268
0.141832
0.142926
0.169177
0.156646
0.161006
0.142319
0.148960
0.155108
0.153451
0.148163
0.164928
0.146318
0.155773
0.160478
0.208375
0.161893
0.144609
0.146240
0.146908
0.157820
0.174218
0.159323
0.160940
0.158839
0.156287
0.146508
0.150901
0.164696
0.170529
0.148661
0.149502
0.177926
0.144655
0.185322
0.165020
0.145226
0.151582
0.151845
0.147684
0.181052
0.153683
0.167876
0.147504
0.148751
0.169344
0.155387
0.139511
0.166801
0.167152
0.154552
0.151114
0.144923
0.149328
0.162718
0.160090
0.198036
0.159615
0.160280
0.181703
0.159671
0.149264
0.163925
0.161990
0.164708
0.156518
0.156672
0.148517
0.166343
0.159516
0.153386
0.151529
0.161964
0.152047
0.148315
0.153030
0.150241
0.146340
0.150689
0.154541
0.152949
0.169657
0.144267
0.157145
0.143844
0.154593
0.176533
0.171812
0.160612
0.157836
0.168619
0.165598
0.170405
0.149710
0.162805
0.173186
0.153846
0.146891
0.153691
0.145025
0.151178
0.163457
0.151681
0.166972
0.156868
0.149678
0.157196
0.189520
0.162891
0.143814
0.146195
0.163993
0.147318
0.162409
0.150166
0.167672
0.161096
0.170692
0.174874
0.148988
0.161167
0.153963
0.144942
0.159869
0.157159
0.165411
0.165865
0.147927
0.167304
0.183318
0.146185
0.147090
0.152750
0.150709
0.147762
0.164108
0.144390
0.156766
0.144698
0.148087
0.152490
0.145642
0.156381
0.153646
0.158059
0.155509
0.163124
0.155546
0.147523
0.167328
0.156782
0.157055
0.147602
0.152299
0.151254
0.163554
0.173453
0.145537
0.153846
0.147118
0.146410
0.153266
0.144010
0.147287
0.147146
0.151865
0.168398
0.154831
0.163332
0.147429
0.146678
0.145249
0.142883
0.170061
0.154336
0.146327
0.159557
0.148918
0.158153
0.143600
0.178363
0.150132
0.152768
0.149746
0.152312
0.155655
0.147372
0.159614
0.158559
0.165043
0.156445
0.168119
0.165911
0.166847
0.147912
0.152197
0.144316
0.142984
0.141117
0.152078
0.145754
0.146959
0.155010
0.162024
0.146377
0.147000
0.147735
0.151054
0.145934
0.146088
0.149467
0.146964
0.159277
0.162651
0.147635
0.148729
0.139889
0.147580
0.174070
0.146152
0.152276
0.147760
0.148112
0.147499
0.156781
0.199339
0.154826
0.175245
0.160129
0.147281
0.147334
0.147102
0.150013
0.149623
0.156187
0.144083
0.149998
0.148870
0.148788
0.149324
0.157353
0.150874
0.144338
0.147318
0.172634
0.156880
0.151404
0.149484
0.152407
0.148767
0.161741
0.147634
0.169512
0.160359
0.142534
0.147711
0.153332
0.154007
0.156188
0.150439
0.150335
0.150809
0.177510
0.146915
0.151267
0.149628
0.151309
0.153842
0.154177
0.149309
0.167698
0.162891
0.146142
0.156808
0.147804
0.158822
0.146686
0.147197
0.172494
0.163589
0.153923
0.148809
0.155572
0.145927
0.145730
0.173846
0.154650
0.147166
0.148950
0.150371
0.170565
0.156462
0.163721
0.167924
0.147117
0.161917
0.154332
0.153322
0.153770
0.172005
0.168614
0.160712
0.150472
0.162562
0.171862
0.162440
0.155233
0.173010
0.156973
0.159752
0.145539
0.145329
0.154646
0.166218
0.165805
0.155778
0.152937
0.155146
0.146596
0.158674
0.151300
0.147995
0.158445
0.154318
0.145823
0.148751
0.148594
0.147536
0.148005
0.171960
0.146053
0.157612
0.151330
0.143855
0.158865
0.156509
0.147396
0.150099
0.152486
0.161693
0.148490
0.150841
0.159661
0.158357
0.169651
0.165478
0.154583
0.156842
0.152026
0.148961
0.155515
0.151329
0.179491
0.145175
0.145573
0.153463
0.148421
0.149935
0.148037
0.146330
0.147028
0.150478
0.160814
0.176252
0.159715
0.153263
0.151926
0.147586
0.156961
0.148465
0.160352
0.156936
0.151127
0.147174
0.150315
0.154618
0.174465
0.159704
0.149342
0.168668
0.158724
0.150639
0.159788
0.159533
0.147853
0.154927
0.161641
0.164964
0.147581
0.152170
0.145701
0.160841
0.177406
0.151645
0.178280
0.146446
0.150084
0.146827
0.141204
0.163996
0.144793
0.163650
0.149613
0.155093
0.153389
0.148743
0.147982
0.184687
0.173139
0.163364
0.153115
0.156334
0.151603
0.151107
0.146127
0.151544
0.215826
0.152766
0.148752
0.158327
0.155540
0.147808
0.150234
0.147078
0.149147
0.155056
0.149572
0.154255
0.170418
0.165263
0.149166
0.169461
0.143194
0.144572
0.145368
0.149588
0.150325
0.150537
0.167229
0.148060
0.147021
0.155448
0.146058
0.153284
0.153081
0.156468
0.146744
0.166345
0.156155
0.151456
0.179159
0.148981
0.141363
0.161451
0.143053
0.144274
0.158720
0.172530
0.188220
0.148469
0.146644
0.155461
0.145448
0.147241
0.147130
0.148277
0.175591
0.164402
0.159289
0.148033
0.144911
0.136031
0.152158
0.138948
0.149894
0.159702
0.150979
0.157538
0.147456
0.156426
0.146922
0.149595
0.147159
0.157423
0.149167
0.188686
0.150437
0.145541
0.146166
0.153171
0.146840
0.140373
0.167507
0.147267
0.155379
0.144195
0.149214
0.140755
0.146783
0.144631
0.143472
0.153194
0.166585
0.174213
0.158842
0.157249
0.147014
0.152857
0.159019
0.156207
0.148446
0.145123
0.158766
0.150000
0.155232
0.142529
0.159993
0.150114
0.150645
0.146348
0.143541
0.154879
0.147173
0.155132
0.166962
0.156130
0.145001
0.148943
