0.00
537.43
532.24
550.34
546.73
553.02
553.45
550.93
541.34
529.68
542.83
539.09
503.99
504.27
516.70
533.84
548.49
541.31
532.75
540.43
529.52
538.10
548.89
545.85
540.84
534.09
450.08
446.94
480.44
507.02
503.71
504.90
473.52
441.28
493.26
461.74
462.49
478.08
479.97
449.60
482.80
449.75
438.27
406.74
425.50
433.33
432.25
432.99
406.14
390.12
398.45
387.58
407.13
390.14
419.64
401.20
438.61
421.74
434.74
423.70
414.82
424.57
417.61
440.65
427.59
424.71
410.48
421.49
442.58
442.88
429.21
441.90
426.77
468.77
487.75
494.47
509.36
511.82
530.53
518.15
511.90
522.10
501.30
502.96
514.77
467.04
410.65
477.01
477.08
465.54
470.59
463.59
464.42
472.62
445.80
465.81
481.79
479.72
469.79
426.00
416.24
423.39
414.24
405.87
380.48
419.15
292.92
375.96
290.67
343.39
404.83
248.27
321.49
325.74
308.17
340.15
339.88
378.61
364.75
396.13
277.50
323.02
392.74
338.57
320.32
263.71
305.24
383.14
377.12
370.30
402.20
360.79
396.44
404.06
312.93
372.90
285.56
390.04
293.80
390.90
324.40
395.07
309.98
388.80
331.68
415.36
251.91
324.09
355.39
299.14
341.75
246.52
370.25
222.43
248.95
365.62
239.66
278.66
186.01
241.17
318.19
277.55
242.77
244.76
344.89
217.97
181.53
286.86
201.91
239.62
280.98
261.57
250.61
281.10
270.02
256.08
266.66
244.13
239.72
218.67
188.04
243.96
261.87
251.37
280.62
298.18
278.40
239.23
297.71
278.57
262.73
267.07
284.13
249.38
267.84
258.35
228.93
253.09
252.13
257.72
237.46
233.97
230.47
237.44
321.23
241.36
327.91
276.91
339.01
366.53
280.26
319.54
372.28
348.46
292.33
288.71
345.55
306.16
292.69
267.27
287.40
262.31
308.45
276.97
312.13
343.03
329.29
356.38
347.53
390.70
379.79
401.60
390.19
370.73
314.67
333.40
317.14
341.43
350.43
343.97
381.56
363.16
367.35
367.21
344.68
329.06
401.40
372.05
362.48
359.17
352.24
390.43
334.46
392.13
338.53
333.69
307.00
347.42
322.49
409.31
357.03
325.28
327.46
344.13
342.45
337.24
389.30
380.65
378.65
342.10
347.90
294.09
346.76
327.49
291.62
298.25
353.17
253.55
274.81
328.84
268.15
284.07
259.94
282.91
260.87
189.72
175.47
76.36
188.44
182.34
183.69
201.37
169.36
278.54
121.72
117.22
106.77
117.07
125.28
173.61
69.59
295.75
295.92
144.38
207.12
204.78
185.39
341.07
248.62
179.67
157.31
134.48
162.04
137.05
168.03
210.10
163.21
147.22
288.11
187.75
158.11
148.01
173.76
205.28
