0.011311
0.161791
0.159786
0.176020
0.158387
0.158789
0.160710
0.153270
0.174010
0.146135
0.149259
0.143633
0.161738
0.156010
0.153731
0.143801
0.150319
0.155350
0.143321
0.163218
0.140100
0.166265
0.146201
0.144610
0.163205
0.145364
0.148845
0.151328
0.146089
0.145510
0.159686
0.146235
0.148623
0.147712
0.145275
0.148332
0.147492
0.163159
0.144775
0.151360
0.154746
0.144489
0.146433
0.146169
0.145745
0.150805
0.186324
0.140805
0.148320
0.169051
0.149804
0.164763
0.155242
0.152140
0.147250
0.144459
0.149039
0.153868
0.142324
0.149115
0.165554
0.166737
0.157537
0.143682
0.146930
0.143514
0.143065
0.161084
0.142245
0.169283
0.151522
0.164756
0.166984
0.148777
0.142568
0.149954
0.147277
0.150933
0.175310
0.151381
0.162394
0.147578
0.167017
0.165093
0.162616
0.164724
0.164735
0.169085
0.149208
0.147777
0.148551
0.163838
0.145856
0.147553
0.147655
0.163956
0.153049
0.147503
0.153012
0.144319
0.151609
0.145543
0.158752
0.144733
0.146249
0.149485
0.151202
0.153075
0.148221
0.148160
0.149209
0.149884
0.186841
0.147919
0.171102
0.157355
0.148221
0.148458
0.152521
0.153373
0.150647
0.153187
0.155476
0.156642
0.156067
0.156423
0.159688
0.180807
0.165938
0.170771
0.158474
0.158533
0.149955
0.150176
0.145978
0.164025
0.152559
0.153702
0.157838
0.170861
0.158707
0.155462
0.153302
0.144396
0.144267
0.151821
0.163749
0.179717
0.143349
0.148585
0.149371
0.154892
0.164892
0.151177
0.145750
0.149162
0.150682
0.150251
0.145821
0.152901
0.172355
0.206138
0.165502
0.146528
0.151906
0.146668
0.158013
0.159553
0.170273
0.156182
0.144500
0.143867
0.148281
0.150497
0.155419
0.154435
0.154208
0.148419
0.155791
0.173966
0.148711
0.164725
0.159426
0.178847
0.146913
0.149147
0.158592
0.153727
0.154535
0.144079
0.162152
0.158639
0.152502
0.171318
0.148494
0.145871
0.152684
0.143787
0.155762
0.158949
0.149621
0.145341
0.150676
0.151564
0.147936
0.149152
0.142133
0.146020
0.161803
0.157726
0.154936
0.148042
0.159913
0.151098
0.146318
0.149304
0.160369
0.154111
0.151926
0.157040
0.165926
0.152092
0.169979
0.199994
0.163766
0.144060
0.175939
0.162796
0.150232
0.143400
0.150074
0.151613
0.146415
0.145211
0.143321
0.156981
0.144894
0.163692
0.151375
0.144152
0.151320
0.161262
0.150715
0.145961
0.151266
0.162976
0.153405
0.145119
0.148959
0.155119
0.137703
0.149267
0.147342
0.169803
0.146934
0.158819
0.187664
0.160366
0.153078
0.153114
0.155263
0.152603
0.145028
0.160457
0.153309
0.150308
0.147698
0.146063
0.157185
0.150347
0.153447
0.174570
0.150450
0.153870
0.147109
0.167619
0.157622
0.156213
0.149535
0.145917
0.158831
0.162453
0.163151
0.148019
0.145673
0.164885
0.199103
0.156081
0.155142
0.142713
0.144460
0.157642
0.155963
0.154377
0.146538
0.144647
0.157767
0.154047
0.149735
0.150121
0.145710
0.149634
0.163765
0.148027
0.173621
0.167636
0.148060
0.147227
0.171294
0.154763
0.144338
0.162486
0.153867
0.151022
0.153351
0.154112
0.144624
0.144929
0.144447
0.150621
0.144068
0.142991
0.164319
0.153734
0.147582
0.157071
0.149100
0.145556
0.160284
