0.012518
0.154913
0.153852
0.159077
0.152736
0.157519
0.146298
0.151413
0.149278
0.154386
0.152988
0.150011
0.151499
0.152910
0.151805
0.154971
0.157058
0.221055
0.166187
0.174726
0.146559
0.159174
0.152700
0.151671
0.173728
0.144821
0.150737
0.145859
0.159379
0.179990
0.192245
0.199486
0.164000
0.167248
0.170353
0.169936
0.190420
0.167720
0.195178
0.185864
0.179264
0.167915
0.163414
0.181193
0.174057
0.177626
0.201695
0.169747
0.163737
0.176622
0.169785
0.171030
0.170189
0.192918
0.159293
0.168396
0.172582
0.165699
0.166542
0.182237
0.209172
0.189189
0.162770
0.190452
0.211172
0.206693
0.166646
0.184145
0.177868
0.186435
0.172724
0.165289
0.192178
0.186938
0.177945
0.217617
0.205703
0.212153
0.203736
0.193600
0.197271
0.201261
0.199983
0.193124
0.169703
0.182464
0.175159
0.200243
0.207989
0.176418
0.213875
0.183843
0.245509
0.195037
0.173786
0.184034
0.206311
0.219239
0.222785
0.197295
0.209439
0.212795
0.182311
0.176338
0.177125
0.186999
0.192335
0.215659
0.271808
0.200375
0.188391
0.184519
0.218934
0.228362
0.173759
0.204858
0.186844
0.186423
0.193968
0.211445
0.149363
0.147536
0.144897
0.144850
0.148958
0.154279
0.155302
0.146493
0.163070
0.148483
0.149971
0.159646
0.149370
0.165542
0.155038
0.153103
0.146339
0.163264
0.160583
0.159302
0.168457
0.162218
0.156839
0.154850
0.143822
0.163073
0.204468
0.187603
0.145708
0.156982
0.153096
0.159334
0.149189
0.148644
0.145542
0.219658
0.217340
0.190369
0.143055
0.160548
0.156307
0.158309
0.154194
0.151076
0.173132
0.159605
0.170062
