0.214658
0.222824
0.214028
0.253416
0.226111
0.245261
0.200423
0.250235
0.216525
0.235844
0.231742
0.209536
0.192103
0.187461
0.219476
0.218609
0.198449
0.182757
0.190169
0.186395
0.199659
0.230320
0.196714
0.204940
0.215346
0.179981
0.194153
0.191223
0.183699
0.216627
0.175169
0.220518
0.215843
0.196445
0.225028
0.189025
0.175919
0.178946
0.201076
0.170021
0.213418
0.244623
0.198423
0.191349
0.213554
0.252423
0.219639
0.170750
0.174174
0.165210
0.184236
0.220293
0.203139
0.195845
0.244247
0.224189
0.159575
0.241207
0.195343
0.202430
0.174855
0.187799
0.252215
0.172933
0.206622
0.187707
0.173493
0.179376
0.203529
0.185418
0.190623
0.173288
0.194912
0.209656
0.228277
0.197774
0.200373
0.201409
0.228800
0.177710
0.181603
0.198273
0.211064
0.198662
0.185073
0.169369
0.171466
0.203616
0.220675
0.185627
0.206399
0.206024
0.202599
0.160874
0.206970
0.175961
0.219232
0.221346
0.229073
0.216973
0.173083
0.166974
0.185582
0.178679
0.177541
0.174892
0.194433
0.205440
0.157200
0.176624
0.186653
0.200236
0.197305
0.204847
0.215267
0.187200
0.178761
0.181823
0.212330
0.197194
0.217695
0.205782
0.197672
0.167416
0.189114
0.198405
0.184080
0.184371
0.208283
0.216877
0.212481
0.184167
0.243679
0.189677
0.170869
0.209636
0.189032
0.164285
0.133662
0.113851
0.142675
0.162596
0.134843
0.122796
0.104481
0.109133
0.107166
0.135747
0.126695
0.115330
0.134492
0.158628
0.144810
0.128339
0.128890
0.126063
0.118667
0.116172
0.110542
0.124626
0.104356
0.106135
0.109543
0.113706
0.150801
0.142503
0.124420
0.135077
0.129025
0.118833
0.130851
0.153076
0.163220
0.129695
0.208177
0.237108
0.260929
0.204236
0.268102
0.279944
0.262507
0.265615
0.321172
0.284920
0.322888
0.369381
0.292314
0.341183
0.320925
0.242193
0.370966
0.284354
0.192792
0.228092
0.216947
0.154234
0.155347
0.143284
0.170894
0.157235
0.142842
0.128540
0.145133
0.234538
0.298677
0.294805
0.281311
0.339466
0.304886
0.407812
0.381629
0.393406
0.326257
0.348209
0.430285
0.393780
0.322820
0.284560
0.262562
0.320057
0.169281
0.195029
0.165954
0.197074
0.131255
0.118116
0.128324
0.108716
0.114106
0.120900
0.157040
0.176402
0.143483
0.129302
0.279006
0.291309
0.290484
0.346292
0.271180
0.512778
0.337008
0.221786
0.185812
0.208657
0.185738
0.176425
0.212816
0.187195
0.174139
0.180974
0.207362
0.195537
0.194953
0.168309
0.165945
0.297189
0.329270
0.353760
0.365272
0.306496
0.398272
0.264898
0.312481
0.325102
0.277051
0.277033
0.321683
0.281672
0.345493
0.299719
0.322694
0.345402
0.391761
0.275901
0.359054
0.364038
0.371026
0.423076
0.363355
0.376745
0.325114
0.203875
0.183831
0.205405
0.162998
0.222594
0.194782
0.188308
0.242841
0.218938
0.205861
0.230221
0.275459
0.336514
0.246174
0.261888
0.317858
0.368309
0.391924
0.333671
0.321525
0.324079
0.346162
0.335289
0.299493
0.245057
0.326715
0.301138
0.318111
