0.00
274.42
248.64
263.39
258.88
213.14
192.15
165.21
207.04
180.67
198.21
238.14
195.41
229.39
278.63
214.50
209.11
267.05
163.75
171.85
280.36
135.03
181.63
176.13
154.24
253.97
115.51
154.53
110.58
181.63
114.76
122.65
100.85
251.93
69.20
105.59
114.48
237.10
213.73
173.86
179.21
196.09
181.43
146.84
221.04
143.63
148.47
130.44
127.19
97.73
107.58
67.37
95.39
76.45
80.64
65.69
88.10
249.93
140.75
196.17
165.41
215.86
156.67
170.28
120.69
235.13
128.74
130.92
139.40
130.83
183.23
138.78
180.19
213.89
204.65
169.91
161.36
130.34
140.66
129.51
130.71
134.92
102.20
120.16
135.16
94.18
116.42
74.15
62.59
46.02
58.64
65.11
95.93
111.81
79.51
57.74
81.82
146.60
98.00
84.94
49.31
88.73
56.95
37.86
75.92
58.88
137.59
121.36
231.77
263.12
282.98
221.96
214.97
306.28
279.11
281.02
331.08
209.60
293.65
251.88
244.43
252.52
229.39
248.91
254.12
220.51
218.35
171.15
238.33
296.14
153.56
232.02
260.82
196.42
184.68
230.80
174.63
138.21
203.58
226.89
259.55
251.03
218.44
161.55
141.98
168.81
146.18
111.32
122.78
