0.00
0.74
0.72
0.76
0.74
0.71
0.75
0.75
0.67
0.67
0.64
0.52
0.47
0.58
0.62
0.56
0.68
0.63
0.72
0.72
0.69
0.75
0.77
0.75
0.74
0.76
0.78
0.74
0.73
0.76
0.74
0.70
0.75
0.74
0.74
0.72
0.74
0.63
0.65
0.68
0.59
0.70
0.68
0.66
0.71
0.70
0.67
0.71
0.73
0.64
0.55
0.51
0.45
0.50
0.58
0.54
0.62
0.58
0.62
0.69
0.66
0.57
0.67
0.67
0.60
0.69
0.61
0.66
0.69
0.68
0.54
0.65
0.67
0.72
0.73
0.71
0.62
0.55
0.53
0.60
0.48
0.49
0.61
0.59
0.54
0.59
0.59
0.63
0.65
0.68
0.74
0.68
0.62
0.65
0.66
0.60
0.59
0.59
0.58
0.63
0.72
0.69
0.73
0.68
0.70
0.70
0.64
0.64
0.64
0.63
0.56
0.48
0.59
0.68
0.68
0.70
0.67
0.71
0.71
0.66
0.76
0.71
0.68
0.69
0.70
0.69
0.69
0.71
0.71
0.76
0.72
0.74
0.75
0.71
0.68
0.71
0.68
0.62
0.67
0.62
0.67
0.66
0.69
0.72
0.73
0.61
0.66
0.68
0.71
0.70
0.72
0.70
0.68
0.68
0.66
0.62
0.63
0.71
0.68
0.70
0.68
0.67
0.73
0.70
0.71
0.70
0.68
0.65
0.58
0.66
0.66
0.60
0.56
0.53
0.56
0.51
0.49
0.45
0.45
0.51
0.51
0.51
0.45
0.46
0.48
0.54
0.38
0.48
0.49
0.41
0.40
0.53
0.39
0.52
0.47
0.50
0.46
0.47
0.46
0.39
0.29
0.44
0.41
0.41
0.40
0.45
0.45
0.50
0.44
0.41
0.49
0.51
0.44
0.50
0.42
0.48
0.42
0.48
0.47
0.50
0.52
0.54
0.61
0.63
0.63
0.59
0.63
0.59
0.55
0.51
0.42
0.59
0.53
0.52
0.41
0.38
0.36
0.35
0.33
0.34
0.22
0.25
0.30
0.28
0.25
0.17
0.35
0.26
0.19
0.19
0.23
0.16
0.15
0.22
0.22
0.19
0.19
0.20
0.18
0.14
0.13
0.69
0.70
0.71
0.74
0.73
0.64
0.68
0.73
0.72
0.64
0.73
0.70
0.76
0.74
0.76
0.74
0.71
0.70
0.71
0.72
0.68
0.70
0.74
0.73
0.71
0.75
0.70
0.70
0.66
0.70
0.70
0.72
0.69
0.67
0.70
0.70
0.71
0.70
0.74
0.66
0.72
0.68
0.67
0.66
0.70
0.67
0.68
0.70
