0.00
299.61
404.58
385.88
420.73
434.53
386.37
422.64
454.53
458.50
452.77
450.27
436.41
438.26
462.72
493.69
444.31
359.66
436.06
429.50
443.17
419.97
460.23
457.46
478.07
478.52
447.46
420.17
375.58
419.90
410.66
360.50
352.44
269.70
306.43
395.70
263.00
355.83
412.66
390.20
267.44
383.87
317.95
345.52
227.07
356.70
195.33
211.74
256.71
327.22
226.67
236.14
191.57
355.79
258.43
184.88
240.37
174.44
356.64
328.64
283.03
245.27
136.13
272.65
167.42
303.34
121.53
100.02
241.42
179.47
170.80
121.72
173.29
172.35
197.83
215.59
184.70
99.21
100.95
89.84
146.27
126.66
105.80
125.24
105.32
174.31
162.89
214.86
141.83
95.62
110.33
124.89
156.96
272.75
108.77
203.89
210.61
158.17
126.06
160.25
90.33
47.74
113.65
59.34
149.67
167.10
187.47
212.66
149.15
164.17
83.67
138.57
139.92
150.22
137.43
169.49
179.90
206.84
185.06
278.46
138.63
169.46
271.78
200.73
201.21
203.67
206.25
188.57
107.08
76.80
117.69
74.51
71.95
132.72
169.93
196.00
243.05
214.12
251.01
149.28
171.23
354.58
192.62
244.96
139.50
146.04
124.94
