0.00
511.14
503.43
398.63
278.89
475.16
378.93
390.35
294.31
293.51
250.23
343.99
225.36
246.00
194.09
313.85
263.69
284.39
254.84
295.95
260.92
198.47
241.38
162.92
281.06
178.28
149.62
182.73
265.08
252.28
154.31
152.85
137.50
194.60
190.56
105.51
129.04
140.12
193.41
177.02
152.13
204.56
200.17
164.50
147.54
208.63
184.18
164.93
230.78
258.35
307.25
363.64
263.05
177.59
249.12
178.43
292.59
169.13
288.60
289.38
307.41
353.26
332.80
362.99
368.92
308.57
249.60
263.72
330.14
243.43
282.13
325.46
397.90
423.45
406.72
457.50
431.75
435.56
410.45
437.82
412.62
405.66
418.50
356.96
376.36
176.48
384.57
234.27
272.18
274.62
276.51
229.94
242.61
382.98
375.59
279.90
261.06
331.86
224.52
235.60
259.98
303.53
274.36
180.33
185.17
226.98
290.70
281.02
339.42
330.26
345.24
236.29
282.63
156.55
225.67
268.69
280.88
279.11
249.91
226.05
303.30
276.77
232.57
167.36
198.90
137.87
185.29
220.35
217.63
213.85
211.52
231.16
154.09
132.54
109.30
139.32
157.76
149.18
168.97
128.60
127.74
122.41
116.30
142.96
231.22
247.60
264.20
209.85
286.86
251.43
359.88
364.90
356.51
377.93
330.79
379.74
296.72
329.98
353.35
373.68
383.48
386.07
389.31
405.20
397.35
378.03
437.72
332.63
357.26
431.85
415.44
362.98
397.95
381.82
360.23
347.85
349.54
367.70
319.50
367.46
352.31
321.14
294.11
328.44
333.77
357.10
356.09
291.43
379.88
318.96
370.82
358.85
367.89
384.09
340.62
399.90
383.65
250.02
315.79
300.91
297.05
318.37
241.13
279.62
287.41
294.25
315.12
297.46
290.47
332.77
204.23
361.86
332.23
386.72
394.34
308.32
325.72
292.78
333.58
313.12
345.31
345.82
371.44
384.30
357.70
360.51
398.11
386.62
404.92
341.24
411.89
355.13
405.54
407.78
385.96
439.88
405.46
435.54
368.22
305.20
352.42
322.57
358.23
343.98
396.57
344.48
395.06
365.81
392.50
335.09
347.53
362.12
350.66
370.36
369.92
389.85
362.89
314.27
289.59
221.83
339.94
285.55
374.10
307.79
353.28
310.57
337.90
388.16
327.55
335.18
324.72
372.83
411.72
336.73
363.94
386.09
403.23
387.90
357.63
405.43
329.67
424.56
321.36
373.02
393.45
368.10
402.35
358.53
372.93
356.14
374.50
328.22
380.93
356.66
418.32
303.97
431.84
404.48
363.83
274.52
345.67
434.11
419.40
429.85
355.73
391.95
396.64
313.60
301.31
370.31
348.45
347.96
381.16
391.92
440.32
330.52
404.27
309.04
346.05
329.86
330.13
393.96
339.58
325.40
364.18
342.30
350.77
364.57
322.18
316.81
396.60
316.46
328.07
332.53
358.61
380.23
377.99
373.80
357.33
402.13
346.98
380.09
368.65
321.86
327.67
335.16
344.56
300.60
338.05
304.71
325.29
319.84
315.73
289.83
298.09
281.18
255.22
256.95
223.40
289.46
240.70
276.46
196.24
300.29
248.64
276.05
265.33
306.45
299.98
227.94
292.43
214.89
218.41
185.60
231.56
219.30
237.99
255.74
239.32
222.81
211.46
174.24
164.89
132.20
244.10
204.60
272.51
335.12
302.89
281.74
283.07
287.93
258.47
259.18
271.29
266.15
243.30
307.89
193.26
291.97
256.78
234.93
234.09
181.56
199.88
211.00
227.52
193.65
214.34
159.16
186.98
216.25
188.16
146.77
167.19
130.03
162.07
144.35
104.10
140.49
119.54
121.42
87.63
75.41
66.60
99.84
103.33
