0.014504
0.156768
0.166212
0.144453
0.150553
0.152970
0.153442
0.202212
0.138453
0.150762
0.161265
0.161051
0.166249
0.143313
0.162831
0.154196
0.153078
0.157932
0.146022
0.151138
0.145727
0.152401
0.150387
0.147927
0.145041
0.160290
0.145585
0.168079
0.140531
0.145042
0.165063
0.165799
0.140865
0.177953
0.169486
0.138307
0.145893
0.184179
0.169280
0.158586
0.155586
0.214799
0.150163
0.143247
0.162061
0.150774
0.138692
0.150702
0.143529
0.189373
0.169157
0.149476
0.164408
0.166384
0.148078
0.137344
0.153006
0.166932
0.176740
0.152561
0.150124
0.140761
0.138054
0.142224
0.139928
0.143675
0.145775
0.145837
0.142897
0.144733
0.146019
0.149906
0.138019
0.149104
0.155723
0.161646
0.156342
0.140987
0.154616
0.168630
0.149707
0.140887
0.138679
0.143313
0.143902
0.146367
0.139829
0.142622
0.138889
0.139153
0.140192
0.139591
0.172127
0.164703
0.150617
0.149221
0.147029
0.145254
0.164037
0.153872
0.142908
0.142448
0.158552
0.158535
0.149199
0.139069
0.143498
0.178400
0.159373
0.141974
0.153172
0.153088
0.149877
0.149067
0.157912
0.143543
0.141993
0.163657
0.143963
0.170731
0.150707
0.136227
0.162152
0.154923
0.159126
0.209071
0.166210
0.138099
0.159945
0.140118
0.142734
0.147381
0.163857
0.153682
0.153576
0.157514
0.138484
0.140558
0.148234
0.150498
0.152762
0.145820
0.146636
0.143465
0.142637
0.143403
0.152863
0.156845
0.208224
0.142324
0.151245
0.142079
0.148980
0.142120
0.147489
0.148217
0.140793
0.151677
0.151424
0.154381
