0.00
311.83
286.73
247.31
286.00
284.16
380.25
445.16
474.63
491.41
495.96
380.81
353.60
329.53
349.84
323.89
313.27
294.99
249.89
252.97
336.56
240.99
253.03
270.26
241.79
385.25
223.85
357.94
357.92
311.44
328.48
390.72
363.81
364.71
362.97
315.74
228.22
216.92
212.90
197.89
207.56
135.79
134.58
141.58
174.19
146.87
215.20
209.24
179.59
210.48
240.52
261.83
291.66
346.68
274.45
277.73
277.81
294.75
198.63
291.00
281.64
231.27
249.96
244.25
263.80
317.50
249.81
260.57
313.77
306.86
409.68
386.10
416.67
384.64
430.36
384.51
383.51
442.24
441.33
435.70
374.89
326.50
365.57
469.27
481.70
479.50
470.96
479.74
448.00
440.22
438.33
432.51
434.79
420.41
429.16
413.57
407.78
373.69
326.46
258.91
188.05
153.98
222.52
132.03
193.32
164.14
150.02
193.35
170.68
160.74
165.37
136.07
134.45
139.62
183.81
133.41
114.83
147.53
119.49
122.47
117.62
160.63
176.19
165.46
220.59
235.04
216.62
214.53
206.63
197.81
135.71
125.96
148.66
174.61
136.96
224.95
181.03
203.93
218.83
189.28
276.42
160.38
132.28
187.91
207.94
229.60
230.96
232.23
277.51
338.65
339.05
362.16
312.76
399.66
440.57
358.11
457.37
191.71
383.56
348.32
