0.00
0.75
0.64
0.58
0.54
0.55
0.51
0.52
0.46
0.55
0.51
0.48
0.50
0.50
0.58
0.57
0.55
0.44
0.44
0.51
0.41
0.58
0.54
0.48
0.45
0.51
0.53
0.51
0.58
0.55
0.56
0.59
0.59
0.60
0.61
0.61
0.59
0.56
0.55
0.57
0.60
0.63
0.66
0.70
0.72
0.71
0.66
0.64
0.52
0.65
0.61
0.59
0.57
0.56
0.64
0.56
0.62
0.61
0.61
0.65
0.59
0.66
0.69
0.67
0.66
0.59
0.60
0.53
0.46
0.45
0.46
0.41
0.48
0.38
0.44
0.35
0.49
0.53
0.49
0.47
0.49
0.48
0.51
0.54
0.57
0.53
0.66
0.63
0.60
0.65
0.70
0.66
0.56
0.54
0.58
0.64
0.62
0.61
0.52
0.54
0.54
0.55
0.55
0.54
0.63
0.54
0.57
0.57
0.59
0.56
0.56
0.66
0.59
0.65
0.65
0.64
0.63
0.69
0.68
0.72
0.68
