0.239070
0.193045
0.189146
0.199615
0.169403
0.185679
0.203934
0.209220
0.194093
0.183351
0.188305
0.168434
0.163885
0.201808
0.138360
0.167120
0.173885
0.169577
0.174711
0.183890
0.203876
0.217431
0.204772
0.224920
0.171015
0.192351
0.172526
0.182120
0.160472
0.205114
0.212235
0.168732
0.171043
0.202407
0.173161
0.174656
0.172718
0.176589
0.171184
0.195522
0.170192
0.214530
0.153600
0.172405
0.157047
0.133193
0.177627
0.155741
0.179126
0.179620
0.176824
0.159277
0.174066
0.170466
0.174280
0.162804
0.198834
0.152152
0.192339
0.186739
0.203091
0.191772
0.181780
0.175039
0.182509
0.168911
0.178645
0.161814
0.159970
0.180373
0.181281
0.174940
0.167114
0.163487
0.174947
0.154074
0.187134
0.180951
0.186584
0.180797
0.198653
0.156722
0.190111
0.193106
0.214253
0.197277
0.192578
0.187370
0.181034
0.173906
0.205505
0.166823
0.186288
0.192210
0.181971
0.171324
0.156205
0.189590
0.165794
0.172265
0.163438
0.163707
0.177720
0.178666
0.177547
0.181450
0.177304
0.136994
0.132275
0.129716
0.131518
0.132523
0.137523
0.122382
0.134484
0.124357
0.125009
0.112998
0.122902
0.122869
0.104395
