0.00
566.48
565.11
553.90
560.94
494.93
540.12
529.30
526.36
507.77
508.58
425.11
446.29
463.95
441.58
410.75
418.29
260.27
410.49
420.18
376.91
417.62
400.23
210.52
423.47
373.96
435.66
425.10
439.73
190.66
417.04
443.45
456.90
463.37
448.97
336.53
461.68
420.50
413.82
382.85
288.04
401.51
380.17
394.33
386.59
352.16
233.50
382.20
336.81
339.84
322.78
345.62
189.55
335.92
324.95
268.61
293.14
288.32
218.56
277.86
267.54
278.13
305.43
287.76
288.51
297.93
226.26
145.49
191.81
269.49
176.66
247.47
221.29
249.55
251.73
233.02
225.94
197.47
207.57
214.10
198.83
187.09
224.72
255.05
246.37
214.82
251.91
238.24
173.17
196.79
185.48
195.04
139.48
144.27
135.84
146.36
193.07
169.92
218.07
250.08
183.28
205.53
197.61
197.41
145.14
214.39
210.52
185.30
163.36
144.12
219.48
194.69
188.53
276.07
247.45
200.90
235.97
238.81
152.31
239.83
194.19
171.31
254.41
250.76
200.88
180.73
180.92
141.35
173.44
233.77
200.73
224.92
221.77
217.10
233.10
249.69
237.00
295.71
204.79
300.43
301.55
318.35
306.84
320.10
258.84
225.16
162.97
220.94
262.84
199.33
176.45
191.46
189.08
202.50
231.63
199.46
251.35
254.00
284.04
278.26
273.22
280.94
180.00
193.34
139.06
150.69
117.77
142.03
133.28
182.58
153.81
177.73
196.09
171.41
184.48
161.33
183.31
229.28
249.21
239.03
139.96
119.51
115.13
105.18
80.65
149.12
83.81
100.59
168.29
188.48
227.83
246.65
147.30
154.48
143.87
92.53
158.16
131.64
127.18
153.49
163.27
138.24
126.96
146.49
204.11
105.72
125.10
93.77
110.85
191.44
195.46
112.25
137.67
160.35
128.27
65.04
103.40
86.97
86.41
91.81
72.69
61.47
97.11
60.45
64.32
89.28
120.49
131.87
103.46
163.86
125.92
82.21
101.44
114.31
99.01
104.36
115.86
180.09
172.02
276.90
222.18
201.02
175.93
180.72
185.71
166.43
177.07
149.01
157.71
140.88
171.82
150.24
204.66
137.10
157.80
125.42
126.12
150.44
196.27
132.52
117.91
138.78
142.60
113.90
116.88
84.32
119.26
79.35
118.77
129.79
201.17
100.80
163.67
127.75
140.80
83.26
131.02
99.36
120.78
141.01
133.15
180.63
168.11
162.68
141.45
179.72
165.23
218.23
271.79
148.38
167.14
205.81
237.63
128.32
144.64
117.32
108.43
135.03
148.39
133.42
128.38
122.51
110.32
65.69
47.44
159.03
223.79
227.46
171.41
169.25
160.90
114.60
152.58
134.80
169.50
89.61
86.48
144.34
178.37
108.47
108.48
168.74
182.65
216.71
252.99
177.04
149.37
213.49
196.58
207.30
266.23
274.16
312.43
236.93
261.74
242.65
281.12
402.70
199.93
293.45
169.76
175.05
335.98
223.01
224.98
213.46
295.37
337.97
412.98
414.10
231.04
257.14
235.78
202.46
404.61
255.54
269.00
314.32
319.37
269.60
240.69
233.07
226.01
232.76
