0.00
0.75
0.74
0.86
0.73
0.79
0.61
0.76
0.78
0.86
0.79
0.82
0.81
0.83
0.83
0.84
0.83
0.84
0.80
0.80
0.70
0.80
0.70
0.70
0.61
0.67
0.65
0.76
0.68
0.60
0.72
0.65
0.59
0.74
0.61
0.57
0.64
0.62
0.62
0.68
0.63
0.52
0.33
0.43
0.44
0.58
0.39
0.38
0.43
0.34
0.29
0.41
0.37
0.34
0.30
0.36
0.34
0.44
0.37
0.31
0.29
0.46
0.44
0.63
0.56
0.59
0.62
0.52
0.59
0.66
0.58
0.55
0.60
0.56
0.66
0.72
0.66
0.71
0.55
0.70
0.70
0.70
0.72
0.60
0.70
0.73
0.69
0.69
0.69
0.66
0.56
0.63
0.73
0.80
0.70
0.58
0.43
0.51
0.46
0.61
0.45
0.44
0.51
0.64
0.64
0.64
0.67
0.68
0.60
0.58
0.54
0.53
0.39
0.39
0.39
0.35
0.38
0.36
0.41
0.43
0.46
0.49
0.52
0.53
0.52
0.44
0.44
0.50
0.53
0.55
0.56
0.52
0.67
0.52
0.58
0.73
0.43
0.55
0.56
0.68
0.55
0.73
0.55
0.54
0.40
0.58
0.58
0.63
0.72
0.63
0.57
0.66
0.69
0.68
0.75
0.69
0.59
0.55
0.55
0.49
0.62
0.60
0.53
0.57
0.54
0.55
0.55
0.57
0.51
0.52
0.62
0.57
0.58
0.56
0.61
0.48
0.50
0.51
0.60
0.56
0.54
0.57
0.51
0.46
0.60
0.52
0.59
0.48
0.59
0.65
0.73
0.55
0.54
0.66
0.53
0.44
0.76
0.58
0.58
0.62
0.74
0.74
0.75
0.77
0.76
0.64
0.77
0.78
0.81
0.78
0.77
0.71
0.75
0.78
0.79
0.79
0.79
0.75
0.78
0.72
0.77
0.76
0.74
0.52
0.56
0.50
0.73
0.45
0.48
0.66
0.56
0.55
0.69
0.55
0.58
0.52
0.49
0.49
0.60
0.40
0.45
0.38
0.41
0.37
0.51
0.47
0.51
0.40
0.59
0.46
0.58
0.47
0.52
0.51
0.60
0.63
0.70
0.63
0.69
0.60
0.73
0.71
0.78
0.70
0.61
0.51
0.59
0.57
0.74
0.56
0.57
0.37
0.37
0.43
0.63
0.45
0.41
