0.00
468.73
434.13
556.40
429.43
504.49
304.82
477.52
506.60
557.18
517.62
536.19
538.16
546.27
545.29
550.93
545.78
548.00
518.82
537.51
425.81
537.49
443.77
428.44
335.69
391.84
360.04
505.93
394.41
298.17
473.61
365.55
298.08
468.71
317.22
289.06
438.67
339.56
303.62
354.99
318.38
228.44
107.97
156.58
169.48
228.59
131.36
146.79
163.63
97.26
74.01
108.73
111.51
97.34
108.73
120.01
87.84
152.25
108.66
86.78
100.35
138.98
158.89
298.70
234.12
270.05
332.94
207.67
277.81
349.13
266.54
237.33
303.98
285.57
377.83
461.53
369.54
451.71
284.47
415.34
406.64
443.98
412.96
291.33
427.56
452.36
428.75
436.11
412.97
418.04
311.05
361.52
468.42
516.08
391.80
254.09
167.70
181.98
136.40
250.53
109.83
128.72
211.49
316.91
306.85
329.84
361.83
370.64
271.07
291.80
268.72
282.73
162.33
195.87
185.08
117.77
129.05
140.87
142.10
150.15
184.11
196.30
198.32
222.43
195.60
131.87
140.87
159.39
192.86
223.17
220.25
196.97
390.60
208.53
277.72
462.18
151.67
253.56
307.59
399.30
255.04
478.79
223.94
223.83
130.00
294.32
266.41
327.26
466.57
332.16
279.74
418.06
447.93
431.75
489.71
447.65
350.03
273.74
265.30
232.42
348.57
308.99
262.16
260.58
257.96
277.00
267.64
324.11
286.09
225.05
323.05
262.79
270.61
241.16
289.67
172.38
199.80
181.42
285.61
234.66
190.03
250.72
204.66
169.50
299.21
224.62
286.04
214.28
284.75
341.91
419.66
247.05
236.21
372.30
221.80
151.31
454.83
272.48
272.63
329.75
452.57
479.49
482.12
482.93
472.90
353.02
477.83
493.74
517.59
496.79
491.28
444.43
485.79
501.88
516.15
504.70
508.85
494.53
501.98
451.63
485.08
484.33
466.61
243.18
254.78
188.09
462.10
150.13
178.52
367.22
239.03
243.48
417.08
231.60
239.61
234.47
175.49
149.56
260.52
112.99
139.34
119.69
97.01
87.19
184.23
171.93
187.64
163.16
291.99
198.13
258.73
188.91
277.90
326.67
387.40
400.44
466.35
390.44
459.76
386.68
482.41
448.65
502.93
448.45
355.73
337.68
380.00
350.04
479.62
346.16
342.16
354.91
164.01
213.76
354.92
206.98
190.29
