0.038076
0.164643
0.156984
0.166026
0.146117
0.158642
0.158669
0.182452
0.158243
0.154423
0.144949
0.159151
0.158746
0.182094
0.167691
0.148471
0.141999
0.143489
0.146259
0.156204
0.158956
0.141656
0.152895
0.146014
0.145434
0.152038
0.151148
0.147694
0.148724
0.146104
0.148749
0.150901
0.159046
0.148014
0.175539
0.141654
0.146078
0.156399
0.191888
0.183368
0.157385
0.152090
0.149300
0.155959
0.149105
0.156121
0.158767
0.150274
0.168443
0.158834
0.153423
0.154438
0.153577
0.166456
0.157622
0.138977
0.160379
0.162518
0.141767
0.147761
0.162974
0.146901
0.142430
0.153261
0.161892
0.162266
0.147598
0.161490
0.154056
0.146731
0.153878
0.149384
0.149915
0.148432
0.152340
0.148720
0.151845
0.148979
0.153099
0.150470
0.178193
0.158949
0.165701
0.170518
0.174048
0.162053
0.179668
0.198720
0.156946
0.169331
0.157546
0.148779
0.150666
0.148621
0.188438
0.166564
0.150927
0.149023
0.149614
0.145375
0.164513
0.149292
0.161189
0.149637
0.193163
0.177578
0.196899
0.206040
0.161339
0.160079
0.189363
0.152522
0.174010
0.148175
0.154672
0.151283
0.160863
0.141690
0.154655
0.153702
0.169377
0.154176
0.161812
0.177679
0.184122
0.149245
0.181200
0.156744
0.149793
0.140621
0.151436
0.152993
0.149877
0.143281
0.148790
0.150440
0.151937
0.147752
0.160289
0.149684
0.164836
0.178891
0.145087
0.152114
0.163422
0.153216
0.154997
0.145862
0.160519
0.172698
0.166700
0.157393
0.168694
0.167969
0.151299
0.147566
0.149889
0.149833
0.157603
0.146421
0.145554
0.148756
0.150395
0.150672
0.152321
0.189216
0.207044
0.156174
0.160800
0.167218
0.151253
0.153548
0.150226
0.166503
0.170673
0.154982
0.153734
0.164284
0.143762
0.162394
0.155964
0.164792
0.149146
0.149226
0.147798
0.152286
0.150259
0.150843
0.150164
0.151406
0.172321
0.158715
0.157820
0.150234
0.164017
0.161586
0.149508
0.156625
0.156533
0.154356
0.156317
0.154424
0.155871
0.156612
0.157468
0.151464
0.155134
0.171885
0.153140
0.153185
0.167255
0.165039
0.200720
0.171371
0.211887
0.157047
0.165903
0.161985
0.153296
0.201907
0.178293
0.159268
0.157703
0.176388
0.192806
0.142627
0.166183
0.168021
0.177866
0.169434
0.180432
0.145991
0.173841
0.168983
0.192978
0.188069
0.157546
0.164241
0.189547
0.159979
0.181128
0.153310
0.155930
0.147833
0.154985
0.151628
0.142357
0.151170
0.173226
0.148590
0.156194
0.168101
0.145447
0.152777
0.143759
0.157649
0.160645
0.157700
0.171106
0.162495
0.158542
0.152803
0.178342
0.159785
0.158057
0.161197
0.189817
0.184333
0.216534
0.178560
0.154650
0.162704
0.146415
0.158796
0.145721
0.156923
0.154590
