0.00
433.53
470.02
502.33
360.65
493.25
246.07
490.79
469.12
243.05
369.52
265.89
125.06
258.74
265.43
205.06
187.25
156.41
267.78
290.09
450.18
444.33
382.65
391.31
310.27
450.63
148.74
395.18
257.42
401.75
206.12
399.61
234.49
247.10
214.24
183.38
234.69
330.49
354.61
177.16
308.89
378.48
358.24
409.77
281.52
416.15
292.21
197.91
272.62
349.74
187.17
233.12
215.42
232.04
266.40
244.03
308.76
210.38
277.51
336.41
286.25
356.82
347.31
412.48
400.76
423.49
420.86
446.25
438.07
335.38
264.80
360.43
322.76
272.01
