0.173194
0.178936
0.153868
0.178306
0.197920
0.176271
0.178779
0.156833
0.197883
0.189398
0.190792
0.220045
0.198909
0.252719
0.150123
0.221198
0.208475
0.210048
0.186676
0.208833
0.183024
0.155644
0.177574
0.195403
0.190402
0.194551
0.226733
0.175258
0.191751
0.176189
0.188370
0.198132
0.189611
0.219608
0.170867
0.192263
0.177735
0.166667
0.197955
0.201334
0.166080
0.166779
0.173469
0.164403
0.223892
0.212100
0.166819
0.186197
0.187484
0.194160
0.182546
0.177744
0.153581
0.183165
0.196411
0.175656
0.180584
0.209544
0.199635
0.180167
0.205320
0.189474
0.206917
0.193459
0.159139
0.193534
0.171706
0.190028
0.195138
0.192524
0.199084
0.170856
0.139844
0.186980
0.160723
0.181604
0.178152
0.183292
0.189972
0.170525
0.194286
0.175006
0.162560
0.181609
0.195475
0.171091
0.181209
0.197187
0.149005
0.162054
0.168648
0.157118
0.156513
0.166531
0.216823
0.203979
0.181174
0.196122
0.180205
0.165245
0.201462
0.179428
0.186209
0.179719
0.183539
0.166142
0.183336
0.191755
0.175479
0.175291
0.171386
0.159784
0.171229
0.219450
0.170059
0.182508
0.217539
0.225602
0.199691
0.195358
0.190047
0.187159
0.204669
0.197985
0.141104
0.163426
0.200711
0.172837
0.178974
0.149957
0.177098
0.180283
0.172683
0.202879
0.204360
0.181180
0.194961
0.188763
0.211638
0.191147
0.188584
0.219475
0.178827
0.172145
0.188304
0.172611
0.204545
0.233342
0.179520
0.175832
0.195563
0.172588
0.152786
0.206378
0.162231
0.199007
0.175854
0.160539
0.154634
0.177907
0.204364
0.171832
0.194097
0.198369
0.174729
0.182655
0.191928
0.188134
0.156230
0.174218
0.158108
0.182683
0.229668
0.155846
0.187179
0.187657
0.176630
0.190658
0.167409
0.169239
0.193733
0.179760
0.188917
0.196271
0.197034
0.213959
0.223579
0.185934
0.189507
0.228426
0.199125
0.156133
0.195840
0.162572
0.183041
0.191490
0.179400
0.199795
0.203967
0.176341
0.164597
0.187335
0.156705
0.192179
0.197419
0.174562
0.181901
0.167980
0.169630
0.172781
0.163758
0.175075
0.173373
0.185097
0.186099
0.173169
0.177944
