0.00
0.60
0.77
0.67
0.57
0.67
0.78
0.79
0.80
0.80
0.80
0.79
0.84
0.61
0.55
0.75
0.69
0.72
0.75
0.68
0.72
0.78
0.72
0.82
0.83
0.81
0.74
0.79
0.81
0.84
0.79
0.84
0.81
0.76
0.80
0.69
0.68
0.68
0.71
0.74
0.76
0.74
0.72
0.70
0.70
0.65
0.70
0.68
0.65
0.66
0.58
0.54
0.50
0.69
0.64
0.59
0.63
0.62
0.68
0.71
0.62
0.64
0.61
0.71
0.66
0.63
0.65
0.66
0.61
0.59
0.66
0.73
0.63
0.64
0.66
0.65
0.66
0.64
0.65
0.66
0.58
0.66
0.62
0.61
0.52
0.55
0.61
0.47
0.50
0.55
0.59
0.51
0.60
0.50
0.54
0.59
0.50
0.65
0.55
0.65
0.66
0.59
0.57
0.58
0.59
0.64
0.48
0.60
0.60
0.63
0.59
0.58
0.52
0.57
0.59
0.62
0.57
0.66
0.54
0.54
0.57
0.56
0.61
0.58
0.57
0.52
0.39
0.54
0.48
0.55
0.44
0.60
0.59
0.64
0.62
0.56
0.61
0.57
0.56
0.54
0.57
0.55
0.50
0.53
0.57
0.63
0.57
0.56
0.60
0.58
0.50
0.61
0.52
0.41
0.59
0.59
0.51
0.48
0.58
0.53
0.47
0.58
0.50
0.58
0.54
0.62
0.59
0.56
0.46
0.58
0.50
0.55
0.52
0.57
0.52
0.48
0.59
0.47
0.55
0.44
0.50
0.54
0.48
0.48
0.39
0.44
0.40
0.44
0.40
0.39
0.42
0.36
0.36
0.34
0.33
0.29
0.26
0.26
0.28
0.32
0.31
0.43
0.38
0.36
0.35
0.34
0.34
0.43
0.39
0.47
0.41
0.34
0.34
0.32
0.35
0.24
0.22
