0.00
351.65
521.04
439.65
336.88
463.08
559.78
562.91
562.17
562.56
563.48
541.43
550.07
339.71
280.82
481.33
414.56
449.09
474.70
394.52
439.00
499.70
441.50
541.44
542.50
535.45
489.40
533.73
543.54
564.50
534.63
562.69
552.01
526.28
550.14
465.93
457.50
447.53
523.28
541.96
550.93
544.84
518.69
517.18
499.02
478.93
510.35
497.83
480.25
482.25
405.15
355.53
309.26
488.93
445.19
365.34
360.24
353.35
415.71
451.66
350.45
358.51
329.49
461.94
399.30
354.47
388.34
405.61
359.78
345.68
416.57
494.00
359.95
381.48
396.43
372.92
400.40
363.73
393.27
421.99
320.51
394.83
360.34
345.78
255.11
290.84
358.06
265.66
275.96
351.71
338.31
322.14
333.38
268.92
300.94
366.71
261.75
418.43
285.84
425.03
406.50
355.41
354.44
360.71
366.68
427.28
287.06
344.76
350.48
380.14
348.42
315.03
296.52
311.45
355.12
367.45
313.27
421.05
328.69
284.49
337.16
315.58
351.03
327.15
324.34
253.09
201.09
278.61
275.51
301.54
259.39
321.02
337.49
356.41
344.25
253.63
319.76
257.72
253.92
245.19
273.23
267.67
255.58
265.53
290.52
373.88
305.93
286.15
319.91
328.31
270.67
332.42
298.50
229.41
344.29
318.92
274.16
227.91
285.67
257.81
214.46
319.06
247.68
305.69
255.69
332.39
342.14
295.32
146.68
319.05
270.89
266.71
240.16
284.38
279.85
257.12
331.38
223.03
267.88
201.67
207.87
216.75
234.33
193.32
163.19
194.99
157.24
172.95
154.86
174.38
217.49
113.70
165.08
189.07
158.24
147.83
110.16
177.19
131.62
150.11
177.92
187.95
109.76
108.22
101.78
74.41
126.35
155.84
127.50
176.73
150.80
92.91
123.14
126.59
185.63
91.05
92.50
