0.00
527.88
504.77
502.68
523.77
465.71
443.54
428.37
475.74
490.74
513.42
500.61
452.53
513.44
459.14
505.64
502.67
481.08
481.63
451.10
529.35
485.09
460.56
517.79
496.80
462.22
519.99
490.57
517.51
528.85
485.54
489.78
515.53
466.32
502.15
489.06
440.25
483.67
424.74
508.97
387.86
327.14
283.91
463.18
497.39
362.24
281.34
270.49
262.75
332.48
445.33
370.37
232.89
290.47
434.41
445.82
361.99
450.71
414.13
419.53
386.28
428.10
387.01
390.97
359.39
319.56
273.30
281.72
270.96
295.40
392.60
416.27
433.39
412.98
445.48
475.05
443.51
314.94
278.59
306.50
313.38
300.52
383.99
444.30
