0.116906
0.121385
0.122536
0.191451
0.202560
0.202685
0.123191
0.128476
0.118195
0.124996
0.117296
0.120713
0.193965
0.135916
0.186397
0.186808
0.179289
0.313352
0.407892
0.404590
0.282685
0.388452
0.361921
0.314747
0.305711
0.333533
0.250409
0.320137
0.331347
0.248209
0.325670
0.215517
0.180736
0.231244
0.135250
0.117665
0.126164
0.148853
0.140670
0.124465
0.124046
0.129928
0.132124
0.138308
0.148400
0.134293
0.131806
0.149289
0.118527
0.205034
0.159341
0.210975
0.190817
0.122323
0.141636
0.126028
0.159353
0.193250
0.127227
0.123715
0.154670
0.226204
0.234092
0.372713
0.296537
0.231264
0.379746
0.348738
0.246888
0.265075
0.236735
0.353722
0.273544
0.269655
0.326974
0.214945
0.338037
0.306357
0.339165
0.330354
0.173698
0.293921
0.260413
0.290032
