687	274	41	24
687	273	40	24
688	274	44	24
691	274	42	24
694	274	41	25
696	275	42	24
699	276	41	24
702	278	41	23
702	277	42	25
704	277	44	25
704	278	45	24
706	278	44	25
710	279	43	25
712	280	44	25
716	280	42	25
717	280	42	25
719	281	45	25
719	281	45	26
721	281	45	26
724	282	44	26
727	285	45	25
730	285	44	25
731	286	45	25
732	287	43	26
733	287	43	26
734	287	44	26
736	288	44	26
736	289	47	26
737	289	46	27
739	289	44	27
740	291	45	27
742	292	44	27
740	293	46	27
741	293	45	28
742	293	45	27
743	295	45	27
743	295	44	28
745	295	44	28
745	296	43	28
746	297	42	28
747	298	42	28
748	300	41	28
748	300	41	28
747	301	40	27
746	301	41	28
745	302	41	28
746	302	39	28
744	302	39	28
743	304	39	28
741	303	36	29
742	302	33	29
740	304	34	29
736	305	34	29
734	304	33	30
730	305	33	29
728	305	33	30
720	306	37	30
718	308	35	28
709	308	41	30
705	310	40	29
702	310	37	29
701	311	35	29
695	311	35	29
687	311	38	29
684	312	35	30
679	312	37	29
675	312	37	31
670	313	36	30
664	315	36	30
657	315	39	31
653	317	36	29
649	318	36	29
640	319	37	30
637	318	36	30
633	320	36	31
628	321	35	31
623	322	36	30
618	322	37	32
612	323	38	32
608	324	39	31
607	325	36	31
606	326	35	32
601	327	38	32
595	327	39	31
594	328	37	32
591	328	37	32
588	330	36	32
583	332	39	32
581	332	39	32
577	333	39	32
575	334	38	31
573	334	40	32
569	334	41	33
568	335	40	33
566	336	41	34
566	335	40	34
561	336	45	35
560	336	44	35
562	338	44	35
559	339	45	34
559	341	46	34
559	342	46	34
558	342	49	34
559	343	49	35
558	343	52	36
562	345	52	36
562	346	55	36
565	348	54	36
567	348	55	36
572	348	54	37
575	350	57	37
578	351	61	37
583	351	59	37
588	352	60	38
592	353	67	39
601	354	63	39
606	356	66	39
609	357	75	39
616	357	71	40
625	359	70	40
632	361	70	40
638	363	70	40
644	363	71	39
651	366	69	39
661	366	70	42
666	368	70	42
672	369	71	43
679	371	70	43
690	373	71	43
695	374	72	43
703	376	70	44
708	378	73	44
715	378	71	44
725	381	72	44
731	382	71	45
736	384	72	45
743	385	71	47
747	388	73	46
756	390	72	46
761	392	71	46
767	392	71	48
771	394	73	48
779	396	71	49
784	398	71	48
788	400	71	49
793	401	70	50
797	402	70	50
802	405	70	49
807	406	70	50
812	407	69	52
814	409	69	51
815	411	71	50
820	415	69	51
821	416	69	51
823	416	67	52
822	417	69	52
821	420	68	52
821	422	66	53
821	422	66	54
819	424	67	54
815	424	68	55
812	427	66	53
811	429	65	54
809	430	65	55
809	431	64	56
806	433	65	55
803	435	63	56
800	436	62	57
798	438	61	56
793	439	63	57
786	442	62	57
785	445	60	56
780	446	61	56
775	447	61	57
771	447	61	58
763	449	60	60
756	449	61	58
750	451	60	59
743	451	61	61
736	451	62	64
722	455	65	62
716	458	69	61
708	461	65	60
699	462	69	61
686	463	72	62
676	467	67	61
666	469	69	60
656	469	70	61
651	472	68	61
642	476	62	60
631	478	66	61
621	479	68	62
617	480	65	62
606	484	69	62
598	487	66	64
588	489	70	64
588	493	64	61
578	495	68	63
571	497	68	64
566	500	67	63
559	503	68	65
553	505	69	66
547	508	69	64
537	510	73	65
535	508	71	66
530	506	72	69
523	502	75	69
519	496	78	70
514	486	76	69
508	479	81	70
507	471	80	71
503	462	82	71
501	449	84	72
477	440	108	73
488	432	96	75
490	425	92	76
493	417	92	75
477	405	106	77
488	396	98	80
493	390	96	80
483	382	106	82
479	376	114	84
487	368	108	83
488	364	110	85
492	359	109	87
495	356	110	87
495	352	116	89
492	353	125	91
499	353	122	93
509	356	116	94
514	359	119	94
512	367	130	94
524	370	126	98
536	374	124	99
538	377	132	102
539	381	141	104
537	384	155	113
540	390	163	109
581	399	136	107
577	401	153	111
617	412	135	114
624	416	139	113
628	420	148	119
651	426	141	120
668	431	139	123
688	440	147	130
705	448	153	128
669	447	196	139
735	463	149	134
693	460	206	148
714	472	215	158
734	478	215	178
744	485	221	158
763	496	221	160
771	504	243	171
811	517	217	168
877	522	170	182
823	520	234	193
824	536	260	180
833	542	277	177
842	546	284	173
851	550	291	169
869	556	293	163
882	565	311	154
900	575	329	144
911	586	345	133
925	593	352	126
943	605	336	114
958	612	321	107
968	615	311	104
984	617	295	102
999	621	280	98
1016	624	263	95
1047	620	232	99
1054	625	225	94
1072	629	207	90
1082	630	191	89
1097	630	177	89
1112	633	167	86
1108	633	171	86
1120	631	159	88
1122	629	155	89
1128	626	149	93
1121	622	158	97
1124	614	155	105
1124	614	155	105
1111	606	168	113
1103	605	176	113
1106	598	173	121
1126	442	66	52
1125	455	49	23
1117	463	48	20
1100	473	29	18
1088	479	28	18
1074	486	40	20
1059	495	42	18
1035	502	45	24
1020	511	47	23
1003	517	55	25
999	528	36	25
981	541	31	19
950	549	34	24
926	558	34	19
903	566	36	20
870	568	43	26
846	567	52	37
801	580	49	33
777	589	47	32
750	597	48	34
721	605	48	33
683	615	45	37
656	627	45	36
630	637	41	33
606	645	37	35
577	654	38	35
541	670	42	35
513	678	36	35
489	687	39	30
463	702	31	16
440	710	21	10
433	698	33	19
410	644	17	15
399	639	19	14
382	623	10	10
365	630	13	10
346	637	26	13
379	622	16	12
361	638	10	11
343	647	10	10
338	649	23	13
332	650	41	24
385	632	16	10
367	646	12	10
350	658	14	11
327	680	10	10
311	696	10	10
292	692	35	20
258	692	86	27
232	670	149	49
428	659	50	34
435	680	21	22
416	702	27	16
451	702	15	12
470	690	10	10
475	674	15	18
502	679	15	10
495	695	10	10
480	708	20	11
497	687	18	19
497	701	19	16
490	679	26	15
493	674	29	33
507	656	32	39
503	679	24	34
503	687	24	32
503	707	26	12
507	703	43	16
548	675	19	21
545	697	18	22
524	700	65	19
543	620	17	22
543	613	18	16
550	606	17	25
555	604	22	34
581	588	18	22
580	606	13	19
600	603	23	16
602	621	22	13
599	640	24	16
594	666	24	15
592	689	22	18
629	697	23	17
623	670	15	19
621	694	16	17
640	693	14	13
664	680	10	10
661	682	23	12
659	677	44	26
619	646	13	23
613	677	10	17
598	682	29	18
