0.00
0.84
0.66
0.76
0.74
0.63
0.70
0.67
0.79
0.73
0.79
0.78
0.55
0.69
0.72
0.82
0.55
0.82
0.71
0.78
0.65
0.67
0.79
0.84
0.82
0.86
0.78
0.80
0.82
0.81
0.77
0.79
0.70
0.77
0.77
0.79
0.80
0.80
0.78
0.79
0.80
0.78
0.79
0.81
0.70
0.78
0.79
0.71
0.69
0.57
0.75
0.66
0.56
0.71
0.59
0.65
0.64
0.58
0.58
0.51
0.55
0.59
0.65
0.68
0.55
0.54
0.56
0.63
0.67
0.63
0.66
0.57
0.65
0.55
0.60
0.65
0.62
0.66
0.56
0.55
0.63
0.69
0.59
0.64
0.58
0.60
0.59
0.51
0.70
0.52
0.61
0.71
0.63
0.61
0.71
0.71
0.62
0.69
0.71
0.72
0.76
0.77
0.75
0.76
0.72
0.57
0.73
0.74
0.72
0.66
0.58
0.60
0.62
0.62
0.65
0.68
0.57
0.60
0.62
0.68
0.64
0.55
0.52
0.55
0.74
0.66
0.65
0.66
0.73
0.52
0.64
0.54
0.57
0.72
0.66
0.65
0.59
0.72
0.64
0.68
0.62
0.66
0.54
0.71
0.77
0.69
0.76
0.60
0.72
0.68
0.77
0.78
0.65
0.74
0.75
0.77
0.73
0.76
0.76
0.74
0.75
0.69
0.71
0.70
0.72
0.71
0.64
0.67
0.73
0.58
0.59
0.67
0.63
0.63
0.60
0.63
0.49
0.45
0.50
0.50
0.59
0.59
0.54
0.58
0.58
0.66
0.62
0.59
0.52
0.64
0.59
0.57
0.55
0.55
0.57
0.55
0.64
0.53
0.55
0.56
0.52
0.55
0.59
0.50
0.59
0.61
0.54
0.57
0.52
0.49
0.51
0.49
0.58
0.47
0.51
0.59
0.50
0.55
0.54
0.59
0.53
0.60
0.57
0.61
0.60
0.62
0.61
0.59
0.66
0.61
0.62
0.57
0.54
0.54
0.59
0.60
0.58
0.60
0.52
0.52
0.51
0.59
0.49
0.50
0.48
0.46
0.49
0.50
0.45
0.47
0.45
0.51
0.61
0.61
0.64
0.50
0.53
0.53
0.68
0.62
0.69
0.69
0.70
0.62
0.51
0.60
0.60
0.56
0.53
0.33
0.35
0.23
0.35
0.36
0.39
0.42
0.43
0.39
0.50
0.40
0.49
0.61
0.45
0.33
0.30
0.61
0.35
0.38
0.42
0.28
0.52
0.48
0.37
0.37
0.36
0.34
0.29
0.42
0.39
0.36
0.38
0.20
0.36
0.30
0.18
0.19
0.22
0.31
0.32
0.36
0.22
0.35
0.49
0.42
0.46
0.38
0.51
0.60
0.51
0.22
0.09
0.04
0.25
0.18
0.12
0.06
0.06
0.09
0.13
0.04
0.04
0.22
0.11
0.14
0.02
0.07
0.03
0.04
0.05
0.05
0.23
0.28
0.16
0.18
0.12
0.13
0.23
0.05
0.07
0.15
0.16
0.26
0.26
0.34
0.49
0.16
0.10
0.20
0.24
0.07
0.05
0.21
0.19
0.15
0.22
0.24
0.10
0.26
0.20
0.20
0.17
0.04
0.24
0.17
0.18
0.11
0.04
0.06
0.11
0.13
0.04
