0.013586
0.147145
0.146219
0.156214
0.163036
0.155279
0.134798
0.141809
0.143539
0.149824
0.151623
0.145684
0.153100
0.145414
0.143835
0.181762
0.151427
0.142375
0.145310
0.137961
0.138828
0.151434
0.145598
0.134462
0.186301
0.179335
0.135946
0.147606
0.140911
0.139705
0.142339
0.144764
0.143675
0.152935
0.144890
0.145532
0.149552
0.147243
0.156168
0.144918
0.139813
0.151782
0.132546
0.175856
0.172721
0.153086
0.136713
0.144616
0.139689
0.142765
0.142832
0.171490
0.183180
0.159055
0.136326
0.137142
0.140963
0.164491
0.151618
0.175488
0.203819
0.184788
0.181579
0.179306
0.168197
0.156840
0.169299
0.162070
0.174126
0.193512
0.152627
0.176442
0.161267
0.158064
0.154997
0.148999
0.145157
0.162572
0.156028
0.151862
0.150885
0.152565
0.161152
0.158687
0.144006
0.140090
0.145622
0.146966
0.144727
0.174671
0.190813
0.191942
0.191369
0.149614
0.153572
0.148779
0.157380
0.175284
0.155556
0.149341
0.146701
0.146794
0.154635
0.146477
0.152479
0.154406
0.176706
0.148184
0.163590
0.152490
0.147941
0.150964
0.150180
0.146000
0.189624
0.147535
0.152775
0.168113
0.149206
0.138823
0.145382
0.139324
0.136009
0.137135
0.137735
0.199335
0.160243
0.166289
0.176683
0.167011
0.161182
0.151764
0.154499
0.168636
0.165972
0.187894
0.150708
0.143097
0.137898
0.145955
0.169554
0.185957
0.151210
0.160014
0.138841
0.138181
0.147205
0.149458
0.154204
0.137871
0.138285
0.139179
0.139639
0.140668
0.155718
0.136577
0.143335
0.138547
0.136661
0.169937
0.150950
0.160815
0.184952
0.207830
0.153888
0.146284
0.147469
0.148656
0.147868
0.152191
0.197955
0.169999
0.156266
0.149475
0.150377
0.169796
0.152647
0.149134
0.155476
0.151674
0.153689
0.154409
0.167666
0.150563
0.155699
0.230224
0.160524
0.160387
0.176549
0.144895
0.182520
0.151758
0.153772
0.150512
0.190284
0.185683
0.143668
0.149620
0.146562
0.153729
0.158337
0.149215
0.161345
0.160883
0.140660
0.152933
0.147607
0.147171
0.197855
0.180922
0.152570
0.146949
0.158177
0.157926
0.153862
0.145353
0.144306
0.147981
0.145256
0.156118
0.156710
0.157402
0.142498
0.138865
0.140782
0.142848
0.170307
0.144019
0.198914
0.150529
0.159438
0.149065
0.143213
0.142241
0.158314
0.140085
0.140912
0.149758
0.153003
0.179524
0.148052
0.146990
0.148540
0.153723
0.153414
0.194516
0.149180
0.157371
0.164037
0.164504
0.157287
0.154513
0.159457
0.172725
0.164323
0.170054
0.159370
0.148756
0.161507
0.147690
0.148808
0.160787
0.170588
0.173282
0.152031
0.150229
0.146410
0.149806
0.178620
0.195282
0.186059
0.152359
0.157412
0.153276
0.156701
0.203113
0.199847
0.172824
0.165842
0.170244
0.161774
0.159141
0.165390
0.153416
0.173914
0.180215
0.186321
0.159888
0.202067
0.153500
0.161619
0.170202
0.180374
0.161779
0.171605
0.149227
0.155440
0.163953
0.163969
0.177882
0.174607
0.176741
0.157634
0.160002
0.170753
0.180849
0.173632
0.184606
0.159246
0.169429
0.167195
0.196057
0.162746
0.203371
0.162986
0.180812
0.181793
0.184577
0.162088
