0.00
572.01
572.54
570.60
571.98
571.72
570.64
571.24
560.13
559.69
563.92
557.59
554.04
558.27
547.83
557.71
550.65
549.72
549.93
532.20
538.37
543.79
552.72
553.80
548.10
549.38
542.57
529.60
545.53
541.00
540.79
535.10
544.42
545.23
545.82
515.37
541.43
538.89
528.35
531.07
541.36
535.36
534.91
541.37
536.16
540.86
539.41
536.34
537.75
517.50
516.24
529.99
535.96
526.87
534.46
541.05
519.47
532.38
519.81
515.88
526.33
519.35
526.44
542.22
535.29
532.30
538.40
541.25
539.62
532.32
523.71
535.96
523.65
533.39
536.26
544.64
543.82
531.07
522.96
539.74
535.49
538.81
536.52
536.25
538.55
545.94
531.67
537.76
527.34
533.79
538.34
536.46
539.69
530.82
546.25
536.49
538.08
538.47
535.83
535.57
527.99
495.15
522.81
458.52
447.52
520.98
474.24
433.75
463.78
504.81
461.09
382.68
477.19
422.91
420.59
404.93
376.95
373.01
389.13
394.93
330.79
359.27
317.74
435.61
462.36
371.80
333.30
385.81
315.02
393.11
374.81
263.63
416.17
387.70
339.59
396.03
320.33
259.44
420.30
401.84
394.04
285.82
289.86
369.35
180.01
204.44
366.99
511.52
360.11
306.86
347.06
324.02
415.75
426.49
488.67
404.66
436.99
295.30
286.07
414.61
283.24
387.85
392.42
275.30
285.06
384.53
332.94
398.32
432.43
415.75
383.56
388.98
189.22
250.03
217.19
165.25
196.01
156.71
268.11
282.96
356.34
333.71
432.66
433.97
436.13
497.43
453.69
504.78
507.33
520.97
505.75
519.01
515.02
507.21
530.13
515.33
495.36
535.68
535.50
537.92
509.04
490.47
501.34
507.10
484.61
503.61
536.89
509.69
523.07
517.51
525.50
526.83
519.64
511.12
509.71
541.24
520.39
530.75
537.15
541.09
536.49
549.46
532.29
560.49
555.35
556.52
559.42
554.58
558.76
546.48
554.01
526.61
540.32
544.49
559.46
555.34
550.69
554.17
562.30
559.51
561.54
562.08
561.16
563.92
560.96
557.87
563.01
561.82
551.79
552.45
559.75
535.24
555.88
534.39
554.72
550.87
510.25
524.36
540.97
520.31
552.17
533.41
533.05
536.07
543.54
559.81
540.99
527.68
549.74
531.43
549.00
553.17
544.18
528.48
545.77
542.12
538.70
526.92
545.69
544.67
539.47
537.07
516.10
538.96
502.61
525.84
522.44
507.23
494.19
525.77
526.43
524.74
535.40
523.53
498.81
518.79
531.76
533.72
532.20
526.19
527.91
535.52
537.23
533.47
533.05
533.81
540.50
533.50
543.31
525.07
534.15
540.61
524.21
526.61
518.49
512.60
534.23
510.49
535.56
