0.00
0.61
0.52
0.65
0.62
0.73
0.59
0.71
0.59
0.62
0.70
0.61
0.57
0.59
0.64
0.66
0.71
0.68
0.56
0.77
0.76
0.73
0.66
0.69
0.60
0.69
0.65
0.70
0.71
0.61
0.69
0.65
0.69
0.66
0.76
0.76
0.64
0.74
0.71
0.57
0.75
0.80
0.72
0.51
0.72
0.71
0.71
0.67
0.54
0.64
0.61
0.64
0.64
0.63
0.71
0.66
0.64
0.62
0.53
0.52
0.68
0.52
0.49
0.51
0.31
0.23
0.23
0.34
0.49
0.38
0.43
0.50
0.54
0.46
0.48
0.46
0.58
0.57
0.56
0.43
0.52
0.53
0.46
0.42
0.37
0.27
0.22
0.23
0.23
0.21
0.33
0.29
0.21
0.20
0.32
0.19
0.21
0.10
0.04
0.06
0.15
0.14
0.03
0.06
0.43
0.45
0.54
0.56
0.39
0.49
0.46
0.50
0.54
0.47
0.53
0.46
0.60
0.57
0.53
0.50
0.55
0.48
0.41
0.38
0.45
0.26
0.34
0.36
0.37
0.50
0.49
0.36
0.40
0.43
0.45
0.33
0.32
0.41
0.48
0.38
0.37
0.39
0.30
0.39
0.38
0.36
0.28
0.26
0.45
0.39
0.41
0.36
0.34
0.39
0.35
0.39
0.39
0.32
0.36
0.21
0.25
0.38
0.37
0.36
0.40
0.35
0.19
0.25
0.31
0.33
0.60
0.38
0.42
0.05
0.10
0.43
0.04
0.03
0.07
0.23
0.21
0.24
0.32
0.36
0.43
0.46
0.41
0.38
0.43
0.32
0.42
0.38
0.42
0.39
0.34
0.37
0.32
0.24
0.24
0.40
0.41
0.35
0.36
0.30
0.24
0.35
0.34
0.34
0.35
0.28
0.11
0.23
