0.00
386.38
270.38
256.17
357.74
287.88
427.11
476.87
476.26
477.25
448.05
459.44
474.53
454.11
426.87
252.40
365.86
404.76
379.78
382.01
255.65
275.88
405.62
399.43
356.80
260.35
254.83
256.53
245.28
260.88
263.41
185.43
357.16
364.66
344.69
349.50
365.27
289.80
287.55
298.50
286.58
237.62
280.14
279.86
211.66
345.24
315.41
304.31
306.33
304.88
358.12
326.14
375.94
345.82
376.14
304.44
365.08
400.73
400.59
314.64
361.03
364.74
363.92
369.40
347.89
361.87
382.21
355.96
331.82
333.42
352.02
356.59
279.45
366.59
371.00
350.18
351.88
337.42
403.41
395.62
372.35
375.64
392.01
361.47
361.19
384.09
339.80
379.62
345.34
376.06
356.54
301.76
406.95
382.85
374.49
341.50
363.54
353.56
349.14
375.59
350.45
393.35
359.64
358.32
366.15
323.93
369.91
314.00
345.45
305.45
342.04
302.30
311.87
307.54
254.09
165.59
200.22
204.64
178.15
145.66
164.42
140.32
133.70
120.96
99.17
95.70
94.82
112.51
119.73
152.80
112.09
90.02
98.85
103.14
126.61
99.50
114.49
154.10
163.87
116.88
94.45
87.00
134.86
125.56
173.24
211.76
217.22
191.84
230.83
183.12
260.83
249.43
304.49
286.19
286.69
261.08
309.68
265.51
326.75
316.48
333.91
324.28
333.97
356.00
349.40
297.54
313.25
254.07
273.15
205.41
290.60
249.84
266.35
252.57
270.61
246.02
254.02
239.81
224.49
174.29
186.25
284.47
145.81
239.65
266.49
226.38
214.22
206.73
298.51
201.70
214.62
187.10
279.51
182.92
270.80
225.40
211.05
197.84
302.64
205.17
286.21
306.36
205.63
240.03
267.99
252.66
206.87
284.82
235.37
286.35
272.83
272.76
256.87
245.59
305.24
200.48
170.89
305.22
