0.012938
0.162234
0.152076
0.157706
0.164520
0.179150
0.140756
0.138419
0.141260
0.139149
0.150323
0.134653
0.159331
0.164976
0.144294
0.155565
0.135992
0.147427
0.145506
0.144858
0.146659
0.143141
0.134985
0.149045
0.182029
0.150364
0.138780
0.148027
0.141555
0.139084
0.137999
0.138999
0.156615
0.164978
0.150456
0.178264
0.227568
0.176661
0.165479
0.161645
0.144216
0.146557
0.143470
0.147671
0.137297
0.145629
0.144217
0.138877
0.144742
0.140351
0.136763
0.161641
0.149509
0.142501
0.166328
0.165787
0.149870
0.207208
0.197543
0.145304
0.149738
0.173713
0.140667
0.138467
0.137776
0.150052
0.168521
0.179580
0.171433
0.168317
0.178978
0.183352
0.207584
0.197176
0.147394
0.161237
0.230208
0.226353
0.210809
0.196021
0.215782
0.251286
0.263304
0.208777
0.199628
0.248058
0.247479
0.232332
0.228400
0.214881
0.200807
0.223958
0.243601
0.237675
0.208437
0.232250
0.260025
0.223547
0.231812
0.193293
0.241088
0.201152
0.186585
0.196674
0.182628
0.202018
0.179338
0.168136
0.191836
0.186952
0.182902
0.254060
0.235328
0.219886
0.206938
0.207159
0.225197
0.199503
0.195244
0.203456
0.195125
0.188899
0.192930
0.195358
0.197220
0.175853
0.216456
0.228837
0.201932
0.172301
0.180813
0.177310
0.245173
0.183094
0.194561
0.198877
0.193162
0.170603
0.192989
0.208887
0.204629
0.210113
0.226472
0.201040
0.213776
0.200253
0.207247
0.191306
0.256155
0.221887
0.199822
0.207637
0.175760
0.184894
0.200010
0.265225
0.223096
0.204747
0.229288
0.208517
0.154742
0.203564
0.205023
0.184551
0.198460
0.244149
0.188370
0.223791
0.174968
0.170474
0.230515
0.228329
0.233857
0.193756
0.204358
0.190254
0.203773
0.188271
0.186443
0.192245
0.181820
0.182300
0.162383
0.181275
0.188227
0.184945
0.191996
0.167475
0.176246
0.172920
0.162265
0.170638
0.170851
0.185707
0.159757
0.197288
0.150118
0.189516
0.215204
0.185011
0.189005
0.158950
0.175668
0.189416
0.175831
0.170602
0.217135
0.201640
0.173795
0.173328
0.196460
0.177388
0.181589
0.185846
0.189979
0.188732
0.202542
0.189260
0.175904
0.181046
0.175497
0.205791
0.199766
0.182287
0.210145
0.190166
0.155403
0.180609
0.212984
0.212285
0.173325
0.192364
0.199016
0.145424
0.228461
0.153573
0.202130
0.153455
0.176501
0.163580
0.184549
0.189219
0.166040
0.196259
0.170539
0.174401
0.213146
0.173979
0.166344
0.163635
0.190522
0.166201
0.169919
0.173712
0.162864
0.165008
0.174411
0.179059
0.203612
0.175598
0.200434
0.195814
0.162582
0.195746
0.147089
0.183492
0.166082
0.171386
0.174629
0.152954
0.146791
0.153091
0.172020
0.156215
0.159320
0.186730
0.182410
0.198334
0.196589
0.169382
0.155083
0.177493
0.179942
0.171236
0.178594
0.163945
0.158807
0.212354
0.194553
0.143757
0.173162
0.209537
0.191831
0.203124
0.217642
0.203106
0.168504
0.197486
0.196718
0.180838
0.233691
0.222317
0.210005
0.165211
0.214869
0.203936
0.218729
0.192476
0.188917
0.191630
0.185843
0.179136
0.174046
0.198492
0.174958
0.163590
0.169568
0.202018
0.231650
0.199839
0.182096
0.159751
0.175077
0.184550
0.158273
0.182542
0.202357
0.188842
0.201498
0.199509
0.196691
0.152401
0.202047
0.211073
0.174182
0.174907
0.235403
0.186247
0.179127
0.162922
0.161731
0.160075
0.166505
0.174909
0.164592
0.165297
0.168242
0.178345
0.137829
0.159063
0.176430
0.164847
0.154361
0.155231
0.177453
0.203048
0.193104
0.177185
0.173776
0.175393
0.171781
0.206363
0.163138
0.188937
0.184960
0.195816
0.178965
0.195873
0.172202
0.175388
0.191973
0.157831
0.163922
0.183732
0.174442
0.154939
0.188632
0.175322
0.131623
0.165327
0.171039
0.169652
0.150753
0.164784
0.172505
0.190177
0.168276
0.177088
0.172083
0.158620
0.151449
0.173369
0.175599
0.191746
0.183753
0.173384
0.148812
0.180402
0.169706
0.159094
0.192832
0.196484
0.190967
0.188482
0.164393
0.150483
0.219512
0.192438
0.208836
0.170047
0.169187
0.160300
0.181667
0.183743
0.156763
0.173179
0.185189
0.168024
0.225073
0.179218
0.165757
0.157215
0.176608
0.173239
0.202914
0.188395
0.193779
0.184750
0.169083
0.191310
0.168957
0.168113
0.198777
0.170276
0.202945
0.180855
0.186014
0.191344
0.169324
0.167834
0.173075
0.164738
0.173441
0.166766
0.157187
0.163815
0.171471
0.167214
0.166857
0.170755
0.164616
0.166244
0.207961
0.181121
0.178035
0.202758
0.159760
0.174804
0.170959
0.180349
0.204766
0.206631
0.212631
0.165390
0.182209
0.154513
0.173800
0.149013
0.172423
0.193720
0.165766
0.149734
0.170820
0.166199
0.184695
0.178820
0.175135
0.147766
0.193347
0.172188
0.160803
0.196070
0.228312
0.179616
0.169706
0.225527
0.199810
0.182865
0.170241
0.148622
0.182069
0.169740
0.160483
0.158382
0.182855
0.172899
0.182981
0.171899
0.182599
0.208213
0.197154
0.213938
0.208987
0.181354
0.171753
0.197003
0.156607
0.165781
0.167929
0.174215
0.165598
0.160991
0.183332
0.155028
0.174574
0.155628
0.175030
0.187869
0.180234
0.160818
0.161133
0.188628
0.169851
0.154568
0.151471
0.173335
0.197610
0.177174
0.178617
0.225279
0.176151
0.155559
0.142784
0.213881
0.203112
0.232411
0.222772
0.236363
0.169945
0.176947
0.204066
0.226403
0.224883
0.150432
0.183296
0.157004
0.157051
0.234649
0.201384
0.199265
0.187336
0.182312
0.184697
0.230054
0.225901
0.191740
0.172082
0.158978
0.172612
0.174646
0.169847
0.195630
0.203477
0.203988
0.188814
0.167962
0.186019
0.157167
0.193537
0.147902
0.180437
0.153836
0.199237
0.234219
0.197452
0.205432
0.176708
0.227655
0.163799
0.175714
0.219041
0.154524
0.205786
0.186288
0.201837
0.196268
0.180416
0.210195
0.180700
0.177799
0.209170
0.181207
0.176225
0.176365
0.173224
0.190148
0.179186
0.187538
0.187636
0.152261
0.169679
0.166851
0.150766
0.165690
0.170010
0.156478
0.147982
0.199251
0.173588
0.191593
0.189325
0.226359
0.156102
0.160134
0.142107
0.149095
0.184393
0.194710
0.186264
0.167064
0.158688
0.192295
0.198183
0.179582
0.164033
0.151477
