0.00
0.32
0.48
0.32
0.43
0.44
0.65
0.49
0.62
0.45
0.54
0.50
0.57
0.63
0.70
0.49
0.58
0.45
0.51
0.53
0.67
0.57
0.42
0.60
0.59
0.53
0.70
0.48
0.45
0.53
0.63
0.63
0.54
0.57
0.53
0.51
0.65
0.69
0.69
0.49
0.49
0.54
0.56
0.59
0.66
0.61
0.68
0.56
0.60
0.58
0.69
0.55
0.54
0.70
0.61
0.48
0.53
0.49
0.52
0.58
0.53
0.67
0.71
0.56
0.51
0.51
0.57
0.56
0.48
0.50
0.55
0.60
0.45
0.56
0.60
0.45
0.48
0.55
0.55
0.50
0.62
0.46
0.52
0.67
0.45
0.47
0.49
0.61
0.57
0.47
0.55
0.59
0.63
0.49
0.44
0.45
0.55
0.55
0.55
0.43
0.45
0.47
0.42
0.29
0.26
0.34
0.24
0.37
0.31
0.27
0.32
0.22
0.28
0.30
0.24
0.27
0.25
0.27
0.27
0.37
