0.00
295.94
357.23
175.64
316.46
381.76
221.59
285.49
156.06
261.69
169.13
242.19
195.14
311.62
212.19
307.85
237.58
271.31
432.35
291.01
329.02
350.58
247.45
298.99
290.41
191.24
184.94
103.95
225.89
288.68
284.05
248.04
288.84
255.10
317.25
250.57
261.46
255.34
243.56
199.73
236.48
205.82
375.56
243.69
203.99
231.53
299.63
295.02
147.91
252.39
219.50
370.55
423.09
392.76
447.79
366.19
304.65
300.94
272.52
239.04
269.18
169.98
234.25
278.55
239.08
280.72
451.86
380.08
252.33
247.86
448.91
306.43
16.01
92.33
165.68
210.44
217.33
206.02
206.27
227.11
219.55
242.38
227.49
247.97
209.10
176.02
268.87
212.30
219.22
247.80
231.21
280.63
256.06
212.02
214.40
221.70
203.12
217.12
267.63
281.30
259.72
246.64
218.39
211.51
209.63
216.48
205.44
232.32
215.34
254.31
277.02
224.42
237.00
201.48
281.08
264.99
231.82
243.47
259.43
195.83
226.35
237.47
194.86
213.96
248.63
237.68
265.49
222.07
237.43
243.17
244.00
263.77
250.68
277.87
267.43
256.24
248.14
261.01
254.90
236.99
277.39
262.00
290.39
268.97
237.70
247.20
248.72
270.33
234.54
255.93
250.07
247.05
246.36
240.73
215.29
240.87
207.22
242.60
226.80
196.91
179.35
159.26
140.51
166.85
169.62
189.34
170.03
127.65
104.23
103.51
132.65
117.44
126.82
119.40
141.87
166.16
234.09
228.79
230.14
222.46
224.70
237.10
215.47
270.71
208.27
267.51
240.76
283.27
283.36
278.35
255.18
244.28
294.52
278.16
281.79
271.52
286.05
296.93
300.15
258.05
244.64
257.18
243.20
208.77
282.43
258.82
241.14
252.38
248.07
265.06
264.66
215.05
186.50
160.79
157.02
123.51
196.63
254.13
239.36
233.49
229.71
235.29
212.06
136.82
136.63
132.35
180.58
180.39
190.43
275.89
208.14
216.21
247.00
223.64
169.38
189.53
133.55
