0.015903
0.198328
0.162787
0.150576
0.164750
0.176006
0.148890
0.162044
0.166817
0.151524
0.166727
0.174959
0.144063
0.146663
0.164780
0.163269
0.209663
0.155413
0.148474
0.164655
0.158870
0.143671
0.155122
0.146805
0.172155
0.157959
0.153643
0.147035
0.156858
0.157015
0.156042
0.144305
0.139716
0.149176
0.144944
0.160749
0.153956
0.169099
0.183885
0.159953
0.150776
0.156742
0.154537
0.164647
0.167933
0.178523
0.163879
0.157520
0.193721
0.148932
0.160875
0.159652
0.144419
0.177025
0.159994
0.155325
0.152508
0.163171
0.144482
0.147026
0.154594
0.153918
0.157971
0.158655
0.167536
0.151118
0.150255
0.156844
0.149984
0.153623
0.178475
0.149099
0.162381
0.207515
0.159755
0.179575
0.163935
0.189262
0.185012
0.219459
0.190024
0.153689
0.152214
0.168948
0.147372
0.164426
0.159888
0.159314
0.157270
0.164398
0.170611
0.165275
0.158273
0.156996
0.150027
0.156520
0.163466
0.158393
0.143186
0.159795
0.169363
0.159766
0.157770
0.143525
0.145462
0.155213
0.143597
0.151879
0.150521
0.168312
0.157218
0.153144
0.154179
0.155735
0.147600
0.160386
0.166610
0.166513
0.148491
0.143477
0.159626
0.151281
0.146955
0.147440
0.148359
0.145781
0.155842
0.169799
0.156199
0.175223
0.166143
0.165013
0.148538
0.144047
0.156843
0.169647
0.199552
0.160319
0.154014
0.158090
0.173245
0.162955
0.190447
0.214738
0.179813
0.176028
0.154700
0.152571
0.149728
0.167691
0.162014
0.167593
0.153078
0.152836
0.148801
0.149714
0.148828
0.187900
0.149721
0.155399
0.155648
0.164938
0.146931
0.151574
0.152438
0.151239
0.152014
0.155199
0.166004
0.151526
0.158342
0.210858
0.155904
0.147585
0.154434
0.167206
0.180446
0.161494
0.145620
0.180491
0.174046
0.143359
0.172314
0.156523
0.158037
0.164964
0.147404
0.149652
0.153199
0.163949
0.170297
0.159807
0.170938
0.153159
0.146976
0.160495
0.233252
0.151496
0.166817
0.147840
0.169315
0.168164
0.144371
0.147079
0.146953
0.153123
0.147721
0.146310
0.153625
0.142328
0.158042
0.181627
0.150212
0.172323
0.150102
0.161328
0.160069
0.142212
0.184905
0.182849
0.160489
0.180892
0.152607
0.149529
0.165194
0.145647
0.147509
0.148460
0.156584
0.168054
0.176998
0.164417
0.159615
0.147381
0.156885
0.146243
0.159913
