0.035577
0.143949
0.146812
0.135397
0.139077
0.155604
0.152803
0.146281
0.135102
0.148800
0.131708
0.150766
0.146869
0.165296
0.135711
0.157471
0.127182
0.154595
0.132149
0.145944
0.131939
0.137993
0.144027
0.158758
0.145978
0.145401
0.136095
0.139921
0.143398
0.140082
0.142176
0.144832
0.146604
0.154896
0.156319
0.142186
0.145144
0.148385
0.140142
0.146785
0.144453
0.141475
0.139002
0.144423
0.138407
0.137922
0.135783
0.137001
0.152640
0.150907
0.168299
0.157103
0.184395
0.144643
0.141209
0.157251
0.142761
0.133539
0.165131
0.153986
0.137283
0.134187
0.139369
0.163616
0.154977
0.143684
0.140207
0.137029
0.136721
0.170109
0.142812
0.141816
0.146234
0.146755
0.162961
0.141558
0.138677
0.155136
0.141126
0.175676
0.149461
0.130292
0.145447
0.139897
0.179923
0.148995
0.141673
0.144018
0.135805
0.144652
0.138543
0.166961
0.155665
0.128072
0.162980
0.166306
0.144500
0.130523
0.132373
0.147382
0.137684
0.135697
0.137545
0.139649
0.138700
0.139514
0.141405
0.141801
0.138668
0.147993
0.167475
0.145180
0.143592
0.143446
0.138190
0.143421
0.155534
0.144954
0.138457
0.139078
