0.287903
0.191498
0.212450
0.177702
0.156749
0.141525
0.157418
0.213947
0.183430
0.169089
0.153720
0.147491
0.199941
0.168563
0.178001
0.133611
0.161544
0.176942
0.188624
0.153584
0.145478
0.167080
0.149155
0.188233
0.179656
0.221642
0.163706
0.179282
0.215208
0.162939
0.188454
0.188270
0.171554
0.217921
0.187782
0.178096
0.176401
0.154470
0.162256
0.166572
0.159678
0.174746
0.204112
0.193435
0.160872
0.179914
0.174253
0.165643
0.169698
0.150978
0.157198
0.169486
0.180543
0.169221
0.151723
0.175262
0.177800
0.164719
0.175827
0.154112
0.161091
0.182264
0.181532
0.196596
0.184149
0.176959
0.153919
0.200838
0.155806
0.149651
0.195619
0.204304
0.169830
0.180060
0.169579
0.173149
0.164863
0.177127
0.184519
0.157605
0.174093
0.155298
0.173454
0.175403
0.181516
0.172342
0.186786
0.208076
0.214647
0.200065
0.189195
0.211062
0.171622
0.218892
0.173724
0.181980
0.188377
0.198035
0.210015
0.157964
0.213180
0.177132
0.184436
0.183680
0.200638
0.163575
0.175289
0.166067
0.170652
0.198672
0.158337
0.167495
0.193354
0.121113
0.111550
0.100778
0.108987
0.135250
0.111813
0.132179
0.117431
0.141533
0.135579
0.120634
0.118266
0.139156
