0.00
0.75
0.62
0.67
0.64
0.59
0.53
0.69
0.46
0.71
0.61
0.63
0.59
0.54
0.55
0.60
0.61
0.54
0.58
0.59
0.57
0.58
0.53
0.60
0.51
0.47
0.50
0.50
0.51
0.50
0.48
0.50
0.65
0.63
0.54
0.56
0.58
0.52
0.59
0.63
0.57
0.58
0.53
0.62
0.58
0.64
0.57
0.54
0.61
0.58
0.60
0.60
0.54
0.59
0.58
0.60
0.64
0.57
0.60
0.57
0.54
0.61
0.55
0.46
0.49
0.51
0.62
0.48
0.62
0.49
0.62
0.49
0.60
0.50
0.47
0.40
0.46
0.47
0.48
0.46
0.52
0.55
0.56
0.56
0.43
0.50
0.43
0.51
0.51
0.41
0.44
0.54
0.50
0.55
0.52
0.47
0.62
0.60
0.51
0.47
0.47
0.57
0.56
0.48
0.58
0.52
0.54
0.49
0.59
0.48
0.48
0.53
0.48
0.56
0.56
0.49
0.50
0.58
0.56
0.52
0.49
0.45
0.45
0.60
0.51
0.53
0.60
0.47
0.62
