0.00
356.30
540.48
529.98
490.16
317.33
183.09
471.77
399.58
432.38
440.83
342.40
260.46
294.82
452.65
422.17
282.81
261.16
270.83
361.49
282.99
288.01
274.94
315.14
396.52
399.56
435.40
474.35
468.11
469.55
375.71
441.07
353.56
340.97
201.44
188.46
303.46
332.96
405.39
462.74
435.05
474.44
445.07
478.88
478.99
423.10
401.78
274.74
421.88
392.89
252.65
254.62
412.94
312.73
384.20
410.18
417.01
455.00
475.91
456.04
473.98
438.95
446.31
422.42
405.08
381.87
251.48
280.06
360.41
335.61
360.04
409.18
411.94
460.05
424.67
379.86
251.70
291.66
350.43
359.93
281.47
409.20
375.98
361.56
269.72
413.73
446.20
411.45
395.68
446.04
445.80
405.59
473.07
486.24
482.57
481.32
443.49
463.00
416.30
448.44
454.99
511.68
517.66
531.78
487.12
517.90
493.68
490.12
470.64
490.05
455.98
457.79
462.94
450.42
458.81
474.04
473.85
483.26
482.11
461.80
474.91
442.43
447.80
392.81
414.13
495.06
494.89
471.59
413.43
311.37
362.59
343.38
352.87
346.12
321.96
299.43
320.57
389.41
427.54
417.85
396.63
398.33
318.43
477.52
448.53
462.49
443.26
480.65
460.82
474.46
430.78
445.25
392.06
435.61
379.46
358.21
390.26
339.33
382.72
349.40
371.88
410.26
428.78
392.64
371.01
346.19
309.35
249.68
267.33
284.32
335.34
352.42
380.52
394.44
378.53
331.14
333.02
399.78
294.46
392.04
358.76
243.43
287.63
250.45
242.09
323.90
381.93
392.18
403.74
428.73
455.72
410.85
430.32
414.78
452.12
413.07
423.97
395.33
384.03
450.16
405.25
418.49
408.60
370.51
332.35
276.01
274.75
290.72
268.69
289.02
390.67
296.09
426.79
448.81
440.38
357.39
275.84
394.38
386.07
419.57
475.08
487.87
443.15
472.00
476.45
467.52
465.98
489.40
480.81
449.14
446.06
413.78
457.91
485.55
474.85
457.27
516.32
451.13
387.89
425.06
401.49
415.52
308.77
364.20
431.77
413.92
466.77
383.20
273.94
323.19
401.76
299.76
348.59
449.42
407.11
359.64
417.15
309.16
270.13
317.28
