559	325	68	143
541	327	58	144
525	330	54	142
509	330	53	145
493	334	58	141
478	337	62	141
466	335	69	146
455	336	76	149
446	339	81	147
440	343	78	147
438	345	71	148
436	347	66	145
433	350	58	143
435	349	51	147
434	351	48	150
427	350	53	155
420	349	56	159
414	349	67	159
409	351	73	163
406	354	81	159
407	359	79	152
407	363	70	145
412	362	63	146
415	363	57	146
416	366	55	142
413	366	58	144
410	366	60	145
406	364	66	150
404	366	70	151
400	367	80	146
398	371	82	142
398	375	82	136
400	379	77	132
402	379	70	133
403	381	66	135
401	381	58	141
401	377	56	147
399	378	59	146
398	377	64	150
394	377	80	153
392	377	87	156
387	377	92	155
387	379	91	155
385	381	92	151
385	384	87	150
385	386	83	149
384	386	81	149
381	388	81	147
377	388	81	150
372	387	82	155
368	384	81	160
363	386	85	161
359	388	88	161
354	392	88	159
350	394	88	159
344	397	90	159
340	400	91	158
335	401	95	159
329	404	99	158
323	405	100	159
317	407	103	158
313	409	104	156
308	411	104	158
299	413	109	160
292	413	113	163
282	412	116	164
270	411	124	167
261	412	124	169
250	417	128	169
239	420	130	166
230	425	128	164
220	429	119	160
211	430	118	165
199	434	119	167
190	435	123	170
182	438	127	175
170	442	132	175
163	447	132	176
153	452	126	172
146	458	121	170
134	462	115	170
127	467	106	165
115	467	105	170
108	467	109	176
99	467	111	175
91	467	113	181
82	468	114	183
75	471	107	179
67	475	104	175
62	479	99	170
57	484	92	171
51	488	87	164
45	488	90	172
37	489	95	168
30	492	98	164
25	493	103	166
20	494	102	166
13	493	98	167
7	497	98	162
1	500	95	157
1	503	86	154
0	502	80	157
0	507	75	152
0	511	71	146
0	508	66	152
0	504	66	157
0	509	64	150
0	502	64	159
0	506	57	153
0	501	57	158
0	510	49	145
0	503	49	152
0	510	45	139
0	505	46	144
0	516	48	130
0	508	46	138
0	520	49	123
0	516	50	127
0	521	51	121
0	519	51	123
0	520	50	122
0	521	48	115
0	518	49	117
0	510	49	126
0	518	51	117
0	506	51	133
0	506	54	134
0	499	55	144
0	498	56	145
0	491	58	154
0	488	63	159
0	488	64	158
0	484	66	163
0	486	70	161
1	482	73	162
2	488	78	153
4	484	81	154
7	484	87	151
9	484	89	150
14	482	92	152
18	483	93	152
23	484	92	154
28	484	92	154
34	483	93	153
38	484	90	153
46	486	89	155
51	487	88	155
56	489	91	155
61	484	93	161
71	485	93	161
76	480	99	164
92	478	90	167
105	476	91	171
116	474	84	167
132	472	83	166
148	470	76	164
164	465	78	164
178	466	80	161
192	459	75	159
202	457	79	162
208	452	82	162
214	451	83	165
221	447	84	168
229	448	81	166
240	450	78	159
244	450	78	152
252	451	75	155
255	451	75	150
258	450	75	154
265	441	73	164
269	436	74	172
281	433	75	175
291	430	68	177
300	426	68	179
309	427	64	176
319	427	63	169
328	424	62	170
336	424	62	167
346	422	60	166
355	419	60	168
362	415	61	169
369	412	61	172
377	409	60	173
384	408	60	172
392	406	59	170
400	408	59	160
406	406	62	159
415	407	61	157
423	405	63	158
434	398	63	163
443	395	65	165
455	393	63	165
467	389	61	166
481	388	58	165
493	383	58	167
505	381	57	165
514	382	59	159
527	381	57	152
537	380	59	149
549	380	61	150
559	374	63	155
572	371	62	157
583	367	63	158
596	365	62	159
607	361	62	159
619	361	62	155
630	362	60	144
637	362	63	141
651	360	61	137
658	359	63	141
668	356	62	139
676	355	65	137
685	350	67	141
693	348	70	141
701	348	76	140
710	347	77	136
721	349	77	128
731	350	78	123
745	350	74	118
758	350	69	117
772	348	63	123
783	344	63	128
789	343	68	127
799	340	67	129
805	337	71	131
815	337	71	131
827	339	66	122
839	340	64	119
851	342	59	115
862	342	58	118
873	342	59	116
879	340	64	120
881	337	71	119
887	339	75	117
900	340	70	115
907	341	70	116
913	343	70	114
923	344	69	113
932	346	68	114
944	346	61	112
954	349	62	111
962	347	59	115
975	349	52	116
977	347	57	116
980	347	60	116
985	347	62	117
990	349	65	116
998	350	63	115
1006	350	61	117
1018	354	55	115
1029	355	50	114
1033	354	56	117
1041	354	55	119
1048	354	54	121
1052	355	55	122
1056	356	56	123
1060	356	58	126
1063	357	58	127
1068	359	59	124
1074	362	59	124
1080	364	57	124
1086	367	54	121
1094	368	52	119
1098	371	51	120
1101	371	53	121
1104	374	55	119
1106	376	58	120
1109	377	61	121
1111	380	64	122
1114	381	66	126
1119	384	67	126
1122	390	68	121
1130	391	67	121
1138	392	64	121
1146	394	59	120
1153	396	56	119
1158	394	55	125
1163	397	55	125
1166	398	56	129
1169	398	57	132
1170	400	58	134
1173	406	60	132
1177	407	57	133
1183	410	54	131
1187	412	53	130
1190	413	52	132
1191	414	54	132
1193	415	55	132
1194	416	59	136
1196	417	58	141
1198	419	58	141
1197	421	61	143
1198	424	63	143
1199	427	64	144
1199	429	65	143
1199	434	67	141
1201	435	66	141
1202	435	67	141
1203	436	65	140
1204	437	64	139
1204	438	64	137
1203	439	65	139
1202	439	65	143
1198	442	68	143
1195	444	70	146
1191	448	71	145
1190	450	73	147
1184	452	73	149
1182	453	73	149
1179	454	73	150
1176	456	71	149
1172	459	73	148
1170	460	73	147
1167	461	72	149
1163	462	74	148
1159	464	75	151
1156	465	75	152
1152	465	75	155
1147	469	77	157
1143	470	78	161
1138	473	79	164
1134	475	78	164
1126	477	81	166
1118	481	86	165
1113	486	86	162
1105	487	88	163
1099	493	90	158
1092	497	90	156
1087	502	92	154
1081	505	92	152
1077	508	92	151
1072	511	92	151
1060	512	100	151
1049	514	108	153
1043	515	109	151
1038	518	110	152
1037	521	108	158
1036	526	106	161
1034	531	102	165
1032	538	102	166
1025	540	105	169
1022	542	104	166
1020	546	103	164
1015	551	105	160
1010	554	108	157
1001	556	113	162
999	557	112	161
994	556	117	163
988	556	121	163
984	557	125	162
981	559	122	160
982	561	125	158
984	567	117	152
982	570	115	149
987	572	108	147
995	576	97	143
997	579	95	140
992	578	101	141
988	575	104	144
985	573	106	146
981	572	109	147
980	571	110	148
978	570	112	149
978	571	110	148
979	571	107	148
977	573	106	146
976	572	104	147
974	572	105	147
971	570	107	149
970	567	107	152
974	564	101	155
983	562	92	157
989	557	86	162
989	553	85	166
983	552	89	167
978	554	92	165
975	554	95	165
972	553	98	166
968	551	105	168
964	545	114	173
960	544	117	173
959	539	120	176
962	535	121	178
960	533	126	183
958	529	131	184
959	526	124	186
963	529	117	177
966	530	115	172
967	530	113	167
975	529	108	162
978	523	106	170
982	518	105	173
984	510	108	182
984	503	111	186
987	497	113	192
992	493	110	194
991	490	113	193
997	490	109	188
1001	488	107	184
1011	489	99	178
1013	487	100	176
1015	485	99	172
1016	483	103	169
1013	482	109	164
1013	477	113	168
1015	475	117	168
1017	474	119	166
1022	471	119	167
1028	471	115	162
1035	470	117	160
1040	470	112	160
1046	470	109	155
1056	468	102	152
1058	462	103	155
1063	453	106	160
1065	448	109	161
1067	446	114	159
1070	443	117	161
1072	442	118	160
1076	440	122	163
1084	442	118	162
1092	445	112	159
1100	447	108	154
1106	447	106	153
1114	448	101	154
1120	448	99	157
1119	446	108	163
1122	445	109	167
1122	447	111	169
1125	446	111	170
1129	448	111	171
1139	448	103	171
1146	451	100	168
1154	451	95	169
1158	455	91	164
1162	454	89	166
1163	453	91	168
1166	453	90	170
1165	452	95	172
1161	454	100	174
1157	458	104	177
1153	457	108	185
1148	463	113	179
1144	463	118	182
1143	465	121	184
1138	468	126	182
1138	471	126	181
1137	473	128	181
1139	475	125	178
1138	480	124	180
1143	482	120	178
1143	485	118	176
1146	487	113	185
1147	490	113	195
1141	494	118	199
1134	497	123	207
1132	499	121	207
1128	505	121	206
1127	509	118	203
1123	514	117	197
1112	517	125	195
1099	519	133	197
1088	517	143	199
1081	516	144	201
1070	514	151	205
1058	511	159	208
1048	509	166	210
1038	508	175	211
1028	505	175	214
1024	503	170	216
1016	500	170	218
1016	492	159	220
1011	485	158	221
1006	478	155	223
994	474	158	239
980	474	164	238
961	474	173	240
931	483	193	232
928	480	185	238
911	481	193	238
905	483	190	236
899	489	186	230
892	496	180	223
889	497	171	222
890	496	157	223
883	495	152	224
879	494	144	225
852	488	167	230
836	485	167	234
810	482	177	237
809	478	159	241
771	478	187	241
779	474	158	245
763	480	158	239
760	482	146	237
750	483	148	236
720	486	167	230
691	482	187	237
686	473	175	246
653	471	190	247
640	466	185	250
628	469	181	245
613	471	176	238
604	472	164	232
594	473	155	231
592	471	137	228
588	464	117	235
579	458	101	246
563	451	97	250
539	442	101	260
518	431	115	275
490	425	137	268
468	428	153	268
453	424	142	259
438	419	142	249
426	418	128	245
414	414	109	234
407	409	110	236
397	403	106	227
382	394	110	230
371	388	110	227
355	387	118	215
342	387	126	217
332	392	133	209
323	394	138	209
313	394	141	208
303	395	138	207
293	399	133	202
285	403	127	196
274	404	122	195
264	407	115	195
254	403	111	201
241	400	119	207
234	404	125	200
224	395	132	211
216	396	139	209
209	391	140	211
206	392	138	205
201	391	132	199
196	394	125	186
189	394	124	179
181	394	122	175
173	390	120	172
166	388	119	173
157	383	119	177
150	381	120	182
144	380	121	183
135	374	125	187
128	373	125	189
128	373	124	189
121	373	124	189
119	373	125	186
114	371	122	183
108	368	127	177
105	367	127	168
98	363	129	165
93	361	129	161
88	357	131	159
85	356	129	156
81	356	132	151
78	359	131	143
75	358	131	137
73	358	126	137
69	356	123	138
68	351	128	144
67	350	126	141
60	343	133	148
60	343	131	144
57	341	131	146
57	343	127	138
54	346	123	135
53	348	119	128
52	351	112	123
49	351	108	121
48	350	107	118
46	351	113	117
40	351	116	122
38	353	120	122
35	352	119	127
32	355	119	132
32	359	119	131
31	361	113	131
31	369	104	125
30	371	98	121
30	373	85	121
28	378	85	117
26	378	92	113
26	379	94	121
25	378	95	141
23	381	97	152
23	385	98	156
25	390	98	160
25	396	99	159
27	399	93	157
29	403	87	155
28	407	85	152
32	408	80	150
34	409	81	153
41	410	81	164
40	410	90	176
46	413	91	186
50	415	96	191
52	418	101	188
59	424	101	177
66	431	108	175
72	434	102	168
79	437	109	169
88	439	108	183
94	444	104	191
99	452	116	201
107	455	123	218
119	459	132	212
128	462	143	223
142	477	145	208
153	489	147	200
168	501	145	194
184	514	144	179
199	519	148	186
211	534	153	179
