0.00
0.60
0.76
0.74
0.70
0.54
0.40
0.65
0.59
0.63
0.67
0.63
0.52
0.60
0.71
0.69
0.57
0.55
0.56
0.67
0.58
0.58
0.59
0.62
0.67
0.71
0.76
0.77
0.76
0.75
0.66
0.73
0.65
0.62
0.47
0.47
0.58
0.55
0.58
0.63
0.60
0.64
0.62
0.67
0.68
0.66
0.62
0.58
0.70
0.68
0.56
0.60
0.72
0.65
0.70
0.72
0.70
0.72
0.74
0.75
0.76
0.71
0.71
0.67
0.62
0.61
0.54
0.55
0.61
0.59
0.64
0.62
0.55
0.61
0.61
0.69
0.53
0.61
0.67
0.67
0.59
0.68
0.69
0.67
0.55
0.67
0.70
0.67
0.67
0.74
0.71
0.67
0.66
0.67
0.72
0.66
0.63
0.72
0.59
0.65
0.69
0.75
0.75
0.78
0.71
0.78
0.74
0.76
0.70
0.73
0.63
0.65
0.64
0.59
0.63
0.64
0.73
0.72
0.68
0.66
0.71
0.65
0.67
0.63
0.66
0.69
0.74
0.73
0.71
0.55
0.65
0.60
0.62
0.60
0.56
0.52
0.57
0.63
0.66
0.66
0.64
0.64
0.55
0.75
0.68
0.74
0.72
0.76
0.75
0.77
0.71
0.67
0.62
0.72
0.65
0.65
0.68
0.61
0.65
0.64
0.66
0.70
0.70
0.67
0.64
0.62
0.59
0.53
0.54
0.59
0.63
0.62
0.66
0.64
0.64
0.60
0.63
0.69
0.59
0.67
0.63
0.49
0.59
0.52
0.51
0.61
0.65
0.69
0.70
0.70
0.70
0.68
0.66
0.68
0.70
0.67
0.70
0.64
0.64
0.72
0.68
0.64
0.65
0.64
0.59
0.55
0.57
0.59
0.57
0.62
0.70
0.60
0.72
0.74
0.72
0.63
0.58
0.70
0.69
0.71
0.76
0.76
0.72
0.76
0.74
0.74
0.76
0.79
0.77
0.75
0.73
0.71
0.73
0.78
0.76
0.74
0.79
0.73
0.70
0.73
0.68
0.70
0.57
0.64
0.71
0.70
0.77
0.68
0.52
0.54
0.68
0.52
0.59
0.72
0.67
0.63
0.70
0.58
0.50
0.59
