0.00
508.97
490.09
497.36
489.51
436.81
323.40
390.78
446.69
427.55
502.28
528.04
490.45
525.08
471.18
432.00
388.38
525.60
536.30
537.73
546.91
521.83
536.43
520.95
529.72
523.17
524.61
525.41
529.54
545.05
531.30
531.62
524.43
491.78
491.54
492.53
505.88
506.51
517.60
512.41
544.79
521.95
533.31
538.76
533.19
530.79
503.33
489.68
501.89
499.68
495.44
516.81
514.98
511.97
513.58
497.27
519.65
524.56
526.51
525.32
524.15
506.21
523.32
458.75
504.25
462.94
479.19
432.44
486.83
447.34
430.80
343.35
471.36
461.75
479.31
502.92
444.55
478.24
296.11
356.35
303.45
398.42
352.79
489.85
437.33
455.96
404.89
366.50
444.22
414.57
387.38
412.36
506.12
484.91
504.30
515.75
493.48
449.23
498.71
516.44
505.40
481.15
484.74
481.68
445.94
383.14
422.85
295.49
313.03
289.46
356.42
313.38
351.83
271.92
354.47
214.45
373.07
287.64
393.87
363.85
358.91
307.73
347.94
316.95
433.90
282.11
337.51
256.47
383.88
345.27
359.97
404.53
450.88
487.11
411.71
515.39
480.83
461.90
492.31
474.84
499.82
519.21
525.04
488.84
536.60
482.02
512.98
489.06
489.58
416.30
436.56
375.78
309.88
444.63
367.89
273.12
415.29
360.22
278.89
281.23
401.66
395.14
367.97
454.72
409.55
484.07
485.83
531.73
526.15
412.12
451.62
296.54
453.67
358.35
417.54
349.93
312.62
372.62
325.79
346.87
390.58
447.89
469.32
451.18
424.05
413.40
400.70
352.68
376.09
289.68
267.84
296.22
273.01
361.41
312.65
305.85
272.07
289.24
304.50
425.16
272.87
315.19
260.91
307.12
280.62
281.87
247.46
277.53
407.59
280.03
291.62
335.68
364.67
337.04
335.83
330.62
330.52
317.75
430.40
330.36
416.38
453.88
279.17
302.21
296.84
291.34
363.68
460.32
419.57
442.47
502.62
340.54
328.15
317.76
310.22
400.28
433.38
330.05
283.17
296.73
431.52
329.73
361.90
366.78
405.32
339.72
301.19
289.63
338.48
341.08
365.18
345.21
344.25
422.74
485.27
482.19
451.53
483.99
442.66
455.91
449.46
494.65
404.93
515.79
513.51
463.40
447.85
476.55
427.03
435.54
394.44
404.45
334.37
409.30
472.48
469.16
513.09
513.66
509.76
515.44
537.74
509.80
536.73
525.13
526.36
528.87
509.85
512.53
517.13
539.35
527.28
525.21
518.59
521.20
522.11
518.77
526.18
522.78
532.37
525.09
520.87
543.97
537.06
542.90
537.77
533.78
525.91
526.14
529.93
523.10
532.88
516.52
526.97
515.43
517.57
518.51
537.19
526.73
536.36
533.24
531.94
530.90
513.51
525.23
531.98
520.24
540.50
528.63
531.70
520.07
533.10
519.51
462.08
497.80
540.77
537.74
509.12
504.04
512.30
522.95
518.85
526.05
518.08
501.38
478.35
439.16
520.93
491.26
469.50
475.70
437.00
414.29
428.98
326.54
383.74
411.06
436.26
436.53
427.60
424.25
421.94
457.05
449.27
433.51
412.37
413.55
461.64
468.27
472.01
502.57
517.36
518.40
538.44
536.66
513.16
529.00
534.85
531.34
531.86
533.08
531.10
526.53
517.62
524.25
531.98
545.41
558.48
556.62
552.34
539.73
540.37
522.74
532.06
523.59
527.32
529.61
543.89
542.89
534.89
537.43
549.06
542.58
538.16
535.74
520.15
503.57
530.88
523.60
548.06
512.00
546.40
532.69
501.29
535.28
487.39
527.19
527.92
526.05
533.22
511.10
515.06
511.81
485.18
481.71
482.39
495.40
478.49
500.63
508.84
527.27
521.73
471.04
411.18
469.14
516.82
519.55
517.30
513.45
509.49
505.49
491.15
513.33
508.41
487.57
492.76
505.53
448.08
426.96
433.91
436.74
508.50
538.67
508.15
522.34
533.51
507.85
527.66
528.73
538.02
517.27
432.68
402.72
468.89
456.50
440.52
384.03
467.92
465.35
395.81
446.15
439.07
459.80
470.21
492.52
412.85
370.72
292.60
331.23
523.07
451.41
500.63
486.37
365.99
442.76
440.33
386.12
404.25
292.54
303.29
289.63
401.73
308.27
452.19
357.31
451.87
421.54
279.79
291.32
446.10
344.33
454.27
489.84
371.25
424.28
377.07
496.95
425.41
294.71
293.62
312.47
358.60
234.08
360.76
263.46
333.60
275.73
246.21
481.31
294.58
280.28
392.75
407.68
411.63
409.57
459.96
422.37
405.74
361.83
357.25
383.45
396.43
394.95
495.22
512.24
464.88
487.46
451.08
499.47
497.37
483.25
517.69
494.63
450.78
500.64
435.73
487.61
492.46
445.61
512.67
542.66
527.02
541.56
525.47
518.20
532.17
502.59
510.37
530.00
539.27
530.95
526.18
505.30
528.33
520.26
533.74
517.68
510.68
537.36
531.97
534.31
487.22
515.43
495.64
483.43
536.05
540.92
523.29
541.44
538.65
526.18
535.17
508.37
509.82
500.78
464.06
503.99
488.36
466.88
441.01
439.10
495.21
453.75
501.39
530.15
510.41
513.82
530.49
508.91
468.25
478.27
446.73
476.11
490.15
434.20
383.84
489.58
331.26
329.53
403.72
277.01
302.93
275.30
301.31
372.81
390.14
272.56
289.43
295.03
313.11
