0.031409
0.157760
0.157168
0.145919
0.151474
0.163692
0.156394
0.148333
0.154363
0.154053
0.157612
0.158074
0.142452
0.157249
0.139550
0.147290
0.144002
0.166678
0.202777
0.141663
0.151961
0.150378
0.153510
0.151190
0.181634
0.139996
0.147846
0.147825
0.172061
0.170218
0.161639
0.167406
0.169320
0.151744
0.156244
0.148906
0.185693
0.184616
0.154856
0.153754
0.151320
0.174260
0.153551
0.151828
0.181154
0.149290
0.157456
0.158003
0.152057
0.175378
0.180095
0.159205
0.147538
0.147664
0.154862
0.148514
0.149149
0.154495
0.150247
0.158909
0.144302
0.154175
0.187914
0.180956
0.157234
0.148476
0.159179
0.154611
