0.029479
0.140684
0.148966
0.180685
0.146499
0.150178
0.144065
0.149924
0.169589
0.172630
0.156538
0.151100
0.161835
0.158517
0.150592
0.151233
0.151666
0.149461
0.154231
0.156964
0.158677
0.147510
0.195535
0.165839
0.244972
0.214332
0.163063
0.148591
0.146599
0.144144
0.156906
0.193474
0.190647
0.178413
0.184619
0.177722
0.149129
0.156934
0.146767
0.149774
0.150408
0.153483
0.156257
0.151503
0.158161
0.150057
0.169762
0.159636
0.161160
0.168055
0.162955
0.147736
0.143289
0.149235
0.178630
0.166863
0.156661
0.158269
0.161760
0.190457
0.156535
0.160765
0.154095
0.184355
0.148511
0.152871
0.168006
0.164040
0.206598
0.157424
0.174243
0.147556
0.163852
0.148363
0.149756
0.199270
0.179954
0.228479
0.151985
0.158530
0.185960
0.168275
0.163171
0.144677
0.156085
0.204289
0.167129
0.160778
0.178407
0.163346
0.146640
0.160380
0.187001
0.159472
0.148238
0.160085
0.148567
0.154906
0.177887
0.162755
0.145319
0.147374
0.149855
0.148839
0.159219
0.146556
0.147222
0.145379
0.147624
