0.00
495.31
306.47
452.04
371.91
399.39
346.23
369.28
293.76
296.41
337.03
351.96
264.86
300.73
257.44
353.44
317.47
304.00
255.98
170.76
292.03
209.03
321.67
358.47
323.97
335.86
371.22
312.19
363.27
417.69
417.43
386.30
282.91
251.30
211.34
290.17
284.94
220.43
231.03
149.82
257.20
246.37
205.32
303.90
243.02
216.91
220.36
290.63
279.54
165.08
114.64
149.68
93.55
131.74
106.78
108.61
120.18
92.85
82.21
61.92
117.28
159.24
106.30
100.96
145.06
154.42
121.74
139.97
128.71
79.31
73.09
60.81
78.25
62.08
124.34
193.28
101.36
118.68
144.52
161.34
167.27
101.15
102.19
102.94
60.30
105.90
90.91
47.94
48.03
50.83
70.22
101.09
102.46
88.75
97.23
85.90
131.01
137.93
131.99
88.82
107.55
74.32
139.83
80.67
84.60
165.82
200.06
133.06
104.67
