0.00
246.01
391.30
415.65
415.16
251.43
301.04
302.64
280.39
268.86
180.35
426.31
221.13
267.93
296.09
98.72
222.23
156.56
261.82
188.53
202.36
206.11
153.11
186.89
156.77
232.43
275.34
211.77
227.11
216.20
184.63
151.44
192.83
181.29
282.88
175.08
279.63
251.83
305.67
238.77
200.58
214.94
175.51
247.00
288.47
233.74
298.02
294.74
166.23
224.33
252.20
181.67
193.18
269.78
247.50
167.48
224.63
153.53
162.52
214.91
203.95
274.26
158.47
177.64
120.71
172.89
204.62
185.39
199.55
194.40
230.03
175.45
223.57
228.37
197.80
235.36
267.24
258.18
173.09
242.73
241.74
