0.00
0.71
0.45
0.46
0.61
0.51
0.45
0.49
0.40
0.46
0.48
0.54
0.46
0.52
0.56
0.52
0.56
0.47
0.50
0.52
0.47
0.52
0.37
0.42
0.51
0.52
0.42
0.59
0.53
0.49
0.41
0.51
0.55
0.48
0.39
0.45
0.38
0.37
0.28
0.24
0.50
0.45
0.43
0.37
0.38
0.25
0.35
0.24
0.30
0.34
0.46
0.36
0.43
0.36
0.34
0.37
0.34
0.27
0.36
0.45
0.47
0.45
0.43
0.43
0.49
0.48
0.56
0.59
0.50
0.51
0.52
0.58
0.57
0.57
0.59
0.56
0.49
0.54
0.59
0.64
0.54
0.58
0.47
0.56
0.44
0.39
0.47
0.53
0.59
0.55
0.45
0.54
0.49
0.49
0.46
0.52
0.47
0.46
0.44
0.35
0.45
0.58
0.54
0.47
0.48
0.54
0.57
