0.00
0.63
0.65
0.60
0.56
0.45
0.51
0.69
0.54
0.54
0.61
0.49
0.61
0.66
0.68
0.58
0.51
0.69
0.58
0.61
0.62
0.63
0.59
0.68
0.66
0.68
0.65
0.69
0.60
0.69
0.65
0.57
0.58
0.65
0.64
0.61
0.61
0.73
0.67
0.65
0.75
0.66
0.70
0.70
0.71
0.69
0.69
0.70
0.71
0.58
0.72
0.72
0.66
0.58
0.64
0.64
0.56
0.62
0.55
0.58
0.62
0.58
0.59
0.61
0.48
0.51
0.52
0.53
0.60
0.53
0.54
0.50
0.49
0.46
0.49
0.53
0.49
0.61
0.39
0.51
0.43
0.46
0.54
0.42
0.45
0.53
0.50
0.51
0.43
0.49
0.39
0.49
0.45
0.50
0.41
0.55
0.53
0.51
0.48
0.47
0.52
0.50
0.47
0.51
0.54
0.56
0.53
0.63
0.50
0.48
0.52
0.66
0.63
0.66
0.52
0.58
0.65
0.67
0.65
0.69
0.67
0.56
0.49
0.48
0.55
0.53
0.62
0.52
0.61
0.60
0.47
0.37
0.39
0.45
0.55
0.57
0.44
0.29
0.23
0.34
0.34
0.31
0.40
0.15
0.35
0.19
0.37
0.38
0.37
0.30
0.22
0.18
0.30
0.33
0.24
0.26
0.33
0.30
0.24
0.25
0.26
0.38
0.28
0.26
0.41
0.18
0.21
0.17
0.13
0.24
0.17
0.26
0.62
0.53
0.51
0.51
0.38
0.30
0.28
0.29
0.08
0.21
0.23
0.15
0.09
0.06
0.05
0.12
0.24
0.39
0.30
0.51
0.43
0.48
0.37
0.37
0.14
0.31
0.11
0.18
0.09
0.26
0.27
0.19
0.15
0.31
0.48
0.35
0.18
0.14
0.17
0.02
0.12
0.18
0.48
0.37
0.30
0.34
0.21
0.42
0.31
0.20
0.20
0.16
0.11
0.10
0.49
0.33
0.31
0.12
0.03
0.02
0.55
0.48
0.55
0.44
0.64
0.08
0.26
0.26
0.23
0.15
0.38
0.43
0.37
0.35
0.42
0.40
0.49
