0.00
351.05
353.20
282.32
223.57
140.97
241.80
406.01
389.87
349.32
341.84
257.73
347.22
353.31
374.01
259.15
207.64
353.93
278.61
311.16
339.86
355.77
286.80
400.50
356.16
383.81
345.56
415.25
308.67
412.21
376.84
281.04
279.06
348.29
349.62
331.95
318.31
472.07
404.13
367.56
491.27
388.31
429.10
437.31
443.51
427.76
422.86
424.42
425.44
332.69
443.94
444.59
361.43
282.10
349.23
332.10
238.03
314.91
238.88
278.22
341.23
271.23
275.72
310.24
172.39
205.06
207.65
213.78
258.18
220.22
218.83
194.97
172.71
164.89
152.23
190.63
169.49
317.02
123.57
203.35
137.71
148.17
230.70
159.60
158.47
209.86
194.16
227.71
190.10
228.32
179.19
213.32
204.20
232.00
174.76
295.31
324.10
237.87
261.24
262.39
305.38
233.37
213.62
263.20
283.46
237.87
297.78
405.41
263.42
315.16
299.66
362.71
332.87
378.58
266.46
378.65
420.09
430.37
392.82
422.87
433.27
359.32
260.07
223.05
292.39
223.35
305.99
306.89
350.87
332.69
254.27
252.14
209.92
239.04
281.05
317.33
290.07
186.64
146.94
258.17
247.18
237.50
271.91
64.72
208.26
112.46
148.17
104.47
132.66
98.16
71.30
92.30
64.88
111.89
80.06
82.58
116.83
69.13
57.22
87.82
60.50
121.33
71.50
58.20
126.85
42.56
55.41
43.96
31.73
82.69
59.05
81.86
371.38
352.11
213.25
230.81
132.63
121.27
145.05
218.49
99.43
182.46
157.52
57.47
75.07
43.41
44.25
42.70
77.76
107.63
80.60
230.64
146.53
212.15
95.73
154.38
157.65
115.46
99.76
79.84
50.69
87.60
102.42
91.06
84.80
81.27
163.33
99.32
38.80
21.81
28.06
16.17
96.32
74.85
183.92
118.54
123.43
94.13
59.17
179.56
67.22
85.11
113.55
108.87
56.94
70.76
140.55
115.96
65.26
23.22
17.84
41.95
242.41
162.07
228.67
146.13
331.68
26.48
64.37
55.68
57.06
41.45
65.61
98.01
84.09
87.47
163.41
110.52
186.91
