0.00
524.80
494.56
495.33
407.74
327.31
345.12
321.75
323.98
311.67
311.04
333.80
328.98
381.42
402.26
375.68
364.33
393.74
418.74
421.42
383.09
433.13
450.07
406.02
432.45
354.61
359.18
407.41
449.46
462.62
457.47
453.08
452.36
432.61
414.39
443.09
437.37
350.68
380.04
424.44
418.11
422.57
465.47
353.43
460.18
406.21
424.55
383.92
410.51
455.94
409.11
447.36
428.81
442.13
466.49
419.82
457.14
411.06
413.44
387.45
359.90
371.45
395.56
418.47
258.73
382.22
404.68
374.86
386.84
309.82
248.05
216.80
341.66
328.47
281.16
354.16
314.13
323.38
298.53
305.37
