0.00
293.71
345.91
229.69
287.42
318.48
442.65
449.69
421.36
478.70
403.40
293.09
433.75
258.46
182.11
175.97
252.77
326.67
331.19
373.87
478.28
483.65
436.05
464.02
442.04
317.88
281.38
294.79
335.22
249.59
177.50
276.11
397.03
247.78
327.37
476.77
301.34
478.15
294.50
254.00
363.20
235.86
388.12
262.06
321.95
245.28
267.72
205.00
340.57
226.35
209.05
388.71
311.05
319.25
217.92
305.41
305.94
203.71
234.50
288.00
353.34
236.20
217.91
162.71
388.91
291.91
351.12
201.28
462.37
192.84
170.97
184.07
352.17
233.40
243.14
261.89
238.50
182.46
216.07
278.26
426.18
340.28
348.61
347.53
304.19
193.41
200.79
262.20
259.30
341.46
332.01
325.68
295.23
350.35
183.19
227.24
386.08
385.66
376.03
356.73
439.80
369.60
388.91
313.09
302.32
322.47
524.31
441.72
350.60
310.86
352.65
236.28
296.05
157.89
302.25
233.52
209.46
160.65
35.18
31.55
33.77
64.27
92.32
98.89
81.87
137.84
69.23
86.18
109.17
60.21
73.79
55.16
109.01
101.05
116.51
74.16
100.46
103.64
60.92
290.94
255.66
220.82
200.75
193.12
162.67
112.84
137.49
124.12
77.79
362.57
454.79
424.46
346.99
288.46
231.93
275.78
326.27
305.03
351.73
276.25
247.13
371.72
401.93
296.67
229.39
199.66
208.57
176.17
185.35
121.14
95.53
86.85
102.68
117.19
101.70
126.49
144.53
156.82
196.69
193.95
205.04
153.08
320.28
194.71
301.02
228.45
292.33
322.57
182.62
172.92
227.85
232.74
415.28
245.00
260.66
181.37
276.96
405.76
312.22
440.48
244.57
302.80
