0.00
0.66
0.76
0.77
0.64
0.80
0.79
0.71
0.71
0.76
0.76
0.61
0.71
0.67
0.59
0.63
0.64
0.57
0.49
0.63
0.61
0.70
0.61
0.61
0.58
0.51
0.62
0.58
0.50
0.58
0.50
0.67
0.53
0.70
0.69
0.63
0.74
0.58
0.64
0.59
0.50
0.48
0.71
0.72
0.72
0.77
0.77
0.71
0.72
0.69
0.58
0.67
0.52
0.56
0.64
0.67
0.66
0.50
0.50
0.57
0.62
0.66
0.72
0.71
0.58
0.65
0.71
0.67
0.53
0.49
0.57
0.68
0.67
0.62
0.60
0.72
0.73
0.76
0.71
0.46
0.49
0.68
0.74
0.60
0.71
0.56
0.58
0.59
0.68
0.64
0.71
0.61
0.68
0.68
0.56
0.56
0.68
0.61
0.55
0.57
0.52
0.67
0.66
0.60
0.51
0.53
0.71
0.72
0.59
0.67
0.42
0.58
0.58
0.53
0.63
0.59
0.66
0.63
0.52
0.65
0.51
0.52
0.68
0.58
0.58
0.53
0.48
0.48
0.51
0.62
0.66
0.79
0.69
0.77
0.81
0.65
0.56
0.70
0.61
0.60
0.67
0.55
0.81
0.69
0.67
0.70
0.76
0.67
0.63
0.57
0.63
0.58
0.70
0.70
0.69
0.55
0.48
0.46
0.60
0.55
0.60
0.55
0.67
0.58
0.57
0.53
0.51
0.59
0.59
0.66
0.61
0.54
0.61
0.69
0.69
0.63
0.54
0.70
0.73
0.56
0.65
0.66
0.56
0.65
0.54
0.61
0.65
0.55
0.58
0.66
0.58
0.75
0.78
0.76
0.76
0.73
0.58
0.62
0.71
0.79
0.77
0.74
0.56
0.68
0.75
0.74
0.57
0.61
0.61
0.55
0.51
0.69
0.64
0.52
0.55
0.62
0.65
0.78
0.81
0.75
0.79
0.66
0.78
0.77
0.80
0.58
0.72
0.77
0.80
0.77
0.78
0.76
0.46
0.52
0.63
0.69
0.77
0.78
0.78
0.74
0.62
0.59
0.61
0.64
0.46
0.65
0.65
0.68
0.51
0.47
0.54
0.54
0.65
0.62
0.62
0.70
0.72
0.69
0.57
0.47
0.64
0.61
0.63
0.63
0.55
0.57
0.54
0.62
0.68
0.58
0.66
0.64
0.73
0.74
0.64
0.66
0.54
0.61
0.63
0.71
0.80
0.74
0.58
0.74
0.80
0.78
0.76
0.80
0.80
0.76
0.74
0.78
0.70
0.64
0.59
0.71
0.63
0.69
0.72
0.65
0.76
0.59
0.80
0.80
0.78
0.70
0.72
0.61
0.73
0.83
0.80
0.81
0.74
0.82
0.75
0.78
0.80
0.81
0.73
0.64
0.73
0.75
0.68
0.51
0.60
0.72
0.69
0.76
0.67
0.76
