0.00
0.56
0.60
0.52
0.56
0.58
0.72
0.71
0.69
0.72
0.66
0.56
0.70
0.54
0.48
0.46
0.58
0.62
0.65
0.69
0.78
0.77
0.74
0.74
0.72
0.59
0.56
0.58
0.61
0.54
0.47
0.58
0.68
0.57
0.64
0.74
0.62
0.72
0.59
0.55
0.65
0.54
0.64
0.52
0.57
0.52
0.56
0.49
0.62
0.47
0.50
0.61
0.60
0.60
0.53
0.58
0.61
0.50
0.52
0.58
0.64
0.55
0.55
0.49
0.68
0.59
0.67
0.55
0.73
0.53
0.50
0.49
0.63
0.55
0.54
0.58
0.54
0.47
0.54
0.59
0.68
0.61
0.63
0.65
0.65
0.49
0.52
0.56
0.50
0.60
0.59
0.57
0.54
0.57
0.41
0.44
0.58
0.61
0.62
0.60
0.67
0.59
0.56
0.48
0.49
0.55
0.70
0.62
0.58
0.55
0.60
0.51
0.55
0.47
0.58
0.55
0.48
0.30
0.10
0.05
0.03
0.27
0.30
0.33
0.30
0.33
0.25
0.30
0.31
0.17
0.27
0.18
0.32
0.30
0.34
0.23
0.31
0.27
0.20
0.55
0.52
0.45
0.46
0.48
0.42
0.29
0.40
0.39
0.32
0.65
0.74
0.70
0.65
0.58
0.53
0.58
0.60
0.58
0.62
0.45
0.39
0.54
0.52
0.46
0.46
0.46
0.53
0.50
0.47
0.23
0.36
0.19
0.30
0.22
0.38
0.25
0.38
0.30
0.58
0.41
0.38
0.26
0.44
0.38
0.60
0.50
0.57
0.59
0.43
0.39
0.46
0.44
0.68
0.57
0.55
0.49
0.55
0.67
0.63
0.72
0.53
0.59
