0.00
0.77
0.71
0.53
0.49
0.53
0.38
0.28
0.29
0.14
0.21
0.18
0.40
0.37
0.42
0.37
0.54
0.66
0.59
0.64
0.70
0.57
0.40
0.53
0.40
0.52
0.40
0.52
0.46
0.42
0.42
0.41
0.61
0.64
0.51
0.61
0.37
0.57
0.54
0.47
0.55
0.55
0.49
0.62
0.49
0.54
0.59
0.63
0.59
0.52
0.56
0.50
0.62
0.71
0.55
0.60
0.50
0.46
0.46
0.50
0.67
0.58
0.63
0.60
0.58
0.56
0.60
0.54
0.50
0.65
0.62
0.57
0.51
0.50
0.58
0.61
0.72
0.70
0.68
0.62
0.48
0.49
0.58
0.51
0.48
0.53
0.46
0.52
0.49
0.42
0.67
0.42
0.51
0.47
0.48
0.58
0.62
0.52
0.53
0.64
0.54
0.59
0.55
0.58
0.54
0.60
0.63
0.65
0.61
0.71
0.65
0.71
0.74
0.76
0.74
0.56
0.69
0.59
0.62
0.70
0.56
0.59
0.66
0.74
0.79
0.76
0.77
0.63
0.71
0.58
0.58
0.65
0.70
0.76
0.77
0.76
0.79
0.73
0.66
0.76
0.77
0.57
0.71
0.75
0.76
0.82
0.79
0.73
0.76
0.73
0.68
0.58
0.59
0.58
0.68
0.55
0.58
0.78
0.82
0.75
0.67
0.68
0.71
0.75
0.81
0.78
0.73
0.76
0.56
0.66
0.70
0.62
0.69
0.58
0.54
0.60
0.61
0.56
0.36
0.48
0.54
0.46
0.68
0.65
0.62
0.67
0.67
0.64
0.55
0.63
0.69
0.59
0.72
0.70
0.69
0.68
0.78
0.72
0.73
0.74
0.59
0.61
0.62
0.64
0.74
0.69
0.78
0.79
0.76
0.78
