0.00
382.27
476.90
490.09
356.44
515.66
506.53
432.06
446.20
479.13
467.42
323.96
420.62
382.23
295.56
383.45
336.44
247.66
230.10
310.15
304.76
386.62
267.49
305.72
249.13
251.99
357.28
290.31
190.29
273.70
230.78
383.93
291.43
418.30
439.86
334.87
456.58
280.83
319.97
285.39
192.35
166.61
379.68
382.91
423.98
482.70
455.28
427.40
417.77
402.67
267.07
361.26
225.32
288.14
319.99
381.87
362.31
212.01
213.30
269.10
301.63
330.56
390.35
406.14
262.89
349.21
356.86
340.43
207.13
191.73
264.71
376.36
365.99
323.51
319.72
442.47
473.17
483.34
441.55
186.71
211.68
408.11
489.56
318.13
441.80
271.77
286.36
299.48
424.77
359.51
413.62
346.79
442.30
457.54
271.21
288.07
420.53
330.89
283.59
295.64
242.02
400.37
374.48
359.55
236.72
274.68
427.89
423.04
298.26
380.70
150.64
285.26
299.33
263.18
361.65
321.66
405.18
394.53
198.25
355.29
178.76
231.54
353.46
282.93
268.03
249.07
228.16
177.49
198.13
313.60
345.65
498.75
441.52
485.97
536.89
375.92
281.48
414.21
330.79
316.89
385.68
242.02
511.49
405.84
361.43
423.68
497.50
400.84
367.16
285.46
366.71
302.71
418.40
432.17
420.02
275.75
206.70
209.50
374.05
265.79
332.19
302.72
433.21
314.39
304.09
291.47
260.95
371.63
329.69
433.09
365.50
281.67
380.05
470.38
463.22
397.84
296.70
449.81
491.27
304.36
392.48
387.73
284.08
434.78
283.76
365.25
365.13
286.53
299.95
358.09
298.62
437.30
494.49
458.59
487.98
424.15
307.64
332.91
415.52
483.63
485.24
458.44
256.43
381.43
460.19
452.18
293.57
316.30
305.11
257.19
216.65
444.36
393.88
257.65
293.47
365.86
391.60
513.74
533.93
496.22
513.56
386.93
495.63
491.84
526.75
298.98
429.91
481.27
513.68
464.54
476.04
451.73
166.81
209.66
343.30
411.16
498.61
484.75
496.10
425.86
339.04
311.70
313.26
360.16
191.21
375.37
379.72
355.75
236.25
203.33
292.46
284.27
384.00
372.02
378.90
456.12
438.97
402.11
284.85
160.45
398.89
242.02
323.74
274.90
216.43
181.31
173.29
261.94
371.60
255.35
340.96
353.50
450.18
468.44
364.67
396.10
265.44
324.41
339.57
434.47
528.22
465.58
297.35
448.91
525.43
511.41
488.44
542.95
530.43
486.57
481.38
513.38
454.25
358.94
338.28
441.21
345.52
401.96
442.84
359.11
493.21
325.46
529.30
530.59
502.40
405.57
433.31
334.41
465.51
550.45
521.83
514.27
470.83
534.37
461.43
511.86
526.41
530.85
471.85
365.37
438.58
466.57
375.43
226.26
327.01
463.00
420.13
509.07
413.28
506.90
