0.00
482.73
402.82
423.36
455.52
284.41
349.89
420.41
387.56
275.99
185.14
238.57
372.18
309.99
426.12
277.23
460.03
383.10
442.46
485.85
490.44
394.61
312.96
274.09
440.02
412.94
234.38
320.15
355.06
375.91
360.95
449.34
474.79
449.22
451.49
411.03
344.52
385.31
470.64
397.86
237.71
267.20
301.97
433.38
514.21
515.27
492.16
383.42
511.52
493.32
451.74
480.54
412.82
401.93
271.47
247.76
288.81
230.61
370.29
309.46
354.02
360.28
217.98
249.24
234.29
214.97
305.21
401.53
437.95
326.54
301.34
366.89
269.18
251.04
263.40
309.68
353.31
410.65
324.30
301.97
273.17
304.58
423.24
377.49
229.39
168.65
304.12
217.85
264.57
240.84
288.20
329.65
361.31
311.31
230.32
218.55
274.43
318.55
176.42
304.41
229.71
266.06
282.67
403.68
271.62
319.93
442.28
456.50
490.88
262.54
504.63
324.90
233.31
236.24
143.99
277.54
330.59
127.38
191.90
224.95
220.13
232.73
226.02
232.09
330.18
377.18
366.93
310.04
342.34
256.35
309.76
417.83
339.71
358.52
217.70
454.60
338.49
271.59
293.80
233.30
379.39
200.12
278.20
259.92
248.64
285.74
376.77
337.75
259.95
399.23
195.57
220.75
320.20
243.06
247.41
166.85
238.94
215.84
283.16
261.63
331.40
269.18
230.81
225.02
201.41
414.73
216.64
242.79
345.07
425.47
426.66
224.66
316.93
436.41
492.67
488.68
459.77
392.62
522.33
525.69
492.26
371.20
480.36
352.03
440.65
463.91
319.74
287.39
206.73
320.55
290.65
366.97
345.84
230.81
320.82
274.92
375.58
263.72
239.06
174.07
285.15
244.14
258.93
239.40
281.66
213.49
361.52
241.28
