0.00
273.29
538.50
300.79
555.70
279.81
541.33
376.91
481.53
480.39
358.99
487.81
353.32
409.13
322.62
443.26
254.30
334.44
299.83
253.72
296.64
259.96
215.31
362.12
389.83
270.00
344.21
423.96
378.72
453.92
387.25
324.86
351.18
369.88
341.24
459.56
414.12
306.37
479.70
356.39
311.05
305.37
261.86
244.21
330.57
402.03
343.05
393.50
449.71
468.08
355.37
475.31
381.14
279.01
342.56
433.82
287.56
448.06
349.64
424.77
450.79
445.05
383.51
261.48
396.33
334.97
410.29
427.98
499.71
309.72
431.12
483.28
312.94
282.73
504.33
310.65
269.16
366.30
328.38
406.39
454.53
381.67
291.90
352.11
278.68
499.28
493.47
213.95
366.22
343.93
272.69
349.90
438.58
382.22
291.29
373.76
385.46
391.25
204.91
391.21
407.75
397.96
281.45
325.20
411.25
226.33
415.75
465.63
330.76
491.54
285.90
301.49
375.80
190.49
345.60
312.94
395.69
341.09
420.43
417.92
261.31
306.98
402.16
181.54
180.39
255.38
360.28
360.44
266.49
305.55
273.40
326.55
290.48
342.81
472.02
458.08
458.32
344.73
281.62
245.89
333.78
248.73
241.69
325.35
204.69
338.63
221.72
212.81
223.43
225.65
231.70
311.10
153.60
266.82
201.85
371.51
205.48
241.23
241.94
339.88
499.40
501.90
529.57
490.37
458.92
501.95
522.13
432.41
454.28
419.61
331.32
468.95
456.78
416.02
269.02
287.07
206.18
146.44
110.74
153.83
16.68
39.25
28.19
119.65
25.86
16.05
32.82
77.03
52.39
76.93
162.39
155.92
169.61
136.64
141.24
125.50
144.98
171.24
102.70
117.07
79.25
119.22
51.46
98.43
133.94
197.43
102.30
112.90
165.10
165.83
183.92
156.19
184.29
210.60
247.90
257.33
259.60
123.77
165.52
89.00
97.17
148.69
153.79
62.62
112.28
117.33
118.10
95.96
112.18
82.79
34.97
78.84
108.54
67.25
100.22
82.62
51.63
68.09
78.46
76.11
57.07
68.00
84.40
67.05
91.69
119.56
339.82
199.28
115.93
85.59
45.81
92.17
109.46
112.56
69.10
161.18
104.08
138.29
148.19
161.48
141.49
99.70
122.18
131.41
135.57
107.67
173.91
177.59
227.81
210.22
180.90
155.65
108.86
44.16
19.06
44.47
298.29
313.61
273.64
372.99
270.12
192.90
207.37
290.14
242.52
240.97
320.18
225.96
179.64
156.70
339.45
264.12
179.00
297.82
290.26
256.71
196.67
166.13
118.70
109.81
69.83
97.86
207.35
266.52
321.38
294.37
226.12
241.10
163.66
228.50
315.46
295.66
310.09
449.57
256.04
203.85
312.75
358.75
312.51
373.35
410.33
335.18
357.67
334.44
393.66
273.76
226.71
251.35
360.56
228.98
181.74
276.44
331.79
223.50
313.63
437.09
332.76
409.63
193.55
330.83
304.00
443.40
459.54
418.99
396.23
430.77
424.25
353.61
286.41
257.39
292.16
258.96
266.40
254.91
195.22
219.66
260.98
187.76
283.13
365.52
239.47
256.86
346.93
442.28
410.26
407.64
292.20
333.68
412.24
341.12
374.63
288.65
422.99
268.90
393.64
420.76
245.59
366.07
409.85
295.62
487.38
490.93
459.26
448.76
408.98
334.75
439.93
261.93
292.06
299.43
222.17
301.73
412.22
364.78
398.71
277.72
448.70
447.61
256.94
343.04
332.38
225.80
238.56
225.67
189.28
275.62
260.29
211.19
247.82
229.12
281.91
364.26
354.06
258.49
272.25
160.60
211.35
251.23
362.14
329.67
264.58
239.63
335.51
224.30
252.41
281.26
287.62
353.93
296.30
344.11
304.56
351.49
325.12
317.93
152.43
158.45
187.33
222.47
265.94
234.41
286.13
283.73
386.10
181.22
229.87
335.90
93.33
191.39
169.21
235.95
210.61
347.26
170.23
193.75
204.26
301.37
175.27
133.22
279.57
181.45
222.05
328.50
227.62
213.18
197.40
302.18
188.28
459.46
251.99
174.53
147.70
291.00
196.40
285.17
336.44
266.98
399.24
358.44
370.99
379.52
423.19
426.21
311.02
285.56
258.48
266.32
285.70
250.65
177.77
270.64
248.26
213.26
201.19
216.55
278.31
270.06
333.62
253.97
311.79
443.31
385.47
470.86
281.27
289.74
284.72
506.53
445.14
440.41
341.00
265.16
449.50
382.82
315.68
480.11
498.13
432.91
463.61
324.04
167.13
139.65
100.23
87.77
106.62
137.17
157.99
139.19
135.63
121.61
127.24
191.34
230.54
271.45
198.27
192.50
273.57
230.69
234.35
170.58
266.59
348.52
345.04
361.11
250.51
184.24
223.56
214.91
264.44
238.44
126.06
156.30
215.10
255.91
276.87
286.65
230.00
258.42
241.39
196.41
132.30
275.76
187.31
167.49
259.42
230.12
292.99
481.85
399.68
264.44
326.54
447.73
431.86
340.19
277.79
337.25
212.61
277.51
279.28
246.89
209.51
193.15
210.64
204.24
210.27
180.89
206.39
240.18
344.42
278.95
337.34
494.22
505.33
468.75
488.99
475.17
320.43
340.74
391.43
403.22
494.55
258.39
375.94
237.92
220.75
446.54
483.68
486.10
495.85
536.33
517.31
480.05
354.25
455.87
325.36
349.01
459.67
399.46
509.86
540.42
371.34
435.26
296.38
389.74
342.62
266.34
325.64
268.09
270.92
371.39
433.92
306.39
457.42
470.45
318.10
438.72
435.19
340.53
446.75
458.47
467.71
381.33
265.48
506.12
453.95
309.15
328.65
327.88
220.15
402.23
415.86
401.04
321.59
307.50
329.82
251.40
236.62
357.89
327.11
253.17
239.79
341.16
240.33
289.42
357.24
180.74
186.72
275.73
172.65
321.67
334.40
324.65
250.52
394.53
372.70
283.57
190.34
191.10
126.40
106.76
76.52
46.61
60.45
106.90
124.36
94.16
110.83
130.28
145.40
125.98
57.45
46.14
71.34
69.19
88.14
92.29
103.06
121.36
120.46
101.22
97.67
