0.00
0.75
0.68
0.69
0.73
0.56
0.64
0.68
0.65
0.57
0.47
0.53
0.65
0.58
0.70
0.54
0.69
0.62
0.67
0.70
0.70
0.63
0.55
0.53
0.68
0.68
0.51
0.59
0.64
0.65
0.64
0.71
0.75
0.72
0.72
0.69
0.61
0.66
0.75
0.67
0.53
0.56
0.58
0.68
0.78
0.78
0.77
0.66
0.79
0.78
0.72
0.75
0.70
0.70
0.59
0.55
0.59
0.54
0.66
0.61
0.63
0.63
0.52
0.54
0.52
0.49
0.59
0.63
0.65
0.60
0.57
0.60
0.53
0.52
0.46
0.57
0.60
0.67
0.62
0.60
0.58
0.59
0.69
0.68
0.55
0.42
0.56
0.50
0.54
0.55
0.60
0.61
0.61
0.63
0.54
0.52
0.59
0.60
0.46
0.59
0.55
0.55
0.57
0.68
0.54
0.58
0.68
0.67
0.68
0.51
0.71
0.59
0.49
0.49
0.38
0.57
0.58
0.41
0.45
0.48
0.45
0.53
0.48
0.47
0.56
0.59
0.62
0.57
0.62
0.51
0.54
0.62
0.54
0.54
0.50
0.68
0.59
0.57
0.59
0.54
0.65
0.49
0.57
0.56
0.54
0.55
0.60
0.57
0.52
0.61
0.43
0.49
0.56
0.49
0.53
0.47
0.55
0.52
0.56
0.54
0.61
0.56
0.54
0.51
0.46
0.69
0.49
0.54
0.65
0.68
0.69
0.49
0.60
0.69
0.75
0.74
0.72
0.67
0.79
0.81
0.77
0.64
0.74
0.61
0.70
0.72
0.59
0.58
0.50
0.59
0.59
0.64
0.63
0.55
0.64
0.56
0.65
0.57
0.55
0.46
0.57
0.55
0.53
0.48
0.45
0.36
0.41
0.22
