0.026518
0.149193
0.134626
0.118150
0.172582
0.293658
0.318447
0.322822
0.321138
0.306543
0.443691
0.349588
0.389957
0.292621
0.313453
0.145506
0.228094
0.200226
0.199409
0.188503
0.193231
0.174678
0.192417
0.173755
0.118026
0.114533
0.120243
0.116284
0.146030
0.172559
0.249929
0.226676
0.116617
0.124066
0.137261
0.112559
0.161842
0.126000
0.154067
0.180845
0.130496
0.119698
0.126782
0.124291
0.192659
0.201892
0.263081
0.333865
0.326152
0.471393
0.375413
0.328456
0.392941
0.333232
0.265710
0.252366
0.310171
0.361137
0.303714
0.208021
0.201456
0.185315
0.187462
0.169382
0.124048
0.122419
0.141912
0.115177
0.119529
0.118605
0.121633
0.113786
0.127551
0.196026
0.196774
0.171828
0.150465
0.125559
0.122923
0.141326
0.140140
0.159114
0.198259
0.142139
0.103505
0.132705
0.144465
0.118775
0.150562
0.229871
0.315392
0.324415
0.254359
0.316756
0.319742
0.334805
0.412219
0.348371
0.396697
0.296890
0.387681
0.343095
0.365896
0.360691
0.288248
0.305240
0.257226
0.387910
0.347229
0.251753
0.198897
0.229712
0.256842
0.192883
0.225412
0.251922
0.251321
0.224521
0.253087
0.347383
0.449744
0.322184
0.351832
0.389965
0.310218
0.373831
0.303492
0.316090
0.298559
0.350385
0.374614
0.301187
0.280604
0.364357
0.294421
0.327348
0.304317
0.342263
0.316533
0.304626
0.350216
0.291863
0.296640
0.309118
0.358746
0.355652
0.325971
0.371676
0.343707
0.380650
0.317834
0.385914
0.389218
0.344111
0.350246
0.355811
0.285881
0.312425
0.315095
0.374898
0.324389
0.367002
0.358904
0.275867
0.339846
0.366202
0.307555
0.412667
0.352185
0.387694
0.476323
0.294649
0.311433
0.341433
0.374653
0.302198
0.321493
0.311407
0.319515
0.296444
0.351595
0.332141
0.306199
0.375183
0.372913
0.355309
0.501484
0.397217
0.331507
0.466650
0.343810
0.367886
0.305801
0.186817
0.174273
0.184424
0.234914
0.225159
0.199800
0.181445
0.201483
0.177701
0.179858
0.152074
0.252821
0.304865
0.424628
0.346963
0.381198
0.426436
0.409722
0.366699
0.350529
0.268310
0.241866
0.201775
0.157495
0.106802
0.129237
0.134343
0.166996
0.168079
0.118194
0.133003
0.112068
0.182256
0.172122
0.162745
0.137311
0.261567
0.299550
0.320962
0.364488
0.332129
0.460680
0.258921
0.280038
0.361101
0.225653
0.219388
0.207475
0.163219
0.333866
0.230683
0.291695
0.139953
0.108447
0.155215
0.143789
0.102296
0.158066
0.203961
0.205662
0.133044
0.126221
0.118155
0.111382
0.136112
0.110816
0.126088
0.189012
0.156930
0.173563
0.176450
0.154280
0.223150
0.306655
0.292074
0.324498
0.365329
0.364452
0.323239
0.512331
0.473515
0.315440
0.365192
0.351628
0.290456
0.318612
0.199323
0.162586
0.219274
0.151542
0.124056
0.128244
0.132710
0.125316
0.138701
0.125379
0.124653
0.141468
0.132041
0.127761
0.127031
0.130873
0.132848
0.143738
0.151026
0.186588
0.119718
0.214357
0.189322
0.117175
0.134470
0.135852
0.141768
0.209010
0.142321
0.115853
0.141047
0.296891
0.226187
0.369313
0.339124
0.335446
0.302245
0.294579
0.225016
0.246118
0.338302
0.323831
0.300941
0.293489
0.333863
0.266307
0.320123
0.318653
0.362524
0.346798
0.346561
