0.00
334.68
366.40
282.85
363.32
321.58
272.64
377.64
346.46
324.80
325.02
424.94
394.30
458.68
249.63
442.51
285.41
402.46
426.49
430.37
409.81
386.79
356.11
246.88
370.91
423.08
353.39
236.69
302.24
247.48
186.46
278.03
304.59
249.41
231.35
246.30
263.93
241.96
201.76
243.87
151.61
124.33
113.64
134.20
168.62
173.87
204.57
121.11
160.96
228.14
228.60
217.50
269.38
154.36
176.89
206.86
177.26
238.87
195.46
136.82
80.85
84.39
161.86
137.71
119.44
119.88
140.76
99.57
84.84
78.69
68.36
130.15
271.59
199.20
167.87
149.61
182.70
272.79
247.78
168.23
245.57
227.07
198.93
204.33
191.98
270.57
212.18
319.74
306.67
243.68
277.95
317.54
221.32
347.26
249.96
294.07
254.49
207.29
195.26
235.77
244.64
271.79
330.51
312.10
300.36
342.64
305.46
301.34
303.28
278.27
283.49
297.71
294.88
205.78
264.88
247.06
258.29
232.97
190.06
289.21
218.38
265.18
240.71
249.90
272.47
280.90
317.56
252.32
200.15
232.07
242.87
234.37
273.52
175.18
207.74
306.15
232.56
253.80
240.46
265.11
178.79
266.97
190.39
199.77
187.64
190.21
177.44
214.80
207.11
192.04
207.93
213.17
239.71
212.53
222.01
233.20
256.32
299.51
183.61
278.85
226.39
252.52
358.94
220.69
385.59
342.24
318.14
382.10
349.23
366.07
357.88
351.01
334.01
326.22
368.20
228.86
293.75
305.42
261.65
306.60
249.54
226.42
253.44
253.06
259.45
309.60
157.32
286.62
266.95
181.35
217.31
127.50
191.87
188.32
187.35
78.79
58.60
121.59
160.53
127.43
100.88
128.67
196.21
347.87
297.49
220.30
236.10
198.38
233.81
211.03
123.83
75.13
106.13
186.33
237.81
213.28
242.35
189.05
222.21
198.47
206.66
99.17
119.92
103.62
118.96
119.06
108.38
114.55
387.91
374.40
344.84
361.90
365.55
375.09
369.06
367.54
341.62
301.20
361.97
322.22
345.87
318.06
319.46
279.54
326.47
349.76
282.54
330.19
363.78
340.32
334.76
308.19
308.51
288.94
275.61
305.54
245.29
334.06
287.31
307.23
326.71
334.71
333.35
280.28
302.14
262.01
291.84
289.95
272.94
256.83
294.32
302.07
307.16
291.87
319.55
322.52
302.82
292.82
283.99
282.01
290.20
329.54
289.64
314.27
305.96
317.11
293.21
234.34
246.62
282.28
272.46
302.96
191.64
263.12
289.41
282.43
291.28
305.81
290.77
310.42
291.03
311.02
297.18
285.12
264.43
323.48
310.95
307.34
313.69
304.76
232.94
193.96
242.65
243.56
241.38
206.76
225.43
173.51
247.18
274.45
234.81
216.00
255.36
260.54
265.30
264.60
227.89
216.78
185.51
202.05
207.93
200.26
195.13
238.85
224.29
229.90
223.12
228.67
283.70
234.74
207.45
241.60
203.14
193.67
239.68
158.96
154.82
172.97
86.18
151.09
172.83
115.82
69.47
151.38
173.87
167.98
121.30
119.38
258.79
206.72
217.14
132.65
192.94
201.16
107.66
90.79
94.19
220.83
259.08
229.32
240.36
254.99
272.28
213.63
220.75
216.64
114.78
134.20
120.45
107.67
171.95
134.85
132.35
146.33
134.08
121.80
141.79
166.80
195.51
223.14
139.83
