0.196499
0.171770
0.153040
0.181054
0.166931
0.179533
0.165534
0.151351
0.171068
0.145577
0.170462
0.155592
0.147699
0.172314
0.158412
0.150579
0.161166
0.166533
0.205806
0.169384
0.175904
0.177854
0.172260
0.188116
0.168438
0.191417
0.166740
0.169389
0.153385
0.179819
0.160710
0.173944
0.180251
0.174542
0.160091
0.180081
0.164336
0.168802
0.180425
0.189317
0.199018
0.156328
0.162127
0.162080
0.154163
0.191515
0.183706
0.171436
0.173468
0.162895
0.166106
0.158835
0.179378
0.172281
0.183877
0.233382
0.176027
0.164124
0.170768
0.158320
0.168418
0.178860
0.178719
0.154395
0.168707
0.207083
0.172575
0.147665
0.190779
0.168703
0.167664
0.179744
0.161746
0.158195
0.160466
0.167495
0.183132
0.158908
0.149630
0.210060
0.179119
0.173423
0.174647
0.187585
0.210745
0.138342
0.132454
0.202267
0.229555
0.220087
0.227456
0.169329
0.190717
0.171817
0.209907
0.238015
0.239231
0.217511
0.230862
0.187505
0.187366
0.210712
0.178207
0.169733
0.175120
0.198986
0.216968
0.157748
0.155971
0.175132
0.180500
0.183186
0.191010
0.178118
0.197297
0.177917
0.190913
0.155219
0.165499
0.169252
0.166296
0.172947
0.186920
0.178352
0.199613
0.173019
0.156086
0.180239
0.179513
0.216849
0.150357
0.179502
0.164231
0.152561
0.171325
0.156444
0.176656
0.180329
0.170861
0.206273
0.195453
0.186527
0.158595
0.182250
0.148170
0.202793
0.160528
0.156044
0.183773
0.196052
0.188001
0.184150
0.165031
0.193051
0.157295
0.185212
0.166498
0.171338
0.188965
0.158897
0.157428
0.158037
0.185104
0.170992
0.182343
0.159865
0.183377
0.179628
0.168177
0.168988
0.191278
0.160778
0.178866
0.203593
0.154912
0.163350
0.167556
0.159473
0.165322
0.154300
0.184056
0.163856
0.193457
0.163693
0.172565
0.175408
0.178287
0.165455
0.145181
0.157629
0.198500
0.156950
0.179291
0.148554
0.154530
0.156665
0.170599
0.182261
0.169900
0.185047
0.158438
0.173705
0.160316
0.172234
0.173428
0.161173
0.151127
0.173643
0.163152
0.166290
0.192241
0.154849
0.185245
0.143324
0.180693
0.156958
0.153292
0.188022
0.177433
0.162109
0.177988
0.165193
0.201037
0.157272
0.149750
0.161026
0.171898
0.159047
0.167769
0.218993
0.178372
0.180479
0.193041
0.197902
0.192911
0.191389
0.146191
0.164322
0.164692
0.203028
0.173528
0.169520
0.160102
0.179601
0.185095
0.152607
0.160302
0.186856
0.210389
0.157707
0.183954
