0.00
282.24
242.23
267.84
230.72
225.58
252.69
224.63
424.30
225.07
232.40
230.22
280.72
254.92
241.53
275.13
328.83
222.86
237.18
248.23
284.29
319.86
222.17
229.07
281.49
301.70
265.52
372.54
427.60
232.17
388.38
297.76
365.48
262.02
296.45
174.48
168.26
169.47
329.37
281.98
302.37
279.04
276.30
226.07
272.02
323.12
232.90
132.50
179.75
189.62
207.65
305.45
246.11
245.04
212.05
205.68
197.08
284.95
320.59
176.64
208.33
294.67
298.77
179.90
268.46
311.22
225.70
181.93
261.50
261.08
182.19
124.86
132.65
207.31
186.97
131.94
180.39
166.79
199.42
121.68
160.81
164.94
248.60
180.11
171.70
125.29
169.47
120.95
270.27
188.55
196.52
145.25
132.71
158.79
201.09
110.69
195.66
234.90
218.62
229.19
164.88
168.53
273.40
226.13
179.69
203.61
122.51
117.03
188.45
179.95
208.25
174.38
116.10
142.88
158.43
143.33
146.76
213.49
257.94
148.46
225.01
179.72
149.28
193.23
169.23
158.42
93.90
201.39
115.34
203.54
113.25
119.07
161.03
154.45
139.82
141.03
184.16
145.09
150.48
165.40
204.15
193.43
157.36
149.22
204.41
215.42
189.79
136.53
172.31
182.53
137.43
246.78
230.37
167.00
149.39
206.98
156.01
133.69
180.14
174.72
227.57
135.57
164.83
169.25
226.31
237.14
144.69
163.85
269.42
195.05
219.73
199.21
233.96
164.88
196.10
150.74
202.70
186.69
182.24
189.15
166.87
196.21
143.85
231.83
240.49
168.38
168.93
214.83
216.46
209.61
216.64
217.23
201.63
208.46
184.01
162.01
228.40
181.47
247.81
230.17
300.02
228.47
155.24
143.39
224.52
226.91
172.15
158.21
186.40
285.75
195.92
236.67
247.11
224.19
248.52
217.89
186.65
269.74
183.17
245.63
303.27
261.92
295.75
264.78
271.32
182.83
200.92
133.07
223.36
202.94
264.01
166.24
161.66
148.84
127.07
139.26
114.19
280.16
124.90
184.51
165.79
147.62
194.38
149.14
135.57
185.53
176.92
291.04
242.97
292.86
190.46
