0.008606
0.130139
0.158047
0.157188
0.179279
0.163967
0.147512
0.186554
0.161973
0.148628
0.175854
0.203297
0.151385
0.172105
0.168976
0.165126
0.185634
0.186890
0.171689
0.184614
0.209695
0.162981
0.154354
0.152737
0.166291
0.149474
0.158192
0.169741
0.147862
0.184270
0.167806
0.157722
0.158777
0.145428
0.149334
0.178424
0.146093
0.161919
0.192830
0.197582
0.201844
0.153112
0.142923
0.191158
0.151020
0.172730
0.170593
0.167767
0.151236
0.196192
0.185182
0.199311
0.169604
0.134899
0.104971
0.112731
0.106681
0.132295
0.120868
0.128863
0.118798
0.107222
0.112402
0.107755
0.105839
0.103971
0.102851
0.106825
0.104475
0.133736
0.212397
0.168414
0.190499
0.180849
0.161594
0.151851
0.161698
0.154717
0.160471
0.153051
0.161952
0.157520
0.202396
0.197387
0.171053
0.164390
0.152121
0.176549
0.163810
0.160977
0.131856
0.142373
0.152355
0.161322
0.132953
0.138171
0.181278
0.154719
0.151703
0.140337
0.143975
0.145180
0.148563
0.152793
0.170959
0.160830
0.150614
0.170696
0.157919
0.191792
0.143425
0.154705
0.152423
0.146352
0.141663
0.166471
0.148417
0.167861
0.195185
0.177393
0.160458
0.158288
0.166763
0.194219
0.108921
0.098487
0.097845
0.100227
0.100815
0.098772
0.096561
0.097417
0.097068
0.098786
0.099133
0.097734
0.097094
0.098635
0.097371
0.098353
0.096810
0.095288
0.097726
0.165114
0.153317
0.136042
0.156872
0.172803
0.198261
0.162118
0.142510
0.222567
0.175668
0.158885
0.163321
0.167250
0.185814
0.224045
0.185257
0.166652
0.195483
0.180090
0.187491
0.206164
0.150788
0.166110
0.156595
0.196344
0.172695
0.185891
0.161307
0.161857
0.145281
0.145288
0.160742
0.162331
0.182446
0.218737
0.168634
0.177148
0.161454
0.160303
0.161452
0.153019
0.168446
0.166708
0.160039
0.166162
0.166808
0.201315
0.174066
0.158918
0.163348
0.177970
0.216617
0.200194
0.165200
0.176586
0.181937
0.147933
0.173036
0.189584
0.160756
0.167504
0.156752
0.167977
0.180539
0.139546
0.156612
0.157442
0.154689
0.154323
0.147593
0.160699
0.192024
0.150633
0.174569
0.157068
0.148490
0.161503
0.149220
0.153715
0.186435
0.170475
0.165086
0.178533
0.166237
0.169294
0.170156
0.160292
0.169229
0.180453
0.167336
0.187805
0.171368
0.155943
0.151922
0.180902
0.179846
0.173624
0.161892
0.184680
0.160112
0.163173
0.178230
0.174693
0.177806
0.166946
0.170075
0.168464
0.179158
0.155068
0.146804
0.185727
0.141272
0.171052
0.190022
0.154750
0.151131
0.202741
0.175215
0.155756
0.157161
0.171507
0.153156
0.144981
0.173719
0.166069
0.182980
0.208157
0.155856
0.148715
0.136291
0.149568
0.140075
0.165634
0.195105
0.174755
0.161278
0.148376
0.131144
0.154179
0.133282
0.140567
0.146472
0.194071
0.151044
0.154464
0.138510
0.158189
0.130950
0.177015
0.140925
0.129887
0.166136
0.179184
0.202432
0.138349
0.138788
0.138512
0.141339
0.181397
0.189216
0.182070
0.168873
0.148227
0.157228
0.141038
0.138036
0.147265
0.137712
0.140383
0.135881
0.186713
0.134162
0.191586
0.154278
0.157777
0.154406
0.156241
0.171192
0.136302
0.209608
0.159010
0.199630
0.151169
0.145917
0.143533
0.144591
0.169457
0.198010
0.186464
0.164105
0.151086
0.175259
0.167198
0.174237
0.179231
0.168205
0.185489
0.191747
0.156639
0.151244
0.171664
0.162347
0.203640
0.172037
0.168889
0.179315
0.145134
0.233420
0.153390
0.210383
0.292316
0.242991
0.285369
0.351887
0.269899
0.372351
0.284936
0.321224
0.299090
0.333344
0.330637
0.245749
0.242768
0.263815
0.270738
0.383841
0.358411
0.297420
0.290201
0.317810
0.314510
0.274735
0.258648
0.306518
0.269212
0.277196
0.226490
0.286441
0.372114
0.343760
0.265200
0.319119
0.350607
0.368899
0.274690
0.347753
0.284336
0.362186
