0.00
0.59
0.60
0.56
0.61
0.60
0.55
0.60
0.63
0.60
0.54
0.67
0.64
0.70
0.52
0.70
0.57
0.64
0.66
0.67
0.61
0.66
0.60
0.50
0.62
0.64
0.50
0.30
0.43
0.38
0.32
0.43
0.46
0.41
0.37
0.40
0.44
0.39
0.30
0.34
0.19
0.22
0.24
0.30
0.38
0.50
0.57
0.44
0.45
0.51
0.50
0.52
0.51
0.31
0.36
0.40
0.34
0.50
0.46
0.35
0.31
0.23
0.43
0.37
0.36
0.33
0.32
0.29
0.26
0.19
0.14
0.19
0.29
0.19
0.14
0.14
0.23
0.34
0.53
0.29
0.43
0.42
0.40
0.33
0.38
0.53
0.42
0.61
0.64
0.53
0.51
0.61
0.44
0.63
0.42
0.43
0.48
0.35
0.44
0.51
0.45
0.54
0.53
0.57
0.51
0.58
0.59
0.48
0.37
0.42
0.51
0.45
0.58
0.51
0.49
0.51
0.52
0.52
0.31
0.25
0.21
0.24
0.27
0.37
0.25
0.40
0.41
0.32
0.35
0.45
0.28
0.40
0.27
0.19
0.23
0.40
0.33
0.32
0.22
0.34
0.35
0.37
0.25
0.26
0.19
0.41
0.18
0.33
0.25
0.22
0.14
0.15
0.25
0.22
0.39
0.22
0.27
0.37
0.27
0.23
0.36
0.45
0.60
0.49
0.55
0.59
0.52
0.58
0.58
0.54
0.52
0.36
0.52
0.57
0.50
0.42
0.47
0.56
0.49
0.53
0.40
0.46
0.44
0.44
0.42
0.51
0.26
0.37
0.31
0.44
0.56
0.39
0.45
0.47
0.32
0.02
0.02
0.27
0.37
0.30
0.30
0.32
0.33
0.62
0.52
0.45
0.38
0.43
0.44
0.48
0.35
0.18
0.27
0.30
0.37
0.37
0.41
0.37
0.40
0.37
0.45
0.29
0.29
0.28
0.28
0.25
0.24
0.21
0.51
0.50
0.49
0.47
0.55
0.56
0.60
0.49
0.48
0.41
0.48
0.41
0.56
0.49
0.43
0.44
0.50
0.53
0.52
0.50
0.58
0.51
0.50
0.50
0.50
0.46
0.46
0.53
0.37
0.52
0.46
0.52
0.52
0.58
0.54
0.46
0.50
0.39
0.46
0.47
0.42
0.39
0.45
0.47
0.40
0.41
0.45
0.49
0.48
0.40
0.45
0.47
0.47
0.52
0.44
0.44
0.52
0.47
0.45
0.40
0.42
0.51
0.47
0.50
0.39
0.43
0.48
0.41
0.46
0.48
0.49
0.51
0.41
0.47
0.46
0.42
0.44
0.50
0.50
0.51
0.50
0.40
0.35
0.35
0.39
0.45
0.48
0.35
0.40
0.31
0.41
0.50
0.42
0.38
0.46
0.51
0.43
0.40
0.40
0.38
0.41
0.34
0.38
0.42
0.41
0.33
0.37
0.40
0.37
0.43
0.44
0.42
0.41
0.44
0.44
0.38
0.51
0.31
0.36
0.33
0.21
0.29
0.33
0.24
0.18
0.33
0.32
0.42
0.28
0.30
0.50
0.45
0.37
0.29
0.44
0.45
0.28
0.28
0.25
0.47
0.51
0.46
0.47
0.44
0.44
0.43
0.45
0.50
0.30
0.33
0.35
0.35
0.40
0.38
0.40
0.39
0.41
0.34
0.32
0.39
0.43
0.49
0.39
