0.179007
0.165257
0.145683
0.169056
0.187054
0.187032
0.175234
0.158243
0.186889
0.197000
0.174937
0.175481
0.179403
0.167751
0.194377
0.168966
0.160593
0.176776
0.193355
0.166970
0.143354
0.204055
0.196167
0.187176
0.170644
0.191876
0.158485
0.180816
0.201546
0.217157
0.190124
0.153654
0.166782
0.172612
0.173030
0.161375
0.168657
0.166358
0.154359
0.184417
0.171459
0.194419
0.197484
0.175936
0.185230
0.190833
0.166182
0.184850
0.176469
0.241401
0.151742
0.156896
0.197090
0.191494
0.152826
0.190952
0.156269
0.164045
0.137046
0.107337
0.110379
0.102237
0.105811
0.121565
0.126028
0.115900
0.115649
0.114725
0.128865
0.137613
0.119263
0.142576
0.116931
0.120771
0.113767
0.125133
0.112384
0.177147
0.192859
0.202978
0.203109
0.204379
0.216336
0.200635
0.195929
0.185072
0.172059
0.199219
0.182329
0.153125
0.135791
0.128259
0.096082
0.133499
0.104728
0.125238
0.118529
0.106205
0.117248
0.106814
0.106065
0.147706
0.125176
0.101558
0.116182
0.124670
0.128996
0.129159
0.167641
0.211547
0.227108
0.221328
0.216802
0.197405
0.234973
0.202554
0.197634
0.230078
0.174221
0.178901
0.203357
0.133491
0.110880
0.124043
0.117377
0.118535
0.112866
0.108001
0.130249
0.116001
0.129606
0.133055
0.105526
0.145532
0.140586
0.143447
0.152923
0.131872
0.130256
0.156034
0.153527
0.172658
0.136113
0.138506
0.187338
0.208195
0.181415
0.205242
0.174590
0.212425
0.214977
0.213677
0.234390
0.158964
0.187726
0.206669
0.183083
0.185153
0.189578
0.185798
0.193166
0.222172
0.204176
0.167061
0.201318
0.129250
0.141055
0.140684
0.118407
0.125547
0.134920
0.149742
0.117364
0.116374
0.121580
0.137112
0.140167
0.120194
0.115981
0.114594
0.118083
0.117733
0.135242
0.193725
0.175429
0.128918
0.127855
0.109700
0.132988
0.141349
0.176088
0.123786
0.131742
0.124456
0.115123
0.122641
0.128439
0.113373
0.125232
0.125919
0.120109
