0.00
436.21
531.53
363.30
462.43
425.76
492.15
505.77
409.12
542.59
357.45
365.90
423.12
163.15
458.77
287.32
266.70
319.80
368.76
331.43
391.87
188.03
223.78
399.55
321.65
356.92
268.03
342.30
201.41
441.76
306.17
472.58
376.28
290.19
293.34
408.59
270.73
372.76
457.44
283.32
445.50
345.75
382.63
457.27
258.70
467.48
394.39
429.07
282.09
432.53
411.34
288.61
359.53
456.66
422.88
476.01
461.05
470.79
487.55
494.68
501.56
484.49
483.62
501.16
481.44
443.46
483.92
446.60
498.71
499.01
483.92
452.57
468.53
497.48
501.72
506.63
506.92
510.35
502.32
509.37
496.64
489.94
492.43
490.82
477.69
488.94
473.71
481.34
481.10
449.35
481.72
439.08
400.89
465.49
414.20
469.81
410.64
451.93
457.40
436.86
467.68
446.97
450.31
440.67
425.77
425.82
371.02
303.32
407.77
350.93
451.01
331.87
325.08
462.39
380.74
378.48
262.30
247.17
474.92
279.61
370.92
310.64
257.32
401.98
215.20
446.68
208.65
359.51
443.97
374.53
451.80
276.43
323.60
444.11
334.73
440.69
370.21
298.17
433.62
310.15
447.54
183.81
181.58
364.43
218.98
281.32
234.30
339.42
293.04
236.51
322.21
298.45
341.17
379.88
245.80
376.85
319.52
344.53
363.05
295.39
294.67
356.75
232.32
436.82
217.21
356.85
186.85
243.33
276.98
335.42
202.67
332.28
275.37
167.58
250.19
225.55
315.23
274.66
211.92
302.45
176.80
260.94
119.70
202.43
251.18
233.25
266.40
255.89
180.22
230.53
154.16
231.40
280.63
154.72
179.26
201.48
249.80
203.10
182.35
233.19
186.92
