0.00
375.81
238.72
304.11
243.35
154.68
95.83
241.15
268.40
182.79
244.80
212.22
231.34
215.37
230.49
220.72
205.76
228.73
185.10
196.26
156.36
180.61
209.31
193.15
219.68
316.30
407.07
406.30
331.02
331.80
273.41
275.04
263.23
371.28
339.14
311.27
449.65
422.63
383.98
251.80
310.93
281.54
325.67
318.52
238.22
375.04
302.53
373.21
419.49
401.87
416.92
422.70
420.73
354.83
320.15
374.81
378.03
325.19
357.00
358.39
344.20
243.02
337.10
280.94
345.80
393.60
337.91
338.54
283.40
269.80
239.68
346.35
267.83
339.25
207.14
308.64
314.91
302.31
178.42
264.61
159.38
379.44
175.49
189.18
300.05
260.27
215.75
206.10
183.30
246.64
222.74
226.50
298.08
295.47
366.15
388.01
407.69
477.38
385.86
385.41
364.95
407.12
380.18
404.40
402.66
417.35
365.67
454.01
394.53
406.74
441.09
446.71
455.21
226.14
428.57
435.01
397.82
340.12
345.14
344.74
368.20
282.77
342.21
169.84
316.55
192.30
252.74
298.39
302.01
263.64
350.95
306.38
301.38
250.22
288.40
305.64
340.16
389.44
308.17
384.50
182.68
173.71
250.13
271.52
363.46
333.34
266.79
339.32
302.19
332.41
335.33
359.94
249.03
207.52
229.10
333.60
287.00
326.20
321.83
426.90
447.29
289.90
347.36
226.28
382.59
231.12
369.00
315.24
292.58
329.81
279.28
283.03
232.02
242.91
300.44
348.20
256.50
298.98
