0.00
0.89
0.83
0.86
0.66
0.55
0.82
0.81
0.65
0.58
0.65
0.63
0.70
0.75
0.75
0.65
0.65
0.72
0.56
0.75
0.52
0.78
0.54
0.56
0.74
0.74
0.62
0.54
0.75
0.67
0.62
0.61
0.62
0.49
0.49
0.49
0.45
0.54
0.43
0.54
0.43
0.45
0.53
0.55
0.60
0.56
0.65
0.55
0.56
0.55
0.48
0.48
0.51
0.42
0.48
0.46
0.45
0.48
0.37
0.42
0.36
0.45
0.48
0.56
0.47
0.54
0.60
0.55
0.49
0.54
0.51
0.51
0.46
0.49
0.56
0.52
0.46
0.54
0.52
0.60
0.50
0.61
0.67
0.68
0.74
0.74
0.70
0.57
0.75
0.69
0.64
0.75
0.72
0.60
0.58
0.61
0.65
0.66
0.73
0.75
