0.00
0.59
0.70
0.50
0.52
0.43
0.35
0.44
0.49
0.39
0.46
0.49
0.42
0.53
0.54
0.55
0.43
0.48
0.38
0.34
0.35
0.33
0.35
0.36
0.46
0.45
0.55
0.59
0.45
0.46
0.32
0.48
0.52
0.48
0.50
0.37
0.55
0.54
0.50
0.58
0.57
0.61
0.54
0.66
0.68
0.50
0.59
0.50
0.48
0.28
0.48
0.56
0.62
0.61
0.57
0.62
0.55
0.55
0.48
0.56
0.63
0.64
0.56
0.64
0.60
0.64
0.69
0.64
0.63
0.49
0.55
0.51
0.49
0.44
0.50
0.47
0.59
0.53
0.61
0.43
0.38
0.49
0.32
0.49
0.52
0.56
0.50
0.45
0.44
0.53
0.64
0.62
0.52
0.58
0.55
0.56
0.50
0.40
0.45
0.44
0.38
0.42
0.53
0.50
0.46
0.48
0.45
0.46
0.52
0.51
0.50
0.55
0.54
0.63
0.60
0.64
0.62
0.61
0.62
0.63
0.60
0.56
0.50
0.64
0.63
0.64
0.59
0.51
0.52
0.54
0.64
0.62
0.65
0.61
0.70
0.65
0.61
0.62
0.44
0.48
0.42
0.48
0.43
0.52
0.44
0.62
0.64
0.60
0.62
0.63
0.52
0.49
0.66
0.47
0.64
0.55
0.56
0.53
0.66
0.60
0.56
0.59
0.59
0.64
0.64
0.61
0.62
0.59
0.62
0.61
0.62
0.67
0.61
0.67
0.69
0.66
0.67
0.68
0.67
0.72
0.73
0.67
0.68
0.65
0.68
0.67
0.68
0.60
0.69
0.66
0.62
0.73
0.73
0.71
0.69
0.62
0.71
0.69
0.65
0.67
0.72
0.65
0.71
0.73
0.72
0.72
0.71
0.72
0.73
0.74
0.71
0.69
0.71
0.63
0.66
0.67
0.69
0.64
0.66
0.70
0.73
0.71
0.65
0.73
0.72
0.73
0.75
0.73
0.70
0.63
0.64
0.60
0.67
