0.00
0.80
0.74
0.72
0.78
0.74
0.72
0.77
0.72
0.74
0.71
0.73
0.76
0.73
0.78
0.79
0.76
0.78
0.75
0.75
0.75
0.71
0.75
0.72
0.73
0.67
0.68
0.64
0.69
0.66
0.69
0.67
0.66
0.65
0.68
0.68
0.72
0.72
0.71
0.75
0.74
0.74
0.70
0.70
0.67
0.66
0.65
0.69
0.68
0.69
0.67
0.64
0.69
0.63
0.64
0.59
0.48
0.58
0.51
0.51
0.56
0.49
0.57
0.61
0.54
0.57
0.51
0.55
0.57
0.58
0.52
0.52
0.54
0.64
0.67
0.70
0.64
0.72
0.66
0.64
0.61
0.57
0.68
0.73
0.70
0.69
0.72
0.72
0.69
0.67
0.66
0.53
0.55
0.74
0.69
0.76
0.70
0.74
0.67
0.77
0.71
0.72
0.65
0.74
0.66
0.70
0.63
0.64
0.66
0.60
0.62
0.67
0.70
0.69
0.72
0.69
0.68
0.72
0.72
0.71
0.75
0.73
0.67
0.64
0.60
0.64
0.64
0.66
0.69
0.68
0.67
0.69
0.76
0.71
0.76
0.77
0.77
0.78
0.78
0.70
0.76
0.64
0.66
0.66
0.69
0.70
0.71
0.71
0.72
0.72
0.75
0.73
0.74
0.73
0.72
0.76
0.76
0.68
0.75
0.66
0.66
0.71
0.63
0.67
0.65
0.67
0.70
0.69
0.74
0.68
0.71
0.72
0.69
0.75
0.76
0.74
0.66
0.72
0.66
0.71
0.71
0.68
0.63
0.63
0.62
0.63
0.73
0.67
0.70
0.71
0.70
0.70
0.69
0.69
0.64
0.61
0.58
0.65
0.60
0.54
0.60
0.64
0.58
0.68
0.53
0.54
0.62
0.61
0.60
0.66
0.70
0.66
0.59
0.64
0.63
0.62
0.55
0.55
0.64
0.64
0.59
0.59
0.61
0.62
0.56
0.59
0.56
0.54
0.60
0.53
0.59
0.59
0.56
0.49
0.46
0.53
0.48
0.45
0.50
0.51
0.53
0.44
0.54
0.62
0.53
0.58
0.52
0.45
0.46
0.58
0.50
0.47
0.55
0.53
0.47
0.33
0.49
0.39
0.59
0.59
0.53
0.63
0.69
0.69
0.62
0.70
0.63
0.61
0.59
0.56
0.62
0.44
0.58
0.48
0.21
0.19
0.28
0.29
0.36
0.43
0.52
0.49
0.68
0.49
0.52
0.51
0.58
0.52
0.49
0.40
0.61
0.58
0.65
0.65
0.70
0.69
0.66
0.65
0.68
0.74
0.65
0.74
0.71
0.60
0.70
0.70
0.69
0.53
0.54
0.52
0.52
0.67
0.63
0.68
0.63
0.64
0.51
0.58
0.66
0.59
0.63
0.67
0.64
0.62
0.65
0.64
0.61
0.69
0.65
0.63
0.48
0.51
0.60
0.59
0.56
0.59
0.67
0.71
0.64
0.71
0.68
0.66
0.75
0.60
0.71
0.71
0.74
0.62
0.73
0.68
0.59
0.62
0.73
0.65
0.53
0.60
0.63
0.72
0.66
0.74
0.75
0.61
0.60
0.66
0.71
0.60
0.56
0.56
0.61
0.45
0.33
0.40
0.33
0.47
0.57
0.40
0.57
0.66
0.62
0.54
0.65
0.56
0.63
0.66
0.74
0.65
0.72
0.51
0.61
0.65
0.65
0.68
0.71
0.68
0.66
0.72
0.61
0.71
0.67
0.68
0.64
0.55
0.58
0.60
0.52
0.59
0.65
0.66
0.58
0.66
0.57
0.63
0.68
0.62
0.64
0.62
0.58
0.57
0.49
0.57
0.59
0.55
0.60
0.64
0.63
0.62
0.56
0.63
0.49
0.63
0.66
0.69
0.67
0.69
0.64
0.67
0.70
0.55
0.63
0.55
0.67
0.38
0.43
0.67
0.66
0.67
0.59
0.68
0.64
0.65
0.72
0.56
0.68
0.67
0.61
0.64
0.68
0.65
0.71
0.65
0.61
0.70
0.62
0.75
0.71
0.74
0.75
0.73
0.75
0.78
0.77
0.76
0.76
0.67
0.71
0.74
0.68
0.70
0.70
0.74
0.74
0.75
0.71
0.73
0.74
0.72
0.71
0.72
0.71
0.66
0.61
0.59
0.59
0.56
0.49
0.55
0.51
0.61
0.49
0.62
0.61
0.65
0.62
0.62
0.60
0.65
0.65
0.65
0.54
0.66
0.67
0.71
0.65
0.67
0.71
0.66
0.66
0.67
0.66
0.74
0.68
0.62
0.60
0.55
0.60
0.49
0.44
0.48
0.42
0.48
0.64
0.59
0.57
0.54
0.59
0.59
0.52
0.51
0.50
0.50
0.51
0.65
0.52
0.47
0.49
0.53
0.50
0.48
0.46
0.49
0.47
0.51
0.52
0.64
0.45
0.48
0.41
0.50
0.48
0.47
0.43
0.48
0.48
0.51
0.39
0.48
0.49
0.42
0.51
0.55
0.44
0.36
0.46
0.44
0.47
0.45
0.45
0.48
0.43
0.47
0.52
0.59
0.49
0.49
0.42
0.51
0.48
0.54
0.45
0.50
0.41
0.35
0.27
0.51
0.38
0.42
0.40
0.51
0.38
0.37
0.39
0.46
0.42
0.43
0.33
0.43
0.37
0.41
0.49
0.36
0.35
0.43
0.50
