0.00
340.07
401.91
348.64
266.63
256.01
239.61
381.39
308.12
199.69
224.37
280.32
168.41
267.24
289.68
248.27
186.58
186.35
124.62
127.55
140.26
125.84
152.77
281.99
205.82
213.18
306.71
259.56
193.40
259.60
155.83
264.60
250.93
223.86
230.11
163.37
211.70
220.77
195.56
288.97
264.01
313.29
272.06
387.02
391.22
237.70
286.68
217.22
214.47
149.89
232.05
366.32
376.02
345.02
309.50
340.95
272.86
238.85
199.69
277.44
302.96
344.24
239.88
331.74
291.82
330.24
397.04
346.50
298.38
153.21
203.11
169.29
145.84
136.82
219.01
235.17
301.39
251.29
329.76
190.86
174.69
187.30
230.06
278.67
276.87
234.12
206.48
190.43
183.47
277.19
367.78
361.09
250.48
379.70
306.40
270.83
314.25
239.61
199.14
290.35
309.39
276.05
338.23
330.10
333.27
339.16
342.12
367.96
406.26
401.12
385.04
389.53
374.66
392.90
401.77
421.04
376.95
349.54
396.47
395.86
375.67
390.03
337.23
420.60
421.35
425.43
387.57
319.68
286.34
262.00
391.01
364.05
427.07
365.87
441.57
415.28
377.21
380.43
220.45
303.92
229.73
345.96
226.49
347.82
286.43
419.93
399.97
410.24
419.11
402.72
399.17
416.58
464.96
362.30
444.63
416.43
454.07
435.04
437.56
368.34
394.04
409.72
352.78
422.09
384.31
451.76
395.95
403.79
427.52
371.24
413.75
414.88
367.00
431.61
431.69
397.73
408.13
425.29
405.51
450.41
457.70
406.19
389.31
395.41
416.57
413.50
400.18
324.12
434.22
386.64
328.48
454.91
452.22
447.52
396.15
321.64
435.21
401.69
350.55
382.69
429.39
367.12
423.45
445.41
443.43
448.77
425.91
426.53
451.19
457.39
427.56
411.79
431.50
363.25
385.43
389.96
422.16
368.04
371.18
439.48
460.26
446.27
377.32
458.25
454.20
461.99
479.44
456.75
427.11
334.96
348.66
294.76
373.94
