0.00
525.34
483.36
451.89
516.93
461.43
456.14
503.10
434.42
462.00
416.43
421.35
457.05
431.61
493.78
495.47
472.16
500.43
478.56
498.24
501.30
452.28
485.13
477.01
461.32
393.95
420.82
353.48
412.78
382.43
437.74
431.28
414.14
407.10
445.27
445.15
461.72
470.18
475.26
480.47
473.22
480.19
439.78
469.11
402.67
383.72
399.38
414.59
430.65
419.35
445.49
441.02
447.41
422.92
418.52
377.74
236.07
328.88
274.80
263.11
298.40
243.99
348.97
342.85
345.83
319.47
254.96
265.29
318.71
307.40
265.73
259.92
263.46
368.84
406.51
439.57
387.35
456.42
401.06
370.81
344.10
302.71
414.61
504.20
446.23
440.70
463.34
472.97
455.20
439.56
394.51
263.37
263.00
483.70
448.07
510.28
470.99
486.59
407.69
512.41
452.73
461.16
392.27
486.81
456.18
469.50
426.57
432.54
442.99
398.94
410.64
460.22
482.19
449.81
450.43
419.25
407.18
451.43
458.35
455.81
483.49
471.08
389.68
388.93
331.76
373.07
327.30
381.77
435.99
433.91
463.53
456.73
476.18
469.28
502.31
508.69
498.62
501.87
509.57
458.76
466.33
439.08
375.51
380.44
415.92
432.44
441.94
443.07
442.27
457.19
467.61
474.44
488.90
454.24
440.74
492.27
472.33
426.03
476.55
366.83
413.17
430.08
351.97
419.86
422.02
444.17
471.06
434.12
459.52
460.71
469.71
477.69
469.81
486.09
470.11
475.43
431.68
436.41
389.80
402.63
416.74
408.49
365.37
372.38
361.72
353.09
436.32
396.43
385.40
382.32
396.74
361.23
357.83
357.21
299.09
281.83
271.71
369.22
298.24
261.05
324.98
330.81
306.17
393.87
256.79
273.97
351.67
337.76
315.10
376.03
456.98
399.60
318.44
392.39
353.48
335.71
298.44
274.47
340.71
307.35
260.75
313.64
290.76
292.38
249.14
299.43
296.00
273.45
319.01
255.02
264.86
303.11
262.79
206.54
193.15
238.39
203.88
165.20
228.54
231.51
265.59
159.59
238.72
332.37
251.35
298.48
302.04
186.12
194.70
303.17
254.61
217.67
286.01
271.99
241.41
164.70
285.31
249.74
305.73
302.43
229.85
382.91
401.57
409.68
307.70
420.96
291.99
354.23
290.52
263.78
298.09
190.71
367.99
226.21
156.45
216.38
247.70
271.75
327.76
301.36
294.48
321.60
437.95
321.78
311.42
276.60
278.58
237.92
195.64
207.18
311.53
279.89
355.82
359.10
394.72
407.05
392.72
377.34
400.05
412.67
373.81
443.49
408.98
368.87
396.38
403.37
383.76
321.67
335.91
305.84
341.53
385.91
364.06
410.21
322.27
357.24
326.25
359.65
379.81
302.10
337.24
376.75
381.72
328.21
340.53
310.17
328.41
359.37
365.96
341.43
312.23
357.47
401.92
335.61
393.76
417.77
451.10
450.44
389.86
436.48
416.08
400.85
458.66
387.72
417.93
449.93
471.47
434.33
460.25
445.66
428.40
409.34
475.78
424.74
371.15
435.38
445.68
468.36
415.99
478.73
488.24
436.01
378.25
421.87
456.80
403.39
401.75
370.64
445.77
395.78
358.72
353.74
311.25
344.16
375.20
324.58
402.05
408.61
342.95
306.03
396.22
334.60
347.57
370.65
429.55
369.07
423.95
239.95
365.80
375.03
379.96
382.86
380.19
355.26
364.33
376.91
333.33
387.07
346.69
366.33
337.65
311.76
303.93
344.72
286.75
304.74
347.44
352.99
253.53
314.01
281.85
301.63
319.46
303.94
306.55
297.72
303.82
267.11
245.29
284.23
296.07
271.43
265.50
317.50
304.05
296.62
264.88
288.50
221.30
296.69
316.09
305.59
323.46
337.14
312.93
314.98
337.60
278.60
303.06
282.20
305.08
174.19
207.58
341.24
322.14
348.60
218.12
318.26
274.89
289.96
376.78
189.19
350.27
290.70
282.95
267.96
341.47
287.21
338.58
318.31
251.26
339.49
234.84
335.32
306.16
337.29
361.99
354.90
358.51
386.96
380.06
360.40
366.88
271.46
314.33
354.90
289.53
303.85
306.17
350.09
368.00
381.22
333.27
360.66
394.29
342.24
316.90
335.28
311.24
270.88
231.46
214.26
242.68
216.40
166.46
209.20
174.28
238.34
148.15
252.58
232.01
289.30
246.28
242.40
241.69
294.32
293.70
302.68
219.79
305.28
308.40
355.16
300.86
305.32
305.95
271.49
289.78
295.82
298.03
383.67
354.88
280.82
251.41
260.32
270.50
201.51
148.44
191.60
139.81
214.65
267.26
258.66
258.86
240.01
247.54
261.82
227.68
244.53
208.99
214.60
278.48
291.89
223.18
174.25
218.85
218.49
183.57
176.72
140.28
175.07
158.38
202.91
219.18
320.67
161.49
196.02
140.07
240.32
191.83
146.73
185.74
152.88
148.27
168.53
115.68
206.70
152.90
117.02
174.60
241.00
144.66
137.01
155.08
130.53
168.78
163.32
141.16
161.93
220.13
142.75
184.31
247.92
146.05
174.45
129.07
186.96
153.78
197.19
136.00
168.86
118.95
118.42
101.25
171.78
123.71
110.52
108.23
210.90
121.43
146.35
132.53
155.41
121.06
152.70
135.25
155.91
142.91
167.64
204.32
160.10
141.49
184.39
204.51
