0.229963
0.191066
0.185279
0.173169
0.170571
0.161584
0.168492
0.149309
0.165496
0.178767
0.172171
0.190771
0.185498
0.166293
0.174111
0.180886
0.154481
0.162006
0.148294
0.157593
0.180917
0.189994
0.198407
0.185253
0.182197
0.149003
0.186947
0.200067
0.170930
0.178601
0.198399
0.161331
0.177769
0.160088
0.178050
0.157008
0.157897
0.163811
0.172100
0.165532
0.153982
0.148300
0.162582
0.183018
0.169297
0.145839
0.166584
0.161044
0.162997
0.152501
0.185149
0.166973
0.156555
0.202553
0.169447
0.173542
0.181310
0.158854
0.181776
0.202554
0.165604
0.161786
0.186473
0.152112
0.215632
0.149323
0.173989
0.161129
0.178966
0.167844
0.160108
0.178751
0.169287
0.175865
0.182058
0.158266
0.205466
0.189298
0.160232
0.185133
0.161091
0.167205
0.193710
0.173323
0.176330
0.173363
0.189664
0.203899
0.183183
0.200502
0.168575
0.156000
0.154559
0.201996
0.154898
0.181873
0.186830
0.181441
0.212551
0.169099
0.184349
0.190009
0.172521
0.161604
0.165449
0.163724
0.150547
0.167990
0.165684
0.181842
0.135982
0.127407
0.137636
0.133664
0.140342
0.133850
0.132710
0.127887
0.127961
0.119796
0.121881
0.128249
0.116583
0.144106
0.152616
0.162407
0.137325
0.133344
0.184736
0.216456
0.201072
0.203317
0.187939
0.179304
0.164468
0.163070
0.194577
0.173465
0.168850
0.179559
0.184315
0.184194
0.171578
0.180598
0.185637
0.151335
0.126267
0.115451
0.139957
0.124968
0.122581
0.137059
0.136318
0.174082
0.124742
0.131713
0.131907
0.130047
0.128242
0.132382
0.139887
0.129461
0.143368
0.158500
0.226510
0.174815
0.162758
0.177404
0.188436
0.177623
0.163394
0.189366
0.225998
0.162156
0.186049
0.155705
0.130307
0.129217
0.096278
0.109093
0.132508
0.120014
0.123858
0.123422
0.124701
0.137869
0.122250
0.118825
0.145051
0.129580
0.125146
0.116343
0.142112
0.147309
0.164704
0.171144
0.197451
0.179007
0.149862
0.190761
0.192100
0.177916
0.168815
0.208849
0.160846
0.168458
0.174467
0.178833
0.167897
0.157582
0.163316
0.150767
0.167562
0.172042
0.182530
0.150823
0.164059
0.174553
0.175868
0.153697
0.166305
0.201224
0.156271
0.182398
0.161923
0.174982
0.184598
0.176424
0.175188
0.144047
0.187119
0.159706
0.162899
0.197646
0.169420
0.189621
0.174014
0.190252
0.183769
0.167858
0.202233
0.184925
0.181860
0.179390
0.170804
0.176867
0.167606
0.190830
0.188914
0.153556
0.171502
0.175993
0.159441
0.182882
0.189560
0.188026
0.192576
0.188764
0.170617
0.163473
0.181795
0.193271
0.184208
0.184523
0.163102
0.180457
0.191203
0.184541
0.170685
0.177073
0.181011
0.211950
0.199374
0.170185
0.187195
0.205595
0.185019
0.156753
0.174056
0.190834
0.196261
0.197397
0.200248
0.226619
0.195338
0.184217
0.205349
0.197872
0.197714
0.205572
0.202499
0.206211
0.147263
0.183124
0.181140
0.194595
0.180554
0.250659
0.187111
0.166004
0.203888
0.162959
0.191427
0.181829
0.150979
0.178752
0.176133
0.169118
0.197714
0.196545
0.158913
0.204227
0.191188
0.367313
0.183627
0.167974
0.190702
0.162661
0.163487
0.181538
0.177594
0.153519
0.170991
0.168353
0.177869
0.176088
0.227469
0.181959
0.195139
0.187292
0.171928
0.159055
0.182582
0.199275
0.197447
0.180837
0.181321
0.162280
0.152591
0.190743
0.176949
0.163134
0.166916
0.161815
0.175783
0.152472
0.164099
0.191750
0.162254
0.181761
0.195256
0.158604
0.178069
0.185186
0.195115
0.118185
0.107458
0.120657
0.128767
0.126282
0.118897
0.128816
0.125076
0.134732
0.111902
0.113112
0.133355
0.121280
0.127219
0.127527
0.117481
0.116174
0.128553
0.190908
0.198698
0.167720
0.165915
0.232833
0.176583
0.201760
0.192341
0.171913
0.189106
0.153439
0.179440
0.150107
0.151059
0.118319
0.101197
0.123145
0.104507
0.134766
0.108649
0.118226
0.111026
0.108728
0.102716
0.103886
0.106098
0.134365
0.147839
0.124156
0.125646
0.145322
0.186364
0.214137
0.186061
0.188246
0.218592
0.210671
0.207120
0.202192
0.196038
0.215115
0.201958
0.212263
0.171497
0.127836
0.107240
0.125248
0.119284
0.116436
0.102848
0.115754
0.123871
0.108422
0.120521
0.154168
0.123997
0.111656
0.114241
0.143310
0.137353
0.141740
0.148946
0.123435
0.136824
0.154126
0.111797
0.100888
0.128884
0.198246
0.182039
0.186661
0.197331
0.179371
0.180793
0.172518
0.214946
0.223500
0.118117
0.201298
0.197696
0.191404
0.201196
0.220896
0.177781
0.175724
0.232715
0.199102
0.242205
0.159697
0.124091
0.127044
0.120142
0.125537
0.121815
0.118981
0.125862
0.132682
0.129249
0.127105
0.129819
0.121263
0.127100
0.122264
0.135046
0.124753
0.144251
0.139180
0.138471
0.133608
0.145660
0.138879
0.133768
0.143145
0.175700
0.135136
0.144354
0.154796
0.186146
0.119092
0.128727
0.119929
0.123585
0.120990
0.118878
0.134561
0.117106
0.142414
0.143311
0.149159
0.142264
0.152652
0.149888
0.137690
0.138880
0.144303
0.162666
0.155077
0.164757
0.147295
0.149901
0.159632
0.146197
0.154866
0.145949
0.152465
0.147305
0.155891
0.164649
0.166930
0.171139
0.158737
0.161808
0.149889
0.158561
0.174997
0.164297
0.163217
0.170610
0.195848
0.167687
0.155419
0.151712
0.150544
0.170000
0.155005
0.173002
0.152700
0.149329
0.169734
0.203021
0.159277
0.142976
0.141553
0.139838
0.137019
0.136002
0.171971
0.181582
0.163574
0.140930
0.141246
0.148397
0.149465
0.137300
0.133578
0.133772
0.131898
0.162344
0.154880
0.153265
0.138065
0.149221
0.137796
0.156019
0.158381
0.145766
0.139835
0.151454
0.141157
0.143129
0.135674
0.154894
0.172648
0.140646
0.143345
0.143993
0.153078
0.147246
0.151260
0.143770
0.172521
0.132711
0.140569
0.144625
0.145606
0.164500
0.141373
0.143831
0.157117
0.175544
0.166345
0.143776
0.176822
0.173995
0.142919
0.155392
0.169013
0.153438
0.178427
0.138733
0.160231
0.133746
0.139693
0.140246
0.145158
0.136810
0.138444
0.152508
0.153398
0.141046
