0.00
286.99
462.52
405.46
429.15
496.35
389.81
397.23
369.84
427.89
254.91
472.15
284.41
516.73
411.20
525.03
468.25
460.45
429.30
492.22
437.74
474.05
437.71
483.59
475.29
493.66
455.80
512.75
539.82
488.53
527.08
465.55
504.93
457.43
455.43
493.23
400.21
305.68
408.74
385.40
397.01
339.58
448.74
449.04
291.67
447.45
318.42
349.30
374.48
281.18
351.16
428.08
298.43
419.11
313.27
403.28
360.09
487.08
446.47
413.72
501.03
375.83
522.94
499.94
475.90
355.12
444.81
321.91
322.04
404.09
340.16
282.52
379.59
269.17
388.74
346.91
319.75
408.11
290.70
226.49
318.47
333.50
353.91
263.43
212.89
220.86
232.87
206.31
252.51
279.11
273.63
360.31
336.26
361.83
345.91
364.14
356.64
311.20
358.99
260.41
311.70
265.65
243.86
313.64
272.15
261.84
300.29
274.73
254.12
318.37
251.48
190.46
263.64
375.16
246.86
370.48
171.68
368.98
242.07
315.01
221.53
285.53
209.75
285.54
245.86
209.19
229.24
216.54
253.57
220.65
189.65
203.43
226.49
154.15
254.53
146.27
175.40
182.29
142.33
177.41
251.37
198.14
164.68
211.57
276.55
244.44
241.18
225.40
256.53
174.45
278.03
226.94
283.94
192.69
302.22
199.03
231.83
250.72
273.72
267.44
298.12
296.78
313.15
264.32
