0.00
446.87
371.17
411.01
369.14
386.01
372.07
301.99
244.34
238.49
242.44
206.97
220.24
220.80
214.02
266.70
228.10
312.99
217.12
227.90
285.63
216.15
265.98
207.19
240.44
187.69
172.32
213.64
176.34
235.52
235.44
294.43
197.47
228.25
178.50
163.94
205.69
163.28
135.87
229.89
293.68
188.02
261.40
312.07
261.48
332.92
294.56
148.28
240.58
197.87
281.23
217.43
319.04
174.64
242.83
259.12
248.65
202.04
239.35
219.92
311.64
266.12
275.66
265.32
243.42
258.34
282.39
167.97
179.83
247.94
208.02
232.35
163.40
166.70
251.27
286.97
202.82
349.76
277.68
195.13
237.73
256.48
282.72
237.59
234.30
266.06
324.83
307.63
206.32
163.32
162.72
171.99
140.62
212.64
169.67
159.38
132.37
172.85
177.25
179.41
157.71
182.91
227.69
353.08
231.55
210.50
228.13
112.83
117.61
220.01
160.47
215.32
294.10
264.25
