0.209355
0.204964
0.207652
0.171065
0.161215
0.167186
0.177138
0.174584
0.191995
0.170228
0.175323
0.171903
0.179684
0.180839
0.185955
0.166637
0.187895
0.170856
0.198180
0.174650
0.183928
0.174121
0.167413
0.215026
0.200157
0.172732
0.174682
0.159497
0.187569
0.182699
0.202295
0.178501
0.162033
0.196418
0.195549
0.189738
0.166108
0.178149
0.173523
0.172205
0.205276
0.204303
0.160522
0.194247
0.195991
0.186289
0.181426
0.168642
0.196392
0.197025
0.179296
0.172227
0.167775
0.162994
0.151195
0.170909
0.173950
0.169094
0.189283
0.175529
0.192750
0.189705
0.184688
0.188919
0.165388
0.167861
0.184407
0.150552
0.213676
0.197190
0.218603
0.208926
0.182204
0.180907
0.190154
0.164488
0.197738
0.210300
0.159807
0.197692
0.192745
0.209929
0.173791
0.158931
0.158543
0.177851
0.145143
0.166572
0.174650
0.176841
0.174001
0.182757
0.189277
0.170540
0.166585
0.212292
0.186363
0.166660
0.168866
0.194158
0.237514
0.172166
0.182114
0.173998
0.174336
0.179717
0.179055
0.149336
0.185557
0.183049
0.210741
0.177759
0.187277
0.183089
0.165431
0.165661
0.193316
0.172048
0.157389
0.219714
0.165401
0.216603
0.192364
0.192031
0.206863
0.192058
0.171553
0.185050
0.176732
0.181550
0.171722
0.178192
0.164171
0.187900
0.184378
0.188087
0.179044
0.147134
0.146484
0.170520
0.138568
0.178782
0.162182
0.155744
0.180801
0.151704
0.193556
0.203947
0.188223
0.185171
0.168822
0.192510
0.170035
0.177586
0.191376
0.191316
0.203840
0.190067
0.170466
0.169908
0.175981
0.163527
0.164994
0.189296
0.184040
0.182029
0.172242
0.207503
0.212311
0.188074
0.196883
0.164472
0.188817
0.142280
0.181854
0.160292
0.179621
0.169993
0.171134
0.175684
0.206197
0.184920
0.170067
0.156930
0.174354
0.209868
0.214904
0.181633
0.175001
0.186588
0.186871
0.220236
0.189068
0.159521
0.187368
0.175712
0.224562
0.157458
0.176415
0.159533
0.169841
0.240702
0.167938
0.203032
0.225976
0.177949
0.187877
0.152790
0.197303
0.214917
0.235942
0.192710
0.199322
0.172226
0.233467
0.170089
0.197109
0.199787
0.205530
0.186289
0.186915
0.178451
0.187541
0.163499
0.214975
0.148324
0.193443
0.156771
0.167508
0.171544
0.168728
0.169090
0.204870
0.188071
0.162719
0.171368
0.170284
0.160264
0.168399
0.179969
0.176401
