0.00
181.44
242.61
386.62
174.61
144.53
189.50
346.84
191.72
295.14
223.28
150.33
181.58
221.15
203.51
373.16
297.34
414.86
362.22
309.56
218.31
363.60
333.37
250.04
233.41
305.07
250.45
299.19
313.59
267.45
204.62
169.17
256.34
159.94
219.54
277.72
223.95
320.97
261.66
263.08
201.46
274.96
274.72
164.92
191.39
188.25
179.08
231.75
231.27
178.45
142.77
174.33
165.55
200.89
123.70
164.03
274.68
183.71
189.50
130.37
119.10
160.88
119.11
152.82
139.43
180.32
104.70
190.92
155.22
231.71
258.41
200.17
175.18
223.10
159.57
200.27
173.63
198.80
243.14
166.28
291.93
129.83
128.50
133.76
226.93
176.01
281.56
253.18
225.52
190.32
219.16
209.71
159.52
177.75
183.50
166.26
150.77
146.91
162.45
186.41
215.83
261.01
221.91
239.64
191.15
234.73
232.63
239.04
269.88
240.96
227.02
248.94
203.17
214.57
231.66
203.44
270.68
168.03
261.36
274.37
192.33
246.50
219.12
122.16
209.93
148.93
177.73
137.49
169.66
277.46
200.70
256.43
228.97
178.10
216.20
284.33
249.18
235.06
194.96
174.16
257.77
223.90
188.30
172.14
223.73
127.56
197.92
199.89
162.90
186.54
208.56
239.16
251.63
232.06
335.64
227.90
241.67
124.69
172.82
313.47
246.03
191.75
173.93
380.78
196.44
113.12
324.09
243.75
215.28
195.28
170.58
278.98
210.70
317.18
213.52
209.92
273.59
334.41
265.13
255.49
359.60
178.62
342.86
309.95
289.75
252.23
342.85
398.42
364.00
324.83
179.36
285.64
157.25
170.47
225.27
210.10
230.01
319.02
196.21
195.59
229.38
251.06
173.48
257.65
261.51
311.61
197.14
159.56
193.01
226.13
273.62
240.59
221.46
214.34
194.37
210.20
245.03
249.84
223.86
172.52
137.74
154.92
137.04
170.50
120.79
85.28
129.85
132.18
140.08
158.94
126.98
75.85
74.40
69.29
77.18
85.76
80.51
101.67
203.99
142.76
135.24
