0.00
447.02
432.91
350.34
382.41
212.83
200.62
188.58
213.31
204.54
196.90
243.37
234.74
199.57
238.68
165.39
202.60
191.14
190.56
220.44
172.09
234.88
141.67
172.37
171.74
148.25
178.33
116.20
143.64
176.50
260.66
183.54
213.53
254.47
197.29
267.27
187.27
225.73
200.10
203.57
214.43
249.76
141.13
129.38
100.20
102.97
99.64
119.44
112.11
128.50
252.41
198.11
170.85
181.22
172.56
133.81
184.26
183.30
194.39
216.44
163.63
152.48
131.32
128.37
224.53
200.78
211.79
145.15
208.14
242.44
196.50
287.55
189.65
255.71
204.20
247.90
218.57
234.15
211.51
224.18
239.01
232.38
289.29
372.12
228.81
355.47
265.17
247.39
305.17
304.82
195.19
256.22
222.39
258.90
216.61
219.93
235.96
283.09
269.62
336.29
330.84
329.01
329.06
349.67
357.97
325.50
306.12
220.88
262.31
283.38
317.61
320.47
314.52
272.11
283.53
305.26
289.91
288.23
309.51
355.36
331.65
362.21
380.31
392.15
357.52
389.37
413.11
360.08
391.32
416.52
395.13
426.66
437.06
