0.016848
0.160103
0.151373
0.170501
0.171526
0.152402
0.184709
0.156945
0.152051
0.167421
0.162079
0.150888
0.161425
0.154631
0.157201
0.167225
0.151112
0.152264
0.154833
0.154377
0.155441
0.161169
0.158496
0.161267
0.155139
0.156362
0.155113
0.147347
0.149140
0.145382
0.146199
0.174735
0.158110
0.155204
0.192695
0.149633
0.146958
0.148715
0.149261
0.149172
0.148993
0.151620
0.149879
0.149670
0.149907
0.150681
0.149664
0.157606
0.155987
0.165529
0.155480
0.150032
0.152006
0.156613
0.140605
0.146806
0.183526
0.147363
0.150546
0.152097
0.148819
0.196971
0.191360
0.154953
0.179473
0.173933
0.165173
0.155326
0.179017
0.178794
0.161629
0.145592
0.189793
0.173555
0.160255
0.150618
0.174918
0.161130
0.171685
0.177272
0.161104
0.148340
0.153961
0.172225
0.175770
0.162292
0.161098
0.145694
0.155550
0.158599
0.167007
0.173931
0.160923
0.146543
0.145628
0.161322
0.159961
0.206331
0.170990
0.151490
0.137885
0.146942
0.144884
0.136763
0.164694
0.147329
0.151699
0.148139
0.157075
0.179288
0.176476
0.137211
0.156373
0.150069
0.141407
0.156684
0.151746
0.152797
0.158571
0.158095
0.164722
0.159349
0.168011
0.178210
0.172548
0.204525
0.183754
0.161726
0.160072
0.156028
0.151438
0.169664
0.159604
