0.00
0.72
0.76
0.77
0.75
0.74
0.72
0.69
0.66
0.73
0.63
0.72
0.71
0.71
0.70
0.65
0.67
0.70
0.72
0.65
0.66
0.67
0.70
0.70
0.70
0.71
0.77
0.77
0.77
0.73
0.76
0.75
0.73
0.73
0.71
0.66
0.78
0.66
0.70
0.68
0.68
0.67
0.68
0.68
0.66
0.62
0.55
0.62
0.67
0.70
0.68
0.72
0.64
0.70
0.67
0.68
0.70
0.62
0.64
0.72
0.69
0.73
0.71
0.74
0.74
0.68
0.70
0.67
0.69
0.64
0.74
0.70
0.70
0.67
0.72
0.72
0.71
0.69
0.61
0.57
0.60
0.62
0.60
0.63
0.69
0.68
0.66
0.65
0.65
0.58
0.66
0.54
0.48
0.63
0.73
0.74
0.72
0.70
0.63
0.73
0.68
0.74
0.73
0.71
0.63
0.69
0.70
0.66
0.62
0.64
0.71
0.66
0.73
0.64
0.68
0.63
0.68
0.70
0.69
0.72
0.72
0.72
0.74
0.73
0.73
0.75
0.71
0.72
0.69
0.70
0.70
0.68
0.66
0.67
0.70
0.71
0.70
0.70
0.68
0.68
0.55
0.64
0.58
0.59
0.63
0.59
0.53
0.58
0.61
0.58
0.56
0.57
0.54
0.54
0.54
0.60
0.57
0.60
0.63
0.64
0.64
0.69
0.65
0.63
0.64
0.64
0.54
0.63
0.64
0.68
0.70
0.68
0.67
0.74
0.76
0.62
0.59
0.53
0.60
0.48
0.65
0.61
0.62
0.58
0.67
0.62
0.63
0.54
0.69
0.55
0.62
0.68
0.73
0.66
0.68
0.74
0.69
0.52
0.72
0.50
0.61
0.56
0.64
0.57
0.60
0.51
0.61
0.56
0.59
0.52
0.69
0.56
0.63
0.52
0.62
0.57
0.53
0.54
0.48
0.47
0.47
0.43
0.47
0.43
0.41
0.49
0.49
0.49
0.46
0.55
0.55
0.53
0.58
0.51
0.50
0.47
0.44
0.64
0.59
0.45
0.56
0.54
0.56
0.56
0.53
0.60
0.67
0.63
0.63
0.68
0.66
0.65
0.67
0.64
0.64
0.61
0.61
0.61
0.54
0.54
0.55
0.62
0.60
0.60
0.61
0.63
0.57
0.61
0.64
0.64
0.64
0.60
0.63
0.59
0.60
0.59
0.59
0.64
0.60
0.46
0.50
0.54
0.51
0.51
0.48
0.43
0.44
0.44
0.46
0.51
0.58
0.67
0.48
0.54
0.48
