0.00
424.02
466.73
482.51
457.02
439.26
436.94
404.74
367.34
418.34
320.07
409.87
403.94
397.06
384.24
306.69
336.98
371.69
427.56
354.15
356.48
384.08
412.12
390.35
407.56
430.45
476.72
484.35
467.30
432.75
469.70
455.82
437.54
426.50
401.07
339.23
478.38
360.87
380.59
387.08
386.39
350.25
380.27
363.55
331.20
307.00
229.98
302.82
328.29
409.37
374.05
414.98
334.96
383.96
354.92
363.99
381.68
299.84
337.71
416.68
361.58
405.16
380.85
419.66
427.92
343.74
378.88
350.28
385.43
329.40
435.68
397.64
414.64
402.54
445.13
441.29
411.61
408.32
319.31
258.94
264.20
306.23
271.55
300.53
391.19
393.59
371.31
352.63
315.80
256.33
335.27
218.60
169.47
276.94
405.60
415.56
414.74
381.25
300.56
422.57
343.55
431.86
435.79
406.12
322.96
395.51
416.30
362.57
336.36
347.46
424.04
380.57
447.08
348.31
387.89
347.99
393.68
399.93
398.01
413.35
415.02
416.64
428.03
407.05
431.39
441.83
406.05
405.45
401.76
383.56
382.55
380.85
369.94
367.28
399.22
407.73
394.65
382.49
370.66
393.77
250.92
321.91
266.49
274.18
304.64
286.14
236.24
276.53
313.29
267.16
240.40
266.53
230.46
240.29
246.86
332.52
275.55
300.30
354.34
360.69
350.62
445.65
381.92
367.19
398.65
364.84
250.90
317.28
327.17
381.89
400.11
390.09
386.99
466.37
480.66
320.27
295.02
240.43
297.61
159.87
318.56
285.55
304.05
260.24
352.65
295.97
311.97
210.63
383.61
219.87
305.32
335.47
401.43
318.77
344.31
413.03
359.41
185.55
392.08
186.61
256.48
241.74
282.61
225.94
253.72
180.34
273.03
248.97
255.38
190.48
341.81
228.91
306.01
192.30
284.28
241.31
201.32
219.76
169.16
149.71
150.57
126.87
151.95
122.43
111.98
190.91
172.21
162.41
143.86
218.93
192.31
207.28
231.77
181.07
165.20
172.23
129.74
270.75
234.71
128.91
204.52
190.51
215.25
212.40
181.73
236.92
331.27
279.39
278.86
351.08
326.32
317.84
362.68
317.89
317.59
285.27
272.81
267.39
211.40
200.79
223.60
286.74
264.59
274.33
281.24
307.81
241.67
285.80
303.19
314.64
311.77
286.75
290.56
257.95
260.96
247.40
268.09
312.17
254.17
159.46
181.54
218.42
197.28
186.79
160.51
127.14
129.13
130.53
144.64
186.54
262.99
350.88
155.79
209.32
156.46
