0.202773
0.176976
0.156876
0.160583
0.181994
0.175309
0.207676
0.192703
0.196180
0.159623
0.169993
0.170603
0.186792
0.170563
0.169880
0.185515
0.166841
0.151801
0.190304
0.193569
0.167022
0.144744
0.156994
0.165740
0.160855
0.203044
0.158684
0.163462
0.186936
0.175538
0.152689
0.186164
0.166072
0.157691
0.164656
0.174856
0.164440
0.193164
0.179960
0.151341
0.177620
0.147477
0.156638
0.148495
0.187838
0.167422
0.143685
0.164974
0.174896
0.191521
0.166060
0.157927
0.186393
0.165418
0.151681
0.182330
0.183282
0.180537
0.172194
0.147728
0.141405
0.172224
0.151397
0.145171
0.129389
0.104047
0.106564
0.104735
0.103089
0.096515
0.103195
0.100541
0.106447
0.110812
0.108446
0.112123
0.098020
0.097806
0.090872
0.100241
0.097932
0.091579
0.096381
0.139675
0.127357
0.158978
0.176077
0.167596
0.143507
0.174039
0.160542
0.143334
0.160451
0.148626
0.145646
0.186830
0.163380
0.162344
0.164770
0.156918
0.146795
0.149725
0.158121
0.146789
0.135291
0.152394
0.165143
0.146097
0.170629
0.150868
0.181307
0.167948
0.173927
0.153951
0.162684
0.179971
0.150329
0.146690
0.167483
0.157683
0.154625
0.178388
0.161873
0.161170
0.166660
0.157639
0.129530
0.177402
0.171135
0.142714
0.162798
0.141338
0.145288
0.144237
0.181608
0.155681
0.179735
0.168502
0.181538
0.112748
0.102692
0.106455
0.110188
0.101306
0.099222
0.109118
0.112404
0.102499
0.115773
0.109008
0.106669
0.104763
0.108470
0.108688
0.099418
0.133276
0.165739
0.203535
0.183596
0.167730
0.146368
0.128425
0.154364
0.159940
0.163128
