0.00
0.58
0.63
0.59
0.52
0.56
0.57
0.48
0.45
0.45
0.48
0.50
0.56
0.56
0.49
0.50
0.48
0.45
0.59
0.58
0.64
0.60
0.60
0.56
0.51
0.49
0.49
0.50
0.54
0.56
0.55
0.46
0.55
0.42
0.39
0.51
0.38
0.38
0.43
0.37
0.39
0.38
0.34
0.32
0.29
0.28
0.30
0.31
0.40
0.39
0.43
0.54
0.48
0.57
0.53
0.46
0.56
0.44
0.47
0.46
0.47
0.46
0.53
0.54
0.55
0.51
0.48
0.47
0.47
0.51
0.47
0.54
0.53
0.61
0.61
0.58
0.48
0.56
0.48
0.56
0.55
0.62
0.61
0.63
0.55
0.63
0.65
0.63
0.63
0.65
0.62
0.64
0.64
0.57
0.56
0.53
0.62
0.57
0.60
0.58
0.58
0.55
0.57
0.55
0.59
0.57
0.55
0.55
0.52
0.48
0.60
0.55
0.54
0.59
0.50
0.48
0.55
