0.00
0.54
0.62
0.51
0.57
0.49
0.57
0.53
0.55
0.55
0.57
0.57
0.58
0.48
0.51
0.48
0.49
0.55
0.43
0.50
0.51
0.50
0.43
0.49
0.45
0.53
0.55
0.49
0.60
0.48
0.62
0.50
0.58
0.51
0.64
0.58
0.65
0.64
0.58
0.58
0.67
0.54
0.64
0.63
0.52
0.56
0.46
0.51
0.50
0.58
0.45
0.53
0.46
0.50
0.53
0.56
0.56
0.42
0.30
0.24
0.22
0.50
0.52
0.45
0.46
0.42
0.55
0.52
0.52
0.52
0.45
0.54
0.53
0.59
0.45
0.48
0.47
0.47
0.49
0.54
0.48
0.47
0.49
0.41
0.46
0.28
0.20
0.27
0.19
0.23
0.19
0.49
0.55
0.50
0.52
0.54
0.51
0.51
0.52
0.47
0.44
0.44
0.43
0.46
0.56
0.51
