0.00
265.27
310.63
275.43
206.62
238.74
247.01
190.45
166.12
171.31
188.25
184.66
253.81
258.17
206.68
211.26
190.70
181.58
291.95
282.72
368.30
336.65
315.70
321.81
273.37
246.54
244.67
254.40
287.74
296.40
304.45
192.33
264.71
178.94
130.79
215.77
151.46
139.03
162.78
122.06
117.61
118.11
88.83
87.65
61.12
75.32
77.80
71.30
92.13
104.18
128.61
186.28
152.13
196.26
174.70
126.27
205.55
126.84
133.39
135.34
145.09
135.00
178.49
185.89
187.13
172.16
154.14
148.62
164.86
182.81
179.71
244.34
218.96
317.00
283.81
256.82
174.17
232.44
164.85
244.46
220.71
290.40
280.63
270.61
203.41
256.88
285.26
260.92
253.83
271.09
247.83
268.55
263.63
199.90
202.21
198.02
255.27
207.68
240.30
215.73
215.33
189.97
205.89
191.83
201.71
210.88
188.31
201.81
175.54
128.22
236.85
178.58
176.65
208.59
133.16
137.75
177.50
