0.341173
0.189716
0.171502
0.169861
0.136897
0.106536
0.109108
0.131894
0.195098
0.172489
0.143395
0.121985
0.187922
0.231253
0.162123
0.131518
0.228987
0.310779
0.315369
0.309085
0.368662
0.308868
0.415431
0.377387
0.249117
0.227717
0.206698
0.210843
0.218941
0.297476
0.228661
0.288971
0.119271
0.137100
0.157862
0.117417
0.114213
0.206526
0.235085
0.202683
0.111266
0.152414
0.114436
0.146828
0.110294
0.129854
0.178549
0.146412
0.188779
0.220725
0.194699
0.309141
0.358987
0.344067
0.354625
0.362975
0.377964
0.416932
0.357193
0.365173
0.383770
0.330081
0.378030
0.306601
0.236155
0.188546
0.212145
0.125184
0.123457
0.136487
0.140942
0.122292
0.122516
0.120039
0.138089
0.136810
0.120398
0.112620
0.115925
0.115072
0.121194
0.112959
0.107017
0.156974
0.187974
0.133243
0.169938
0.167533
0.130792
0.134198
0.127634
0.127081
0.200792
0.174081
0.114762
0.126790
0.257062
0.240288
0.277457
0.285553
0.228092
0.302418
0.331883
0.354683
0.252431
0.308888
0.319837
0.330429
0.268087
0.410250
0.236678
0.354758
0.310280
0.301412
0.360022
0.279583
0.249527
