0.00
514.77
543.11
409.65
449.16
421.79
404.04
422.23
512.24
402.75
532.75
456.43
346.25
358.90
424.24
211.95
401.41
453.64
506.66
465.92
452.97
460.96
442.68
511.19
473.45
445.67
439.75
377.13
288.91
330.05
475.85
402.91
463.03
446.48
444.09
379.29
404.28
453.98
423.73
537.15
443.73
502.75
399.28
418.86
455.81
401.76
447.05
271.93
429.45
443.86
291.58
319.40
400.23
270.09
362.48
384.90
373.21
220.28
302.32
256.85
132.05
157.01
135.26
138.45
196.44
201.58
176.83
222.02
149.42
140.38
187.21
186.71
227.98
185.30
292.08
266.50
258.81
246.05
228.06
349.96
259.79
191.54
205.41
244.74
250.96
263.52
227.02
183.60
134.89
163.88
185.12
138.80
199.97
166.80
146.85
225.17
281.78
339.98
275.44
283.06
330.11
334.06
344.47
414.67
396.54
425.77
458.95
454.41
474.81
430.39
455.62
448.30
462.86
443.18
429.24
440.72
315.66
190.20
370.32
333.46
386.05
467.03
371.48
491.82
463.26
282.81
417.82
467.39
444.01
440.95
450.57
353.41
464.38
356.22
316.63
306.88
303.43
238.55
298.16
213.13
228.84
266.94
265.52
199.06
302.86
298.29
254.49
181.76
193.25
276.23
257.30
286.98
242.41
241.37
331.65
212.30
283.17
263.52
194.26
241.17
263.61
376.27
226.46
201.36
256.33
229.32
253.09
196.87
188.36
316.07
249.27
