0.173215
0.208227
0.195387
0.168233
0.166030
0.175141
0.189316
0.167113
0.159978
0.184145
0.195595
0.194313
0.174851
0.183880
0.195050
0.210863
0.190802
0.188647
0.176460
0.162436
0.193064
0.187440
0.174909
0.181488
0.173953
0.173287
0.215806
0.180176
0.150370
0.157892
0.157187
0.164648
0.166569
0.155853
0.180183
0.194031
0.156654
0.152952
0.184332
0.180181
0.166482
0.189499
0.169105
0.176442
0.176224
0.160881
0.161457
0.167986
0.168000
0.138731
0.171648
0.232866
0.196153
0.214418
0.178660
0.197110
0.168840
0.191186
0.247256
0.246295
0.182735
0.235577
0.178178
0.165074
0.196872
0.198057
0.200376
0.195026
0.173072
0.194108
0.174922
0.199094
0.162167
0.179891
0.175573
0.197318
0.178673
