0.00
474.58
354.92
357.92
274.66
285.76
293.79
254.82
260.04
249.75
381.95
296.22
316.77
282.72
246.64
254.45
235.32
195.59
194.34
233.73
217.60
198.49
158.26
171.23
150.42
226.53
178.68
165.31
137.24
226.63
265.92
182.73
223.05
166.85
150.14
165.44
182.96
130.87
188.22
219.97
172.71
200.88
137.91
179.29
187.31
143.35
103.22
148.15
137.93
171.83
201.80
211.19
143.45
156.85
166.34
181.34
185.71
175.46
209.33
237.83
278.05
298.30
273.39
302.57
288.27
270.22
294.38
275.23
256.92
241.93
245.04
226.83
251.22
191.30
169.39
230.19
170.10
