0.016422
0.145527
0.142219
0.148044
0.242889
0.172628
0.154221
0.184316
0.225851
0.148396
0.196323
0.155649
0.182028
0.189011
0.159321
0.147949
0.147663
0.150478
0.149333
0.148553
0.198747
0.166932
0.158908
0.173555
0.241652
0.186902
0.160649
0.146175
0.147020
0.151790
0.146384
0.165133
0.162941
0.173754
0.181868
0.149455
0.148607
0.148969
0.160924
0.155391
0.152567
0.148160
0.150222
0.146354
0.148750
0.144316
0.143620
0.214208
0.147924
0.187518
0.153881
0.151881
0.156515
0.151664
0.155474
0.155433
0.147423
0.148639
0.147833
0.147478
0.146528
0.148751
0.151188
0.146713
0.145621
0.147416
0.146336
0.141280
0.145072
0.147148
0.147118
0.147230
0.148354
0.157651
0.166367
0.174741
