0.072755
0.115134
0.115344
0.136295
0.123889
0.121556
0.114251
0.109602
0.152181
0.186051
0.164073
0.204792
0.185858
0.212335
0.163067
0.191071
0.161764
0.208525
0.181393
0.154623
0.185530
0.179510
0.169122
0.186897
0.175417
0.176673
0.179355
0.160830
0.183212
0.188047
0.237413
0.185497
0.177937
0.166848
0.170843
0.145895
0.174103
0.190622
0.147970
0.204386
0.189907
0.183199
0.174048
0.155394
0.188559
0.174830
0.173029
0.206047
0.173811
0.174367
0.201456
0.191774
0.216969
0.164649
0.191288
0.191031
0.198774
0.181841
0.172196
0.183652
0.150546
0.154869
0.181923
0.196347
0.197964
0.150357
0.144768
0.138913
0.120860
0.133697
0.141095
0.137160
0.153889
0.139424
0.149468
0.129889
0.122491
0.109536
0.131343
0.135219
0.124088
0.133325
0.148480
0.189531
0.154992
0.164035
0.196507
0.201203
0.174798
0.145151
0.201234
0.151615
0.186739
0.159580
0.189230
0.166471
0.177624
0.181265
0.141649
0.177269
0.216504
0.188932
0.182976
0.163750
0.165041
0.170255
0.216970
0.175339
0.183749
0.165048
0.150438
0.188260
0.182923
0.165727
0.184557
0.156461
0.158186
0.177633
0.164288
0.180032
0.170606
0.212342
0.158550
0.155934
0.184661
0.199788
0.172556
0.174911
0.187864
0.176185
0.183058
0.177039
0.190721
0.149185
0.171793
0.208915
0.174591
0.173068
0.196505
0.198670
0.184036
0.173360
0.199127
0.169732
0.171389
0.185280
0.194278
0.165132
0.211548
0.192640
0.172132
0.200941
0.185267
0.153939
0.167922
0.197115
0.165229
0.181877
0.187158
0.221558
0.270694
0.210886
0.227774
0.181729
0.180100
0.214088
0.181240
0.212815
0.186082
0.174931
0.183553
0.138178
0.200960
0.203218
0.196324
0.185880
0.208043
0.192987
0.190739
0.184906
0.195257
0.173581
0.191336
0.162172
0.183917
0.175532
0.166975
0.144207
0.170084
0.161370
0.177533
0.188823
0.169241
0.171894
0.172691
0.163873
0.176582
0.173613
0.180331
0.162969
0.169559
0.185074
0.179819
0.206223
0.223541
0.187734
0.185558
0.161711
0.173563
0.180795
0.178318
0.156270
0.193098
0.178282
0.190431
0.169877
0.170735
0.186856
0.206069
0.163129
0.194505
0.198658
0.154519
0.163825
0.148726
0.174990
0.177507
0.153921
0.168824
0.148505
0.184763
0.164755
0.161057
0.181214
0.170601
0.151055
0.182562
0.167905
0.184534
0.176534
0.158556
0.191985
0.191655
0.205288
0.170766
0.155413
0.167371
0.167691
0.225121
0.172485
0.166720
0.191147
0.192830
0.158588
0.180361
0.181817
0.187477
0.170813
0.155461
0.195695
0.166840
0.154870
0.166517
0.192764
0.178268
0.170542
0.183187
0.173062
0.161972
0.154432
0.168195
0.174054
0.189546
0.166770
0.162076
0.190277
0.192425
0.200271
0.209010
0.161320
0.213205
0.201971
0.188709
0.174928
0.177432
0.189261
0.172932
0.191810
0.180295
0.155704
0.183053
0.166732
0.159758
0.199947
0.191514
0.164208
0.193824
0.187773
0.147432
0.192199
0.177809
0.153919
0.198957
0.169772
0.180656
0.158742
0.182499
0.168989
0.154326
0.171642
0.161098
0.176919
0.178279
0.137781
0.165717
0.168041
0.200673
0.191766
0.165146
0.184776
0.208451
0.202854
0.148845
0.179269
0.176498
0.194863
0.162608
0.178899
0.173663
0.147982
0.164657
0.189738
0.180400
0.178631
0.151383
0.145570
0.179559
0.183831
0.233067
0.177510
0.155941
0.184156
0.174022
0.184865
0.182724
0.147554
0.193845
0.173810
0.152132
0.158918
0.156609
0.202654
0.184132
0.159447
0.151780
0.157443
0.194360
0.169352
0.200324
0.169322
0.176831
0.183210
0.148954
0.160637
0.145518
0.231151
0.211667
0.159448
0.166018
0.159333
0.171178
0.166340
0.146014
0.147831
0.155843
0.153448
0.157960
0.151804
0.147933
0.170339
0.172713
0.177658
0.173528
0.167678
0.164895
0.168783
0.190776
0.259644
0.192475
0.197638
0.220551
0.164887
0.187153
0.221735
0.227600
