0.00
173.18
484.51
548.97
544.97
514.01
528.34
527.49
504.61
527.59
528.66
411.04
553.69
552.63
533.81
548.65
546.00
545.46
532.44
541.49
532.20
507.27
527.54
554.28
553.19
542.56
535.78
543.36
543.85
550.15
548.26
552.68
551.16
552.83
555.49
553.04
553.57
550.61
533.38
540.39
539.84
538.61
545.00
514.42
501.68
542.44
500.38
533.75
506.41
528.61
531.16
539.08
522.62
409.71
326.72
336.41
383.29
413.40
459.27
505.93
513.10
507.02
493.92
506.67
512.60
536.02
522.91
534.31
528.59
515.75
535.40
539.33
537.82
534.08
524.12
508.37
501.84
489.75
514.15
505.03
488.50
521.50
533.13
536.82
537.39
495.25
540.05
538.84
528.07
524.46
516.23
480.47
433.73
525.89
510.19
502.59
500.63
505.04
516.93
503.03
525.59
506.32
525.09
457.83
493.40
489.48
457.84
441.72
478.86
464.80
453.65
436.79
470.51
431.67
474.36
442.98
473.85
466.27
452.36
466.68
452.37
439.94
436.47
465.82
473.10
464.92
418.05
453.73
430.31
413.28
438.03
415.37
434.32
441.16
465.08
418.26
436.37
333.14
416.96
455.82
407.88
422.61
401.54
412.16
414.78
424.66
402.62
403.50
379.45
351.96
298.96
248.51
312.27
331.35
245.02
303.78
320.54
248.36
278.58
340.82
337.72
359.70
360.75
312.69
296.16
299.48
425.70
323.24
441.11
363.58
321.56
350.31
300.00
336.51
346.67
360.94
347.42
337.80
354.20
306.40
334.22
372.18
345.45
298.86
365.22
197.39
255.84
294.26
274.23
262.21
277.88
329.44
358.68
353.87
307.01
380.82
258.69
312.00
360.96
350.87
370.60
377.06
400.80
399.30
428.48
340.78
354.60
397.68
218.33
384.83
310.37
409.83
298.18
317.41
312.11
334.34
313.80
383.37
363.34
357.07
352.65
335.55
343.75
355.50
447.36
330.29
392.14
382.51
372.04
359.68
336.39
400.03
388.32
430.41
405.41
442.41
411.54
390.84
367.91
382.01
432.33
377.72
382.89
468.71
440.21
429.22
411.43
286.15
400.62
413.79
342.04
355.52
340.22
400.61
422.78
485.54
477.07
480.01
514.88
508.30
503.46
482.11
465.46
452.54
448.26
396.20
432.93
475.14
440.50
473.33
441.76
420.97
405.59
466.17
413.67
414.25
378.55
361.75
396.48
276.08
292.31
285.34
272.57
267.95
318.05
383.07
278.81
247.76
311.07
362.75
407.94
483.13
495.11
442.82
482.93
454.74
456.78
484.24
445.36
458.52
423.47
412.95
239.65
382.58
366.13
406.76
511.47
508.48
457.98
472.72
477.21
467.76
498.73
448.53
487.49
485.21
446.10
482.65
509.88
488.13
515.61
493.43
505.43
469.31
472.34
455.27
443.27
477.94
454.10
459.21
483.89
450.59
482.49
442.80
489.64
438.38
473.28
477.31
506.96
507.40
450.37
511.98
460.93
494.66
470.52
486.98
466.93
508.23
494.22
487.57
500.06
499.74
455.93
457.38
435.41
460.33
445.59
459.80
414.91
417.11
419.78
452.49
427.50
474.14
332.68
423.22
486.98
478.51
466.92
464.95
456.24
373.34
320.09
254.69
299.58
312.69
350.88
422.72
422.14
258.52
373.72
370.09
329.62
209.64
256.73
224.66
269.78
235.10
182.52
136.77
130.85
198.97
151.96
141.80
165.02
