0.168153
0.156656
0.155385
0.184522
0.134527
0.125902
0.101223
0.111036
0.116443
0.133166
0.132858
0.151108
0.130396
0.133485
0.132695
0.126346
0.140976
0.155860
0.129624
0.127937
0.134968
0.237757
0.192905
0.181336
0.192181
0.190279
0.221682
0.178114
0.217282
0.200883
0.182076
0.167010
0.174911
0.170703
0.121075
0.114625
0.117248
0.159879
0.165141
0.128553
0.122488
0.126806
0.143733
0.128483
0.135549
0.149052
0.127972
0.131428
0.133733
0.155144
0.132154
0.135927
0.174964
0.170307
0.196856
0.204567
0.210325
0.170986
0.190066
0.239448
0.195832
0.189956
0.196084
0.211651
0.202374
0.199466
0.217046
0.178406
0.190446
0.203192
0.173519
0.210802
0.198643
0.213570
0.216686
0.236511
0.221179
0.202962
0.223898
0.183817
0.217609
0.205432
0.197763
0.214528
0.199624
0.199937
0.202935
0.208421
0.207519
0.190281
0.184094
0.189607
0.210495
0.181270
0.181502
0.166530
0.197943
0.183947
0.185860
0.179936
0.185310
0.183063
0.159846
0.173046
0.172100
0.160293
0.164485
0.175776
0.151107
0.206261
0.164117
0.190883
0.190414
0.161306
0.172503
0.162915
0.190884
0.179771
0.182231
0.173453
0.167275
0.199739
0.166082
0.162147
0.188764
0.206561
0.178878
0.158572
0.213737
0.187007
0.172316
0.214612
0.206219
0.238545
0.184590
0.214740
0.200826
0.187347
0.198980
0.196113
0.190925
0.201576
0.194146
0.192924
0.196817
0.175047
0.219248
0.208867
0.225347
0.226159
0.242844
0.183104
0.153897
0.165045
0.169948
0.176244
0.193591
0.165193
0.175288
0.168719
0.188529
0.199117
0.178668
0.159561
0.153160
0.163287
0.180314
0.150956
0.161303
0.166924
0.204961
0.181578
0.180964
0.160660
0.168750
0.177113
0.159454
0.175088
0.183469
0.157929
0.202616
0.199759
0.235140
0.202208
0.163036
0.175814
0.166094
0.151858
0.173113
0.163558
0.182755
0.189662
0.177972
0.193892
0.221911
0.162355
0.155871
0.159268
0.152322
0.197115
0.178746
0.141966
0.185483
0.149558
0.188350
0.201446
0.172341
0.157389
0.165768
0.174522
0.115777
0.109464
0.152084
0.139711
0.115284
0.118952
0.134276
0.155317
0.130547
0.130057
0.153931
0.136945
0.140664
0.139988
0.119292
0.115940
0.134280
0.214013
0.221117
0.185259
0.173043
0.209166
0.214446
0.198901
0.197462
0.171289
0.196021
0.182945
0.179595
