0.00
536.52
545.39
538.03
524.20
519.76
532.87
539.55
533.36
528.90
530.88
534.26
528.01
527.92
533.07
526.96
525.63
526.29
516.81
515.58
525.97
520.65
517.80
514.47
508.37
519.49
498.72
398.19
286.62
309.19
505.56
504.78
508.84
512.85
493.17
527.87
391.91
339.85
400.87
469.74
501.19
514.54
524.79
504.41
516.59
503.21
512.74
461.00
509.68
496.07
505.06
515.94
505.29
497.86
518.15
416.46
482.13
492.96
502.19
431.24
491.47
499.77
480.39
446.08
453.91
423.78
430.66
419.90
443.26
410.89
474.65
482.95
462.42
487.76
459.04
426.65
427.28
468.86
437.73
458.47
483.85
411.15
476.39
423.28
467.30
493.45
471.88
467.25
446.06
450.22
431.14
352.42
302.07
329.72
247.65
250.78
367.80
367.33
354.00
324.08
324.89
352.02
301.33
277.29
326.24
248.00
280.33
251.86
232.70
275.62
264.99
274.32
201.36
266.97
250.72
269.50
241.52
217.74
212.69
248.04
277.05
306.44
246.60
289.49
307.49
283.91
295.85
283.88
272.31
232.09
265.28
229.05
238.60
220.79
210.89
229.92
230.21
207.41
257.99
216.17
245.85
272.75
220.20
239.41
215.58
249.62
281.01
307.87
285.48
272.99
250.88
257.93
267.44
262.48
236.01
263.88
224.63
247.56
267.87
284.60
261.28
302.94
263.72
309.98
298.58
261.30
238.43
269.23
274.94
261.23
291.10
317.16
296.31
218.84
234.15
224.05
238.24
215.28
207.18
136.70
137.03
125.39
88.57
84.41
91.25
139.44
149.55
157.34
175.36
129.60
142.29
155.97
188.88
164.61
162.21
166.55
110.27
123.37
122.96
136.29
68.94
140.46
143.36
145.08
165.10
106.83
167.96
138.71
112.88
118.16
112.58
111.47
85.12
152.87
110.56
75.28
107.83
72.28
131.66
117.24
102.33
111.69
136.49
114.26
97.41
97.29
116.49
127.37
101.69
121.83
106.46
128.54
112.75
108.50
106.24
103.34
88.08
76.11
147.56
