0.00
0.73
0.66
0.63
0.47
0.47
0.49
0.45
0.55
0.64
0.67
0.69
0.72
0.62
0.68
0.65
0.64
0.59
0.64
0.55
0.60
0.61
0.65
0.64
0.66
0.69
0.65
0.64
0.66
0.62
0.61
0.60
0.54
0.60
0.46
0.48
0.54
0.58
0.60
0.52
0.61
0.62
0.59
0.57
0.54
0.55
0.55
0.57
0.57
0.43
0.46
0.52
0.54
0.57
0.53
0.55
0.56
0.52
0.61
0.54
0.54
0.46
0.44
0.47
0.51
0.62
0.62
0.59
0.57
0.56
0.53
0.46
0.49
0.55
0.53
0.37
0.48
0.61
0.61
0.54
0.52
0.56
0.52
0.49
0.57
0.55
0.41
0.42
0.47
0.56
0.64
0.62
0.59
0.54
0.62
0.46
0.51
0.37
0.37
0.32
0.38
0.31
0.53
0.52
0.55
0.60
0.57
0.52
0.59
0.53
0.44
0.35
0.29
0.33
0.29
0.34
0.34
0.37
0.44
0.56
0.43
0.50
0.36
0.29
0.23
0.32
0.25
0.32
0.25
0.26
0.48
0.51
0.58
0.63
0.60
0.51
0.45
0.30
0.31
0.32
0.26
0.39
0.49
0.53
0.56
0.53
0.60
0.57
0.56
0.48
0.34
0.27
0.24
0.29
0.33
0.42
0.49
0.42
0.51
0.34
0.44
0.30
0.30
0.33
0.28
0.42
0.61
0.38
0.56
0.55
0.48
0.43
0.30
0.35
0.31
0.28
0.19
