0.00
0.55
0.70
0.62
0.67
0.54
0.62
0.68
0.50
0.52
0.53
0.51
0.40
0.45
0.51
0.49
0.55
0.57
0.59
0.63
0.61
0.66
0.62
0.61
0.53
0.61
0.52
0.54
0.58
0.59
0.61
0.63
0.61
0.60
0.62
0.55
0.66
0.47
0.54
0.50
0.56
0.63
0.59
0.61
0.55
0.59
0.55
0.48
0.46
0.41
0.45
0.43
0.47
0.48
0.45
0.54
0.51
0.55
0.60
0.60
0.58
0.48
0.49
0.51
0.44
0.56
0.49
0.58
0.62
0.62
0.58
0.64
0.63
0.69
0.65
0.63
0.66
0.56
0.55
0.57
0.51
0.46
0.45
0.56
0.58
0.52
0.57
0.66
0.62
0.65
0.64
0.69
0.64
0.60
0.52
0.58
0.51
0.53
0.53
0.64
0.68
0.68
0.69
0.66
0.56
0.65
0.62
0.46
0.50
0.49
0.58
0.49
0.57
0.64
0.63
0.60
0.69
0.61
0.64
0.52
0.68
0.66
0.58
0.61
0.59
0.57
0.62
0.65
0.65
0.71
0.63
0.70
0.67
0.71
0.65
0.62
0.61
0.61
0.54
0.50
0.55
0.49
0.55
0.60
0.60
0.53
0.58
0.58
0.63
0.60
0.59
0.58
0.61
0.62
0.56
0.50
0.46
0.55
0.55
0.57
0.58
0.55
0.54
0.55
0.63
0.61
0.51
0.50
0.55
0.46
0.49
0.45
0.44
0.39
0.45
0.49
0.46
0.48
0.42
0.40
0.43
0.43
0.43
0.43
0.46
0.51
0.52
0.44
0.47
0.49
0.42
0.39
0.39
0.41
0.37
0.47
0.39
0.43
0.43
0.41
0.44
0.42
0.45
0.56
0.57
0.59
0.49
0.44
0.41
0.42
0.41
0.50
0.41
0.46
0.43
0.50
0.47
0.40
0.44
0.39
0.32
0.39
0.31
0.42
0.46
0.39
0.50
0.52
0.50
0.48
0.48
0.54
0.49
0.47
0.49
0.43
0.38
0.51
0.43
0.39
0.37
0.42
0.28
0.37
0.43
0.40
0.25
0.18
0.19
0.18
0.18
0.21
0.16
0.20
0.24
0.20
0.18
0.20
0.24
0.15
0.61
0.59
0.66
0.65
0.66
0.69
0.62
0.62
0.61
0.61
0.64
0.64
0.62
0.68
0.59
0.63
0.65
0.62
0.59
0.59
0.63
0.60
0.57
0.58
0.63
0.61
0.66
0.62
0.60
0.61
0.63
0.62
0.62
0.62
0.65
0.64
0.62
0.63
0.62
0.63
0.66
0.65
0.67
0.64
0.64
0.66
0.62
0.67
0.62
