0.00
328.73
291.45
347.00
260.77
378.51
378.27
348.76
282.68
317.42
268.77
230.78
159.76
128.44
248.90
195.63
245.87
136.19
165.74
155.57
162.84
184.39
152.74
128.27
84.39
96.88
71.07
126.58
133.68
163.98
98.93
111.33
105.30
62.97
58.56
345.42
326.12
279.71
322.57
317.66
385.22
367.54
395.11
368.06
357.17
371.52
407.90
388.21
374.96
380.16
331.92
356.14
364.88
284.19
285.56
244.99
222.69
250.31
190.68
144.87
182.10
208.56
152.54
159.35
120.08
188.98
158.50
204.44
189.07
186.19
171.43
215.64
200.76
282.34
301.15
319.26
195.56
198.76
135.98
222.27
217.71
193.89
182.95
224.22
196.59
234.17
210.65
236.71
211.75
136.71
137.05
143.94
126.28
99.21
130.87
102.79
131.61
129.70
94.83
116.84
85.26
94.62
104.03
82.61
107.59
132.80
168.03
245.51
295.60
244.25
286.45
237.13
208.04
286.92
282.89
255.34
124.64
75.59
101.66
95.63
104.16
87.41
121.82
198.89
253.75
198.20
166.61
222.33
200.93
121.54
135.72
119.88
127.32
166.28
181.33
221.86
171.42
193.37
228.47
136.96
281.96
194.33
217.71
240.69
222.61
215.95
226.23
179.36
196.21
169.73
270.20
191.68
172.94
267.10
188.24
238.41
224.13
204.69
175.48
93.27
109.75
105.47
85.42
76.89
74.69
62.00
74.43
