0.00
268.58
407.80
296.85
370.75
209.39
326.97
370.69
243.72
234.68
234.83
211.87
140.05
163.59
188.90
191.60
196.93
231.11
241.54
326.74
271.54
341.89
291.68
300.28
221.49
338.93
261.98
274.22
266.19
322.63
312.56
352.02
321.46
325.93
323.58
262.49
357.67
238.61
238.12
274.89
252.86
332.71
295.81
286.36
239.71
277.62
240.34
173.69
147.17
145.44
149.53
136.73
151.84
174.60
154.05
190.11
187.68
235.54
280.79
272.49
265.27
185.14
164.22
181.77
149.15
255.96
190.69
273.88
345.82
308.10
266.83
340.07
338.47
369.99
331.92
306.11
345.17
271.57
253.64
231.68
209.52
187.21
265.84
309.07
281.70
308.97
325.69
357.55
297.52
351.79
358.82
392.60
329.73
268.77
215.51
259.80
206.92
213.98
221.41
328.39
374.53
360.68
356.32
313.56
248.51
333.88
295.18
144.80
175.69
175.22
239.78
187.87
249.49
306.90
279.20
263.33
336.42
262.30
290.60
176.83
317.33
310.28
233.71
275.48
262.35
244.66
274.96
286.08
293.51
368.66
267.29
317.41
266.30
332.14
269.44
227.53
216.42
232.63
182.10
161.03
190.42
146.50
189.87
235.22
221.22
174.28
198.68
199.15
229.62
217.87
225.96
223.68
236.68
270.85
198.09
172.66
124.98
178.26
176.06
194.59
209.86
182.98
172.72
185.70
274.55
253.01
189.75
175.10
203.83
153.20
157.33
125.82
116.68
103.13
121.03
137.16
131.03
130.19
130.29
125.16
109.25
120.87
128.50
119.47
129.44
155.34
164.74
145.95
132.47
153.60
129.12
105.35
109.33
112.46
100.75
138.92
100.77
104.98
110.02
115.51
131.76
123.11
147.93
207.08
228.85
262.27
191.24
163.22
122.22
149.80
145.97
181.37
121.97
144.89
137.40
159.06
144.61
102.56
120.72
106.32
83.66
96.54
74.32
113.68
131.73
108.43
207.99
183.02
183.09
159.39
165.21
238.63
194.77
180.24
206.86
176.82
135.40
188.36
159.44
143.21
138.03
135.29
96.93
124.79
137.80
113.39
138.50
105.92
125.62
99.46
85.18
138.93
103.54
97.50
73.27
127.15
182.10
91.29
106.83
73.41
323.58
315.33
340.51
345.92
387.08
392.60
300.98
308.11
337.61
320.98
317.71
336.30
334.62
386.03
304.87
364.74
340.89
329.62
319.11
294.28
373.82
286.71
255.70
287.61
304.41
278.56
374.36
299.42
313.82
306.59
304.19
314.89
325.88
319.18
315.49
315.77
302.66
311.26
317.51
344.10
340.22
319.00
361.56
307.78
329.03
344.69
286.10
351.83
277.59
