0.00
331.07
465.31
322.24
309.26
350.57
211.04
344.34
182.04
284.19
185.52
253.30
298.51
264.46
197.26
198.99
315.02
289.21
249.85
245.48
197.99
159.54
197.22
157.50
214.62
221.62
169.18
179.75
227.54
183.10
158.78
189.47
164.82
188.47
218.67
159.55
126.80
147.03
119.90
109.85
128.81
152.88
140.53
159.32
204.36
160.54
147.91
137.47
214.20
209.46
184.16
171.60
164.42
181.70
198.14
208.15
217.09
183.96
249.22
171.92
297.91
277.23
315.08
318.27
281.78
285.91
204.37
151.47
199.94
308.20
240.10
209.57
318.12
256.96
298.62
309.89
348.16
324.37
318.69
287.71
228.73
300.36
367.85
257.21
214.07
180.72
203.05
358.04
246.79
271.35
348.51
308.17
255.62
268.39
256.55
266.28
262.99
183.14
236.30
256.77
175.60
196.89
138.44
123.12
161.63
154.70
233.80
286.49
211.08
268.91
284.83
207.16
205.60
127.17
224.01
224.29
201.17
226.32
202.45
200.30
229.55
171.74
126.42
263.00
208.16
240.87
208.99
252.93
262.58
222.13
192.33
186.58
192.85
161.21
193.75
164.89
185.50
220.16
163.12
165.46
170.24
143.05
182.11
103.80
252.15
271.57
229.13
211.49
228.50
255.64
243.89
259.10
263.41
294.72
273.65
300.79
218.51
287.88
323.66
310.13
298.37
294.30
327.19
326.51
347.57
326.76
334.73
313.55
267.41
304.74
290.10
347.74
311.40
316.91
293.62
241.24
288.59
250.36
269.02
287.18
258.26
203.61
263.70
261.73
249.97
309.55
263.08
200.86
253.83
241.61
279.24
221.12
245.70
256.32
285.94
270.37
266.41
272.97
236.06
263.51
196.81
190.51
139.06
161.95
170.62
185.70
173.56
178.52
165.50
153.72
170.42
182.87
251.53
259.73
211.74
241.98
254.92
242.65
212.38
199.81
185.53
247.24
295.70
228.44
268.90
271.39
244.11
284.77
258.12
284.06
313.27
290.85
326.32
303.75
335.80
318.62
323.56
363.56
317.46
334.26
275.27
205.30
280.30
263.83
251.15
272.36
309.02
277.94
308.66
254.44
300.09
254.94
254.06
238.10
237.90
187.79
193.87
169.61
161.75
174.67
196.02
179.56
156.88
199.18
182.74
166.41
191.26
246.91
246.44
245.42
263.50
246.05
264.52
212.36
197.57
252.83
274.65
286.73
258.57
231.99
213.67
281.01
249.99
291.56
337.71
318.77
322.57
300.10
318.31
315.96
316.21
263.18
276.59
261.55
316.61
304.46
358.41
293.68
237.27
197.32
242.47
237.64
274.71
250.60
299.48
316.07
310.80
313.92
262.88
214.88
309.94
284.06
356.33
302.09
337.38
289.48
258.61
287.96
214.30
249.91
280.08
247.83
300.45
219.06
210.12
268.24
268.77
182.87
261.83
262.93
275.10
186.37
220.71
217.98
281.89
272.67
235.14
287.39
331.07
282.64
288.74
232.88
262.47
205.19
244.16
243.26
229.74
251.69
198.43
218.40
218.76
237.22
253.63
251.07
184.71
243.75
268.13
208.16
204.51
255.05
245.80
245.35
202.88
187.72
196.45
150.16
181.44
221.39
163.20
148.85
155.19
192.87
186.82
166.10
163.88
195.13
160.62
181.11
207.42
174.33
153.91
163.47
116.17
125.49
168.83
163.39
199.97
189.15
193.96
192.39
224.63
189.79
186.35
235.47
209.36
232.21
238.91
220.65
185.71
218.59
195.82
198.80
127.68
151.19
129.01
172.02
162.22
157.24
139.51
178.54
169.58
120.48
156.12
157.41
179.42
105.60
110.47
85.44
113.33
114.80
84.82
79.43
77.69
61.02
135.56
92.40
76.57
