0.018895
0.153229
0.133623
0.160724
0.148387
0.139884
0.143999
0.192588
0.155317
0.146702
0.155893
0.157590
0.160121
0.157502
0.147284
0.140890
0.147619
0.152015
0.151972
0.141198
0.191955
0.150269
0.166188
0.148986
0.168641
0.151854
0.162187
0.168878
0.142144
0.138653
0.151056
0.155333
0.143818
0.155673
0.142731
0.188010
0.161331
0.137984
0.154706
0.161230
0.170963
0.152050
0.162538
0.145894
0.139405
0.140538
0.156098
0.144806
0.145285
0.161904
0.183340
0.156269
0.162227
0.173794
0.160087
0.144254
0.150931
0.134507
0.143838
0.151818
0.173843
0.163978
0.149485
0.144334
0.145604
0.143683
0.141841
0.179212
0.176817
0.139345
0.152781
0.148093
0.145181
0.137453
0.161243
0.143862
0.187970
0.147892
0.156644
0.154076
0.166812
0.139088
0.136056
0.135660
0.159628
0.166371
0.141237
0.148121
0.151543
0.157364
0.160996
0.139188
0.141835
0.138175
0.154963
0.146576
0.137313
0.171662
0.153366
0.143658
0.146092
0.147040
0.160161
0.154930
0.141929
0.179415
0.158732
0.172769
0.158663
0.139716
0.154737
0.147515
0.140916
0.172076
0.142093
0.147904
0.142171
0.142445
0.154824
0.163770
0.152064
0.156921
0.139444
0.209956
0.150695
0.160705
0.165667
0.138533
0.161590
0.133924
0.144146
0.154340
0.148987
0.162511
0.152882
0.175537
0.164705
0.166234
0.157662
0.144742
0.146822
0.162539
0.152565
0.141785
0.166767
0.163864
0.164750
0.185450
0.149442
0.143650
0.147217
0.147798
0.154520
0.150156
0.154264
0.149332
0.148083
0.148167
0.145819
0.149985
