0.00
0.56
0.64
0.52
0.59
0.60
0.70
0.71
0.72
0.74
0.73
0.69
0.55
0.64
0.54
0.63
0.62
0.57
0.66
0.56
0.54
0.57
0.56
0.55
0.65
0.63
0.64
0.64
0.65
0.66
0.69
0.70
0.71
0.64
0.63
0.59
0.52
0.63
0.56
0.56
0.56
0.56
0.53
0.57
0.59
0.56
0.59
0.61
0.64
0.71
0.70
0.66
0.65
0.67
0.66
0.67
0.66
0.65
0.65
0.64
0.61
0.58
0.61
0.58
0.61
0.58
0.60
0.56
0.54
0.56
0.61
0.56
0.61
0.56
0.66
0.61
0.57
0.67
0.71
0.63
0.58
0.64
0.59
0.75
0.75
0.77
0.74
0.70
0.70
0.66
0.71
0.69
0.72
0.69
0.70
0.68
0.69
0.63
0.66
0.56
0.54
0.49
0.63
0.61
0.62
0.55
0.57
0.53
0.62
0.56
0.53
0.58
0.50
0.48
0.49
0.68
0.57
0.50
0.56
0.58
0.57
0.54
0.65
0.54
0.54
0.55
0.44
0.43
0.51
0.53
0.55
0.50
0.52
0.52
0.59
0.54
0.56
0.55
0.53
0.52
0.57
0.62
0.58
0.50
0.52
0.55
0.57
0.70
0.56
0.60
0.60
0.67
0.63
0.66
0.70
0.62
0.69
0.54
0.61
0.62
