0.00
277.81
381.90
237.92
334.15
339.14
432.58
436.32
422.50
432.43
414.64
346.39
243.04
314.79
235.10
316.85
301.91
246.60
334.55
236.76
227.33
250.29
244.19
226.32
324.32
303.87
305.75
312.28
318.22
330.07
362.43
353.99
358.93
268.72
290.64
265.34
217.79
298.58
249.06
254.23
245.61
228.22
201.32
251.58
267.06
236.90
266.36
306.67
341.15
422.85
411.55
371.52
354.55
376.10
380.63
384.01
370.34
362.20
353.55
332.10
286.89
252.40
279.77
239.25
274.67
250.50
271.05
238.73
214.29
235.64
275.86
242.70
287.18
224.52
330.61
297.53
258.28
347.77
397.06
315.58
268.63
324.80
264.22
407.67
415.47
426.78
403.39
368.60
368.61
316.47
365.27
342.58
393.02
354.46
369.30
341.96
359.86
274.45
309.91
229.32
211.12
161.87
299.88
270.67
283.88
212.40
213.73
154.05
238.08
193.20
177.57
228.05
159.18
161.20
167.74
350.78
235.47
198.74
220.00
229.39
221.92
217.49
297.33
209.93
214.48
224.70
121.85
141.46
200.78
217.83
232.39
185.61
182.02
197.96
252.52
213.21
234.06
222.59
208.77
189.50
224.69
257.00
233.20
171.95
215.23
257.97
285.19
405.42
258.86
286.38
278.22
368.02
335.49
366.54
401.83
306.00
404.03
232.40
309.70
342.77
