0.060844
0.167057
0.189156
0.181823
0.172826
0.163131
0.196503
0.187854
0.155626
0.154144
0.223005
0.198522
0.178115
0.172374
0.174588
0.177845
0.175300
0.170297
0.164665
0.154567
0.153986
0.155746
0.173685
0.185765
0.172868
0.193698
0.190901
0.211045
0.211248
0.148280
0.175612
0.150120
0.157996
0.173023
0.178314
0.161602
0.151563
0.150228
0.160555
0.199106
0.192629
0.190003
0.143317
0.163047
0.150885
0.142885
0.139954
0.141245
0.171962
0.161336
0.163412
0.145311
0.165117
0.153123
0.152689
0.153039
0.172270
0.162936
0.164632
0.145810
0.164612
0.160616
0.198976
0.171170
0.156540
0.161159
0.191312
0.219851
0.158231
0.148510
0.151009
0.147899
0.158712
0.167363
0.173420
0.195555
0.165317
0.157687
0.149463
0.154428
0.190213
0.159427
0.157176
0.177299
0.145890
0.160792
0.155607
0.158051
0.148944
0.181315
0.169321
0.151067
0.157940
0.156457
0.163831
0.155217
0.156443
0.231018
0.145018
0.150870
0.151673
0.147256
0.148689
0.144577
0.146170
0.164199
0.149650
0.145952
0.143207
0.156483
0.181330
0.166657
0.187024
0.162266
0.146707
0.171821
0.159389
0.167043
0.165587
0.160976
0.141683
