0.00
0.66
0.64
0.84
0.71
0.76
0.68
0.74
0.79
0.82
0.79
0.79
0.81
0.82
0.83
0.83
0.83
0.83
0.75
0.82
0.81
0.84
0.73
0.66
0.70
0.61
0.69
0.82
0.66
0.66
0.74
0.66
0.70
0.77
0.60
0.65
0.67
0.66
0.67
0.69
0.63
0.53
0.51
0.55
0.49
0.70
0.50
0.49
0.40
0.49
0.50
0.54
0.45
0.41
0.36
0.49
0.45
0.61
0.48
0.49
0.55
0.54
0.54
0.74
0.59
0.65
0.73
0.61
0.52
0.73
0.63
0.58
0.55
0.65
0.72
0.77
0.74
0.75
0.63
0.70
0.73
0.73
0.76
0.66
0.71
0.75
0.76
0.70
0.74
0.75
0.65
0.54
0.52
0.64
0.63
0.42
0.48
0.51
0.55
0.64
0.51
0.53
0.46
0.58
0.63
0.61
0.66
0.70
0.67
0.63
0.61
0.64
0.54
0.59
0.36
0.44
0.53
0.57
0.53
0.35
0.44
0.43
0.51
0.47
0.46
0.45
0.54
0.59
0.45
0.65
0.53
0.49
0.70
0.51
0.50
0.79
0.46
0.55
0.69
0.66
0.52
0.74
0.56
0.54
0.60
0.62
0.52
0.58
0.76
0.58
0.47
0.66
0.71
0.72
0.75
0.69
0.66
0.59
0.59
0.71
0.71
0.68
0.66
0.65
0.62
0.64
0.55
0.68
0.69
0.69
0.69
0.69
0.70
0.68
0.69
0.67
0.66
0.62
0.73
0.58
0.55
0.46
0.49
0.47
0.61
0.49
0.57
0.64
0.69
0.58
0.73
0.64
0.58
0.70
0.44
0.52
0.76
0.60
0.52
0.67
0.75
0.80
0.79
0.82
0.82
0.73
0.81
0.82
0.80
0.83
0.83
0.80
0.82
0.84
0.82
0.85
0.85
0.79
0.84
0.75
0.80
0.74
0.64
0.62
0.58
0.43
0.66
0.46
0.46
0.56
0.60
0.56
0.73
0.58
0.63
0.57
0.49
0.37
0.69
0.51
0.40
0.34
0.36
0.39
0.49
0.43
0.50
0.48
0.50
0.59
0.70
0.60
0.52
0.57
0.67
0.68
0.74
0.69
0.74
0.62
0.77
0.77
0.82
0.74
0.63
0.56
0.69
0.66
0.77
0.60
0.54
0.39
0.44
0.43
0.71
0.54
0.57
