0.00
363.31
336.56
529.07
415.65
452.26
364.69
439.92
491.35
518.63
493.45
496.30
512.85
514.99
525.49
525.19
525.12
531.06
439.68
513.88
500.94
534.77
430.90
371.28
411.99
314.78
405.29
532.90
375.82
394.97
484.70
408.79
457.69
505.60
322.82
389.77
451.67
386.84
372.88
369.70
336.12
262.78
289.01
264.62
220.79
401.21
249.53
229.05
206.40
187.23
164.55
193.84
164.28
155.93
116.24
192.63
162.60
285.72
164.30
164.80
333.26
226.74
218.60
422.77
253.64
291.34
462.89
273.97
214.87
415.57
300.56
267.34
239.61
345.25
447.04
495.15
442.64
482.88
348.78
402.58
436.24
440.56
460.16
361.73
432.49
459.70
469.89
404.86
445.78
451.86
353.69
252.19
243.07
313.26
304.95
128.72
194.23
188.41
206.20
323.90
171.44
182.17
166.46
256.28
346.87
320.59
340.01
370.11
345.06
314.49
337.74
371.08
314.34
323.04
142.44
193.87
267.81
303.94
245.78
143.68
177.11
158.83
208.45
171.20
161.34
167.52
256.07
241.84
150.39
333.11
213.95
181.93
465.82
219.41
231.42
516.22
184.47
269.71
432.66
378.39
222.19
457.32
263.78
227.97
315.80
316.18
232.36
288.64
485.57
302.92
199.54
355.71
427.59
420.79
450.39
418.94
407.72
318.37
329.96
445.36
418.30
385.96
372.13
357.05
334.58
366.98
261.55
387.12
379.76
383.37
384.58
386.37
399.78
376.91
364.02
354.32
336.81
285.02
375.20
253.48
217.28
156.90
180.91
200.37
310.88
205.65
254.10
353.67
378.44
279.25
447.66
332.61
278.23
447.48
157.52
211.52
468.06
259.82
200.82
382.64
451.47
501.34
505.25
523.13
525.72
443.29
520.96
528.20
519.89
533.06
527.00
520.90
523.59
542.37
530.77
546.21
547.90
524.11
542.31
471.48
502.29
473.88
391.59
324.08
270.64
150.69
396.71
180.82
199.27
293.04
292.07
257.47
430.16
271.22
306.73
285.75
194.14
121.40
401.54
208.62
149.19
114.46
109.48
130.15
167.29
146.68
225.78
242.94
209.82
322.89
387.06
368.22
263.45
407.28
442.27
431.41
487.79
451.40
496.09
405.81
522.69
508.13
533.49
473.52
375.74
400.92
463.06
426.23
491.33
374.43
327.17
415.93
165.09
197.19
437.32
215.91
253.66
