0.022735
0.152114
0.148581
0.152703
0.149603
0.155729
0.173296
0.184927
0.171730
0.176565
0.159899
0.142998
0.146022
0.154480
0.167603
0.174851
0.152161
0.160469
0.165383
0.148588
0.153341
0.136092
0.154153
0.173420
0.147787
0.160433
0.156367
0.174582
0.195025
0.168165
0.150443
0.168191
0.153460
0.162506
0.166364
0.158967
0.148520
0.175564
0.157089
0.231163
0.167056
0.148789
0.161973
0.148738
0.187745
0.151402
0.147342
0.148601
0.163354
0.184848
0.162260
0.150135
0.156470
0.154417
0.151080
0.152405
0.160876
0.151513
0.189990
0.159161
0.169409
0.174467
0.197993
0.232098
0.171203
0.188916
0.152498
0.143452
0.171049
0.169628
0.163407
0.159813
0.158132
0.170089
0.150239
0.157572
0.144409
0.148418
0.152862
0.151785
0.164371
0.141709
0.154655
0.158343
0.150062
0.144977
0.154629
0.167496
0.171374
0.158261
0.154016
0.154577
0.148520
0.156119
0.203179
0.143184
0.181283
0.159948
0.148888
0.166153
0.173132
0.160808
0.157601
0.141937
0.161609
0.159431
0.184383
0.165350
0.157475
0.194704
0.175421
0.159042
0.183941
0.162852
0.176814
0.152692
0.179350
0.157448
0.150378
0.157081
0.147020
0.147639
0.155548
0.149276
0.145398
0.146453
0.152340
0.166416
0.155186
0.142183
0.164271
0.148574
0.164088
0.159221
0.186843
0.204991
0.225981
0.151793
0.147251
0.166934
0.189284
0.192044
0.198023
0.151361
0.176009
0.164622
0.144210
0.196640
0.185534
0.161627
0.160113
0.154032
0.153934
0.205788
0.198053
0.175149
0.172992
0.154808
0.218134
0.155380
0.159133
0.149515
0.157864
0.185802
0.154678
0.219280
0.169284
0.163666
0.148940
0.150525
0.161453
0.181371
0.203468
0.204399
0.170229
0.197118
0.149024
0.152899
0.199482
0.218908
0.166255
0.185454
0.195452
0.161201
0.152077
0.151023
0.193440
0.170266
0.153784
0.156971
0.180446
0.159615
0.218141
0.183495
0.162342
0.150168
0.148833
0.161093
0.164420
0.167842
0.181898
0.167557
0.167790
0.170998
0.164977
0.232992
0.162411
0.181270
0.149524
0.148836
0.150134
0.165945
0.166092
0.188711
0.151670
0.164946
0.170949
0.177554
0.155855
0.169015
0.174123
0.184033
0.147456
0.146392
0.153912
0.159684
0.182762
0.168981
0.152929
0.160137
0.152128
0.152512
0.160621
0.180288
0.156062
0.184002
0.180547
0.182147
0.151134
0.149007
0.159739
0.155251
0.149855
0.144453
0.156469
0.170861
0.196121
0.148310
0.151122
0.148824
0.151370
0.153527
0.164662
0.161445
0.147770
0.147025
0.155206
0.163665
0.148234
0.142795
0.146668
0.148770
0.153357
0.150103
0.153960
0.182139
0.162950
0.153033
0.149125
0.163650
0.186001
0.210269
0.176016
0.148426
0.150156
0.154280
0.169137
