0.028926
0.153015
0.151423
0.157728
0.159405
0.171190
0.162862
0.163649
0.156910
0.185097
0.150554
0.141909
0.158997
0.161588
0.183168
0.157466
0.157939
0.178187
0.181501
0.183848
0.188504
0.163304
0.168545
0.172225
0.152381
0.152394
0.142121
0.192294
0.219060
0.204381
0.163730
0.165432
0.158602
0.164347
0.166121
0.168176
0.158158
0.148062
0.147910
0.147709
0.159543
0.151603
0.150420
0.150855
0.153331
0.148653
0.211282
0.176129
0.154351
0.155643
0.164188
0.147311
0.153070
0.159786
0.159486
0.175120
0.167345
0.173754
0.180686
0.150763
0.187066
0.194007
0.166521
0.146062
0.166575
0.151024
0.172555
0.151963
0.157693
0.164443
0.183997
0.176691
0.140343
0.165173
0.159910
0.165745
0.164539
0.173353
0.183769
0.160787
0.157805
0.146818
0.156083
0.171262
0.146512
0.151417
0.219523
0.147604
0.143843
0.142692
0.143584
0.150644
0.157969
0.172314
0.145038
0.154078
0.165762
0.146727
0.157841
0.151651
0.173317
0.153217
0.201281
0.156322
0.154682
0.156683
0.183403
0.148487
0.138950
0.135630
0.142595
0.159279
0.184175
0.148361
0.149612
0.164116
0.191164
0.163239
0.146221
0.169220
0.151638
0.160429
0.177859
0.194494
0.169959
0.147527
0.185360
0.157125
0.160845
0.148824
0.158011
0.155978
0.164598
0.169769
0.156965
0.175988
0.164846
0.162715
0.140568
0.145652
0.150462
0.151934
0.147088
0.178916
0.189911
0.164799
0.159476
0.168763
0.150421
0.187155
0.142307
0.145158
0.151674
0.155743
0.169242
0.201180
0.159641
0.206643
0.191972
0.160857
0.146873
0.159050
0.147043
0.150076
0.160766
0.163761
0.153341
0.193363
0.153038
0.173325
0.150450
0.145734
0.169291
0.152868
0.177331
0.180566
0.159286
0.158504
0.152396
0.165707
0.181587
0.152730
0.152925
0.160492
0.162402
0.144854
0.155049
0.156618
0.176363
0.173219
0.162210
0.171347
0.141150
0.143717
0.167601
0.166235
0.151025
0.146309
0.142969
0.154034
0.157702
0.182240
0.155435
0.162287
0.149565
0.149808
0.145541
0.170121
0.167689
0.194787
0.148345
0.179893
0.164217
0.165258
0.149960
0.148150
0.154264
