0.00
0.61
0.66
0.56
0.63
0.70
0.75
0.80
0.79
0.80
0.76
0.76
0.77
0.68
0.62
0.69
0.64
0.72
0.69
0.67
0.79
0.67
0.61
0.83
0.84
0.67
0.72
0.79
0.80
0.82
0.80
0.79
0.78
0.72
0.61
0.61
0.57
0.53
0.72
0.74
0.70
0.72
0.69
0.61
0.66
0.53
0.65
0.62
0.63
0.50
0.54
0.53
0.51
0.48
0.61
0.62
0.72
0.69
0.73
0.70
0.71
0.72
0.73
0.74
0.63
0.70
0.72
0.75
0.68
0.75
0.71
0.75
0.69
0.71
0.70
0.74
0.73
0.72
0.77
0.72
0.74
0.69
0.60
0.72
0.64
0.67
0.72
0.74
0.62
0.75
0.71
0.55
0.66
0.72
0.60
0.60
0.69
0.55
0.74
0.71
0.67
0.69
0.69
0.74
0.69
0.70
0.55
0.64
0.72
0.75
0.72
0.72
0.68
0.73
0.68
0.72
0.69
0.71
0.70
0.69
0.69
0.68
0.69
0.68
0.70
0.66
0.64
0.68
0.66
0.69
0.62
0.70
0.67
0.71
0.71
0.68
0.70
0.67
0.65
0.68
0.63
0.67
0.65
0.70
0.62
0.66
0.65
0.68
0.68
0.73
0.62
0.68
0.69
0.70
0.67
0.65
0.66
0.73
0.61
0.68
0.65
0.57
0.63
0.63
0.60
0.71
0.51
0.64
0.65
0.64
0.60
0.66
0.63
0.66
0.55
0.65
0.65
0.54
0.69
0.52
0.66
0.56
0.70
0.51
0.55
0.53
0.55
0.46
0.46
0.56
0.53
0.41
0.44
0.43
0.37
0.40
0.34
0.30
0.39
0.45
0.52
0.41
0.43
0.50
0.41
0.39
0.29
0.37
0.49
0.54
0.34
0.37
0.37
0.22
0.21
0.22
0.20
