0.00
318.04
372.30
298.27
369.27
461.39
507.09
558.41
551.10
559.61
535.07
467.21
461.20
372.61
299.08
366.91
322.57
397.35
372.09
349.77
474.53
344.91
300.63
512.70
549.95
383.52
427.73
520.54
527.11
543.31
548.19
545.83
537.44
493.59
368.04
372.27
301.12
283.14
501.62
529.29
503.90
536.26
515.21
457.70
500.76
370.86
490.65
451.54
480.74
312.62
360.75
339.23
316.13
274.09
435.33
367.20
470.78
389.37
450.28
419.04
431.90
442.09
448.30
466.31
333.23
421.96
451.38
485.73
400.81
476.88
424.98
497.76
375.62
431.88
404.10
471.40
436.96
440.97
487.72
421.41
468.29
397.16
317.36
438.03
357.71
389.13
442.71
488.41
343.75
494.86
454.44
268.07
398.14
475.17
329.80
341.06
438.58
266.12
477.09
425.47
413.41
409.58
415.37
453.12
423.56
434.08
261.28
334.43
430.09
475.45
443.30
469.30
421.04
463.30
382.17
442.87
406.79
448.25
426.95
402.42
430.40
410.95
400.89
409.55
403.69
359.12
335.96
381.41
384.09
408.47
312.07
412.41
393.90
432.24
406.08
398.61
393.62
370.40
370.69
402.26
316.17
373.08
369.17
408.81
346.62
371.48
355.13
387.51
416.32
428.72
353.43
385.87
388.24
400.31
454.83
358.06
370.27
453.05
342.75
401.98
367.15
301.23
337.51
335.43
307.50
418.85
276.01
378.23
377.04
358.03
340.37
361.14
359.52
384.32
244.74
373.88
327.29
224.03
393.32
230.71
348.56
252.07
417.38
220.26
272.26
241.53
315.14
196.24
213.99
318.25
278.80
196.38
263.10
267.03
303.65
331.85
244.85
237.51
329.94
321.17
333.88
198.98
201.28
252.03
176.33
154.29
113.70
144.09
229.40
304.34
119.35
188.15
207.11
91.19
112.77
123.82
118.48
