0.00
511.53
405.98
440.96
355.44
357.91
472.59
378.16
290.19
299.40
401.43
403.09
374.98
418.66
475.40
489.98
462.24
438.88
445.73
462.51
515.29
441.81
465.91
493.76
494.96
372.55
514.87
484.78
508.49
410.02
502.58
463.75
451.13
483.70
447.65
417.02
470.03
435.79
459.81
433.91
464.57
348.72
326.64
473.08
464.93
502.70
258.34
330.77
369.18
388.13
267.98
329.65
274.16
316.33
417.28
468.77
337.84
479.71
369.79
380.48
381.60
389.38
374.04
448.75
321.39
424.78
349.66
318.95
305.00
367.23
380.98
421.30
483.49
452.70
514.42
471.23
474.85
351.84
441.84
255.45
396.68
275.52
449.84
492.06
