0.011271
0.146289
0.179904
0.147593
0.149880
0.146082
0.152554
0.144470
0.152632
0.145947
0.142236
0.134996
0.164489
0.149295
0.141784
0.150285
0.147924
0.139110
0.162834
0.207048
0.153085
0.148522
0.134044
0.161206
0.134592
0.132232
0.141241
0.149522
0.142558
0.138722
0.150941
0.136986
0.159862
0.147489
0.161820
0.157164
0.156995
0.141513
0.149003
0.144873
0.155836
0.139432
0.143651
0.149918
0.164771
0.141577
0.155292
0.158737
0.143198
0.176278
0.156958
0.152791
0.156522
0.139817
0.152725
0.168725
0.140454
0.145379
0.165305
0.139951
0.142319
0.140917
0.146947
0.181799
0.172828
0.181535
0.136361
0.158558
0.147527
0.184863
0.165224
0.141509
0.147873
0.136492
0.161106
0.131484
0.154576
0.160345
0.141062
0.134271
0.144763
0.148974
0.159534
0.148760
