687	274	41	24
687	273	40	24
687	275	45	25
689	274	44	25
695	274	40	26
695	275	43	25
698	276	42	26
702	277	41	25
702	278	42	25
703	279	44	25
704	278	45	25
705	280	45	25
710	279	44	26
712	280	44	26
715	280	43	26
717	281	42	25
718	281	45	27
718	281	46	27
720	281	47	27
722	284	45	27
725	284	46	27
728	286	46	25
730	286	45	26
733	287	44	26
734	287	45	28
734	287	45	27
736	288	45	28
736	288	47	28
738	290	46	27
740	290	44	28
739	290	47	29
742	294	45	26
739	294	47	27
741	293	45	28
743	293	44	28
743	295	45	28
744	295	45	29
745	295	44	30
744	296	45	30
745	296	44	30
747	298	43	29
748	299	42	28
746	301	43	28
747	302	41	27
746	301	41	28
746	302	41	29
744	302	42	29
744	302	39	29
743	304	38	28
742	304	36	29
741	303	34	29
741	304	34	29
735	305	38	29
734	305	34	30
727	305	36	30
725	305	36	31
720	307	38	30
717	308	37	29
703	309	45	30
705	310	40	29
701	310	39	29
697	311	38	30
693	311	39	29
685	312	40	30
684	312	35	31
677	312	39	30
673	314	38	30
668	313	39	31
663	316	36	29
655	316	40	30
651	317	37	30
646	318	39	29
639	318	40	30
636	319	36	30
630	320	39	31
629	320	35	32
622	322	38	30
615	321	40	32
603	324	47	31
607	324	39	32
606	325	38	31
603	326	36	32
599	327	39	32
596	327	39	32
592	327	38	33
591	329	39	32
584	330	39	32
583	331	39	32
580	332	40	31
574	333	42	31
574	334	40	32
572	335	42	32
567	335	43	33
566	335	42	33
565	336	43	34
564	336	42	34
559	336	46	34
560	337	47	36
559	337	46	36
558	339	47	35
558	341	49	34
559	342	47	35
557	344	49	34
559	343	49	36
558	343	53	37
560	345	55	36
563	346	57	37
564	347	55	37
567	349	56	36
572	349	54	38
574	350	56	38
577	352	61	38
583	352	60	37
588	353	61	37
589	354	73	39
601	355	64	39
606	356	66	39
606	358	80	39
617	358	72	41
624	362	71	40
631	360	71	47
637	363	70	43
641	365	73	40
649	366	71	41
662	368	69	41
665	369	70	43
673	370	70	44
680	372	70	43
689	373	72	43
695	374	71	45
702	376	72	44
709	377	73	44
715	379	70	45
724	382	73	44
730	383	71	45
736	385	71	46
743	386	71	47
748	387	70	48
755	390	72	46
762	391	71	47
766	392	70	49
771	395	71	49
779	398	71	48
784	399	70	49
788	401	70	49
793	401	69	50
797	404	69	50
801	405	71	50
807	406	70	51
812	408	69	52
816	410	67	50
815	413	70	50
819	415	70	52
821	415	70	52
822	415	68	53
822	418	70	52
822	421	67	54
823	422	64	53
821	423	66	53
818	423	67	54
815	425	68	54
814	427	66	54
812	428	66	56
810	429	65	55
808	431	65	57
806	433	65	56
803	435	64	56
798	436	65	57
797	437	63	57
793	437	63	59
786	440	64	58
783	443	62	59
779	442	62	60
776	443	61	60
771	446	61	61
761	444	63	63
757	436	61	75
748	431	66	81
742	435	67	79
735	441	67	76
723	442	74	76
712	452	77	67
706	457	74	65
697	464	69	62
681	466	77	61
672	466	74	63
663	469	73	63
650	471	75	62
646	472	73	62
636	476	69	62
628	478	69	61
623	480	66	61
610	482	72	63
607	484	67	62
593	487	72	63
590	489	68	63
583	493	71	63
578	495	70	64
569	498	69	64
527	500	107	66
554	503	75	66
550	505	73	67
545	507	75	66
508	509	105	68
499	507	106	70
506	505	96	71
520	504	81	70
515	497	82	68
494	486	98	70
504	480	87	69
503	471	85	71
499	463	87	71
493	449	94	75
492	443	92	74
493	435	90	74
490	426	94	75
491	418	94	76
489	406	96	78
486	399	100	79
485	390	103	79
485	385	103	79
488	380	102	82
488	370	108	84
488	366	109	84
490	361	111	86
489	358	117	88
486	354	125	90
496	355	122	91
497	355	124	91
498	356	131	95
511	360	123	94
518	368	124	95
516	368	137	99
530	375	131	100
532	377	141	103
548	383	131	103
545	385	152	115
550	392	151	110
587	401	131	107
598	403	135	108
611	410	138	114
624	416	139	116
634	420	139	119
649	426	144	122
668	432	139	122
691	443	146	129
704	449	151	127
716	454	151	131
738	462	146	137
752	468	151	139
781	486	147	143
798	495	149	159
818	502	148	145
834	512	148	147
861	522	151	155
876	523	152	167
892	532	153	169
909	543	156	172
929	554	152	160
954	557	156	161
860	551	279	168
869	563	288	153
870	565	297	154
874	571	312	147
922	585	301	133
914	592	337	124
940	594	323	122
959	604	318	111
976	610	302	105
997	614	282	105
1005	616	273	103
1006	616	273	103
1016	620	263	99
1045	627	233	92
1043	622	236	97
1072	632	207	84
1080	634	199	85
1097	637	182	82
1112	635	167	84
1115	635	164	84
1118	633	161	86
1128	633	148	83
1129	630	147	87
1131	627	145	88
1130	623	147	93
1124	609	155	104
1124	612	154	101
1113	605	166	110
1102	598	177	121
1095	590	184	128
1085	590	194	127
1101	455	73	58
1098	472	50	26
1086	479	47	23
1073	487	47	24
1056	495	52	22
1031	502	53	30
1018	510	49	26
990	517	77	27
983	527	61	25
979	540	31	19
951	550	34	24
927	557	34	21
904	567	36	20
868	566	45	31
845	568	51	36
800	580	51	34
774	588	50	34
745	597	50	33
720	605	49	35
683	615	46	38
656	626	47	38
629	637	45	36
604	644	48	38
578	653	42	41
540	670	44	39
514	677	45	39
489	687	38	31
463	701	32	16
437	710	28	10
413	682	78	37
409	611	38	56
389	604	36	74
366	642	34	43
330	661	38	41
310	672	39	43
289	683	41	35
279	667	28	51
263	674	40	24
231	699	22	15
229	703	30	16
260	693	23	16
255	704	10	12
239	710	40	10
214	676	93	43
258	693	69	26
280	709	23	10
259	694	76	25
208	619	206	100
459	311	118	73
467	310	107	72
467	309	108	67
464	305	110	70
464	304	112	67
464	302	112	67
464	298	110	68
461	296	111	69
470	296	105	69
467	294	110	66
473	292	107	66
472	290	110	68
472	288	111	68
486	287	100	68
482	286	110	67
486	286	111	67
489	285	112	67
497	284	109	66
502	283	109	68
502	281	114	67
510	281	112	68
518	281	110	67
520	281	113	67
538	281	105	70
540	280	111	67
550	280	110	69
559	281	108	67
572	281	106	70
574	280	114	69
590	283	107	69
595	283	111	70
610	284	106	69
621	285	110	71
632	289	109	69
641	288	111	72
654	291	110	70
665	293	113	71
683	296	109	70
693	296	111	73
701	299	111	74
712	298	112	73
732	303	108	71
