0.00
0.73
0.51
0.65
0.57
0.52
0.50
0.51
0.68
0.69
0.64
0.57
0.52
0.57
0.61
0.71
0.60
0.73
0.63
0.62
0.52
0.61
0.59
0.61
0.58
0.72
0.69
0.66
0.65
0.61
0.55
0.66
0.48
0.59
0.65
0.58
0.63
0.63
0.61
0.63
0.65
0.64
0.61
0.66
0.58
0.58
0.52
0.62
0.56
0.63
0.67
0.65
0.56
0.60
0.59
0.57
0.51
0.56
0.47
0.58
0.50
0.57
0.47
0.57
0.50
0.51
0.57
0.53
0.52
0.51
0.60
0.50
0.57
0.58
0.52
0.54
0.58
0.56
0.48
0.57
0.62
0.50
0.58
0.53
0.58
0.69
0.54
0.60
0.57
0.48
0.61
0.57
0.52
0.58
0.62
0.61
0.57
0.61
0.62
0.63
0.67
0.70
0.67
0.66
0.68
0.57
0.56
0.60
0.60
0.59
0.59
0.46
0.58
0.49
0.55
0.59
0.52
0.51
0.52
0.45
0.47
0.50
0.46
0.46
0.61
0.62
0.54
0.49
0.56
0.52
0.48
0.53
0.57
0.62
0.63
0.55
0.51
0.58
0.52
0.60
0.63
0.56
0.49
0.56
0.63
0.61
0.65
0.61
0.62
0.69
0.65
0.63
0.60
0.64
0.68
0.67
0.65
0.68
0.64
0.60
0.65
0.65
0.62
0.66
0.64
0.67
0.58
0.64
0.71
0.67
0.54
0.66
0.60
0.63
0.59
0.55
0.56
0.49
0.54
0.47
0.43
0.43
0.49
0.39
0.55
0.49
0.44
0.44
0.56
0.50
0.48
0.53
0.49
0.57
0.47
0.57
0.49
0.51
0.45
0.50
0.49
0.58
0.57
0.49
0.49
0.51
0.46
0.53
0.44
0.41
0.51
0.49
0.47
0.47
0.53
0.50
0.55
0.47
0.56
0.49
0.58
0.59
0.54
0.60
0.58
0.54
0.52
0.53
0.55
0.56
0.57
0.51
0.53
0.52
0.53
0.52
0.46
0.55
0.50
0.49
0.40
0.45
0.44
0.47
0.51
0.46
0.52
0.47
0.49
0.51
0.55
0.40
0.43
0.45
0.48
0.43
0.44
0.42
0.51
0.62
0.41
0.63
0.67
0.63
0.64
0.53
0.53
0.54
0.52
0.51
0.60
0.55
0.54
0.52
0.43
0.45
0.50
0.46
0.50
0.52
0.46
0.58
0.46
0.52
0.40
0.49
0.40
0.36
0.30
0.40
0.38
0.27
0.48
0.51
0.51
0.56
0.36
0.50
0.33
0.35
0.46
0.35
0.42
0.21
0.14
0.36
0.36
0.55
0.54
0.61
0.33
0.54
0.56
0.48
0.54
0.44
0.54
0.58
0.52
0.21
0.07
0.28
0.41
0.44
0.36
0.44
0.38
0.47
0.34
0.24
0.26
0.15
0.31
0.08
0.05
0.19
0.21
0.07
0.06
0.01
0.58
0.60
0.60
0.62
0.62
0.66
0.65
0.56
0.62
0.58
0.65
0.66
0.51
0.63
0.57
0.62
0.53
0.56
0.61
0.53
0.55
0.63
0.57
0.55
0.53
0.54
0.54
0.54
0.52
0.52
0.53
0.51
0.52
0.49
0.47
0.48
0.55
0.48
0.45
0.46
0.57
