0.023754
0.139478
0.156854
0.154840
0.141676
0.155880
0.189465
0.157959
0.134160
0.143672
0.156600
0.138165
0.150750
0.145952
0.150059
0.143392
0.147598
0.157170
0.133456
0.143515
0.144750
0.160517
0.159164
0.149153
0.143628
0.143911
0.159980
0.167557
0.177486
0.158265
0.150495
0.142947
0.152164
0.148349
0.137721
0.206865
0.163538
0.137792
0.143276
0.150208
0.140354
0.139693
0.141561
0.160885
0.149621
0.150632
0.139079
0.161013
0.158828
0.162590
0.140933
0.148171
0.141417
0.185175
0.151825
0.146620
0.153623
0.155566
0.145711
0.141411
0.155412
0.171885
0.205311
0.156702
0.162055
0.170606
0.198068
0.154550
0.140936
0.138108
0.154375
0.140954
0.169937
0.188033
0.162257
0.173294
0.166598
0.151427
0.151445
0.152125
0.147909
0.138805
0.153470
0.143437
0.145941
0.202740
0.171060
0.143867
0.151433
0.144950
0.168133
0.132410
0.150372
0.144608
0.152741
0.149513
0.143109
0.166830
0.149024
0.158596
0.162380
0.144305
0.160469
0.154763
0.155029
0.153239
0.142232
0.165868
0.146334
0.146256
0.147850
0.181749
0.184080
0.157575
0.162385
0.170431
0.214848
0.229904
0.185156
0.177455
0.168690
0.151966
0.148525
0.139477
0.149506
0.146038
0.144288
0.170322
0.143521
0.145650
0.158762
0.149207
0.149229
0.168368
0.141782
0.151118
0.154267
0.141945
0.141481
0.152761
0.160664
0.164091
0.168534
0.136363
0.135486
0.178242
0.212553
0.152980
0.149942
0.175615
0.140623
0.153186
0.158668
0.151978
0.159355
0.142457
0.157793
0.144624
0.150277
0.155509
0.166286
0.140360
0.141160
0.141768
0.158204
0.163831
0.187786
0.153055
0.139261
0.141961
0.143846
0.133415
0.145220
0.164335
0.140783
0.172901
0.142645
0.176286
0.189872
0.181138
0.156800
0.149322
0.135517
0.136842
0.155251
0.153527
0.157650
0.156903
0.157876
0.145629
0.133759
0.135592
0.160988
0.197790
0.153191
0.139102
0.169716
0.144025
0.149325
0.143192
0.179620
0.141226
0.143750
0.143839
0.156414
0.148226
0.143434
0.192410
0.148562
0.150759
0.156468
0.187709
0.159754
0.164893
0.144871
0.141406
0.144100
0.155194
0.187083
0.149413
0.145516
0.157801
0.142981
0.162911
0.129804
0.138751
0.172598
0.141613
0.166617
0.134678
0.145940
0.148543
0.193253
0.133247
0.135167
0.165422
0.162891
0.150168
0.183847
0.148288
0.153531
0.157714
0.163635
0.153824
0.165725
0.140724
0.144719
0.134525
0.148056
0.144200
0.152672
0.147579
0.158568
0.138570
0.143055
0.149035
0.155819
0.147912
0.143517
0.163686
0.150164
0.158239
0.159851
0.165819
0.142239
0.159154
0.138810
0.139080
0.163548
0.174442
0.174150
0.151527
0.144190
0.171496
0.144448
0.142767
0.157756
0.147216
0.152994
0.163476
0.150984
0.154538
0.147056
0.149731
0.191941
0.179506
0.217380
0.163870
0.143769
0.159135
0.148532
0.155608
0.137053
0.148865
0.144555
0.180529
0.239629
0.144524
0.199308
0.154707
0.135153
0.139109
0.147184
0.136838
0.136660
0.161045
0.161021
0.148770
0.152545
0.146320
0.157817
0.145253
0.170584
0.162110
0.172407
0.164608
0.172595
0.156708
0.172518
