0.022667
0.140340
0.149360
0.131999
0.143014
0.169009
0.140303
0.144981
0.154080
0.139633
0.147777
0.153243
0.139669
0.150222
0.159773
0.165241
0.145205
0.136707
0.141072
0.137826
0.142140
0.158795
0.158515
0.153316
0.175167
0.140106
0.144789
0.149568
0.148002
0.146777
0.148964
0.151899
0.151044
0.141443
0.145063
0.138668
0.138546
0.139565
0.141377
0.143661
0.139678
0.138138
0.138568
0.137195
0.142376
0.143721
0.199414
0.162664
0.165033
0.135457
0.156685
0.133697
0.138292
0.142990
0.147870
0.144439
0.146254
0.146673
0.142465
0.136608
0.143733
0.134069
0.135316
0.140055
0.142876
0.135230
0.140069
0.142780
0.141554
0.172004
0.149227
0.153372
0.143132
0.169570
0.155981
0.145368
0.145469
0.145699
0.236849
0.166443
0.142504
0.161296
0.152270
0.149895
0.144496
0.168556
0.144612
0.160228
0.151958
0.181334
0.166876
0.182841
0.159823
0.152584
0.141160
0.138219
0.149125
0.142350
0.147643
0.148667
0.137183
0.163746
0.154272
0.153423
0.148312
0.136034
0.149340
0.142667
0.180203
0.143051
0.148480
0.142258
0.151558
0.146768
0.138701
0.149081
0.154816
0.155904
0.170612
0.157013
0.144797
0.135844
0.163662
0.139878
0.160697
0.153059
0.155557
0.144487
0.139227
0.144761
0.184106
0.246476
0.147863
0.136568
0.141450
0.145868
0.148098
0.142267
0.162094
0.152390
0.157778
0.153498
0.187526
0.159462
0.169344
0.159430
0.142401
0.148399
0.139268
0.144017
0.138710
0.137167
0.138172
0.143271
0.138486
0.145113
0.145952
0.143494
0.142653
0.150864
0.155970
0.191119
0.196758
0.138558
0.145047
0.152271
0.134715
0.143296
0.135806
0.147941
0.155426
0.147928
0.173959
0.138090
0.160548
0.139824
0.146824
0.147977
0.135717
0.135421
0.127369
0.154021
0.136436
0.146312
0.154898
0.170481
0.154148
0.135736
0.145386
0.147150
0.141586
0.146879
0.147864
0.176880
0.148113
0.169380
0.153042
0.209869
0.143192
0.137383
0.142447
0.147173
0.137779
0.152930
0.155399
0.163504
0.148633
0.151348
0.140721
0.141312
0.172331
0.134632
0.145580
0.137569
0.142094
0.155393
0.156460
0.148556
0.163452
0.149987
0.138196
0.141877
0.133431
0.161617
0.147127
0.156028
0.149786
0.157145
0.145263
0.149973
0.142907
0.173255
0.145194
0.212648
0.183856
0.137920
0.136062
0.139881
0.149314
0.150640
0.150283
0.135787
0.151918
0.144984
0.156064
0.166309
0.207046
0.187007
0.176123
0.138868
0.138293
0.151534
0.160644
0.138810
0.153916
0.144586
0.143373
0.136466
0.140544
0.153590
0.168023
0.154689
0.146345
0.136255
0.163490
0.137430
0.145252
0.134662
0.146883
0.135843
0.194221
0.146043
0.141212
0.174937
0.154551
0.135020
0.147503
0.154850
0.167208
0.163201
0.149470
0.141975
0.149807
0.161617
0.131123
0.146298
0.164377
0.134660
0.145449
0.144756
0.153994
0.138467
0.138878
0.235046
0.173874
0.147921
0.141142
0.150219
0.140943
0.147557
0.160834
0.145438
0.147352
0.149362
0.147804
0.157959
0.145142
0.156262
0.139899
0.155396
0.180741
0.154667
0.160443
0.152674
0.147876
0.137922
0.150014
0.144544
0.148211
0.136852
0.155200
0.168444
0.167428
0.196170
0.153199
0.146512
0.174743
0.214018
0.162369
0.144107
0.146563
0.139281
0.142955
0.150776
0.138940
0.148908
0.210769
0.198163
0.175510
0.196130
0.155915
0.144563
0.139313
0.139378
0.146890
0.157045
0.151760
0.225345
0.175231
0.139579
0.134016
0.142194
0.143740
0.141815
0.142622
0.140091
0.153255
0.147439
0.243131
0.147033
0.167699
0.162370
0.145292
0.147567
0.179519
0.142152
0.152761
0.155669
0.148315
0.146344
0.153582
0.139651
0.129781
0.136557
0.136197
0.134973
0.181102
0.150420
0.152683
0.151808
0.139030
0.161335
0.158413
0.156340
0.157686
0.160341
0.136319
0.150971
0.143871
0.137698
0.135628
0.178485
0.150977
0.141498
0.174423
0.151129
0.146801
0.161109
0.158212
0.223450
0.172367
0.145714
0.181370
0.132265
0.141052
0.171948
0.156328
0.174713
0.179133
0.198707
0.183909
0.178281
0.156895
0.143085
0.148466
0.155029
0.138640
0.161469
0.156679
0.143087
0.168173
0.191708
0.136712
0.146406
0.144640
0.144920
0.137547
0.141768
0.146402
0.146304
0.134875
0.146127
0.147803
0.138133
0.171405
0.142038
0.139570
0.171680
0.134559
0.152592
0.161152
0.166326
0.166099
0.152403
0.141670
0.155012
0.150552
0.139262
0.142178
0.138433
0.158226
0.157291
0.139661
0.148668
0.147985
0.150676
0.134376
0.143977
0.151030
0.155392
0.153716
0.143412
0.143447
0.132977
0.140185
0.134396
0.133195
0.142445
0.161497
0.143558
0.142434
0.173900
0.150806
0.138517
0.136560
0.199708
0.166370
0.179569
0.139579
0.135975
0.146360
0.146079
0.144787
0.182070
0.142890
0.136775
0.140486
0.147406
0.147885
0.146281
0.144998
0.193773
0.144766
0.159372
0.214996
0.140067
0.137601
0.150400
0.176348
0.143564
0.136936
0.139666
0.140703
0.139224
0.137782
0.148001
0.136968
0.154587
0.165300
0.157993
0.204976
0.192594
0.152791
0.135011
0.137685
0.149009
0.135204
0.145166
0.145415
0.147872
0.141196
0.146813
0.144687
0.166946
0.145031
0.146023
0.144819
0.136954
0.147261
0.136908
0.133677
0.155284
0.168115
0.184150
0.241484
0.149601
0.138824
0.130873
0.140958
0.138322
0.137501
0.136382
0.139013
0.146369
0.137387
0.133821
0.148831
0.142195
0.172386
0.139313
0.150575
0.137594
0.137662
0.137610
0.136901
0.137377
0.143882
0.139752
0.184533
0.173904
0.231957
0.191250
0.140838
0.198841
0.159299
0.129561
0.142856
0.139596
0.133864
0.141088
0.137255
0.138352
0.136763
0.144200
0.140263
0.171120
0.150378
0.152335
0.243084
0.166084
0.149405
0.165516
0.139087
0.175675
0.165586
0.149155
0.155021
0.160636
0.135735
0.143320
0.187876
0.229830
0.199629
0.133763
0.139800
0.151897
0.146484
0.131227
0.136816
0.159245
0.142279
0.136879
0.158286
0.142298
0.139156
0.141420
0.157510
0.149432
0.175818
0.153970
0.156147
0.148954
0.169001
0.150903
0.150288
0.171407
0.140019
0.148870
0.173199
0.197458
0.174568
0.165093
0.146568
0.162688
0.160515
0.145306
