0.00
316.64
202.55
169.19
195.30
151.29
159.33
175.28
209.26
221.65
274.46
220.06
222.94
142.07
159.79
152.46
159.84
132.08
116.17
149.57
144.01
115.39
167.98
192.28
168.51
98.96
76.13
151.02
182.65
144.90
186.59
109.97
131.77
167.58
214.45
246.97
216.39
199.87
212.18
182.09
141.44
147.87
158.83
138.04
232.75
266.63
183.80
233.22
220.50
180.74
233.28
241.27
252.66
249.02
259.75
239.51
256.19
203.36
215.34
226.80
248.37
172.91
209.84
272.95
322.03
371.10
358.26
324.11
407.34
324.08
341.82
340.09
307.45
316.37
342.70
336.45
328.32
355.36
377.11
332.60
341.04
315.22
297.30
271.24
272.56
270.10
290.57
296.00
284.61
272.52
224.29
260.13
280.15
307.27
291.19
328.02
265.58
313.53
278.42
235.12
209.83
209.28
248.60
202.00
244.19
268.92
221.20
283.82
273.85
304.89
316.34
326.59
359.96
376.96
382.45
329.10
355.10
308.89
216.42
235.53
251.94
275.27
195.50
204.24
223.10
160.34
190.42
200.71
142.19
191.27
195.33
231.01
150.20
278.36
212.41
257.67
175.46
174.97
194.69
256.37
309.42
219.09
289.16
261.17
250.48
373.35
382.06
354.12
359.77
383.32
329.75
246.21
215.31
249.38
222.97
240.06
306.31
313.49
271.93
259.12
267.51
276.64
310.48
322.29
339.35
296.35
313.30
317.80
295.56
310.06
268.67
233.60
228.16
317.10
364.85
378.97
302.04
306.51
293.81
325.34
335.96
366.19
368.78
403.96
337.55
301.94
249.90
294.68
288.74
257.89
323.21
360.02
305.88
285.42
273.69
337.24
351.50
352.00
331.62
383.04
388.82
372.36
307.06
323.32
301.56
270.10
319.68
334.28
369.58
365.13
360.26
358.32
356.60
341.86
358.02
368.96
388.55
389.68
351.12
300.04
292.81
236.97
280.26
313.62
279.07
267.05
303.68
292.33
311.67
323.74
328.80
320.11
318.62
325.15
375.00
394.56
394.26
370.40
401.57
398.75
329.37
345.60
318.87
335.96
336.81
349.35
314.54
326.42
335.14
367.08
363.73
383.60
358.95
353.11
313.77
317.30
292.66
279.52
288.46
300.05
355.94
376.28
369.57
334.20
337.47
349.29
356.94
357.22
377.91
416.84
428.35
410.30
369.46
348.12
301.86
297.49
303.90
305.52
345.10
355.63
356.49
319.17
356.42
361.48
366.35
336.95
335.63
334.33
334.65
338.08
338.24
341.92
281.67
321.46
319.60
322.69
337.29
375.99
337.10
307.04
278.33
271.60
263.41
298.09
304.93
373.39
355.56
312.96
286.91
265.54
325.88
310.00
360.45
355.28
365.54
358.76
350.57
340.77
350.45
350.41
336.27
287.87
343.64
328.57
362.54
311.18
339.09
371.01
336.22
363.27
370.52
322.71
337.53
365.65
313.38
369.25
360.88
376.04
392.65
369.16
403.14
378.68
335.08
315.85
312.12
332.07
338.92
341.08
373.16
349.19
317.23
327.23
308.86
315.58
240.92
305.34
337.75
306.92
278.74
317.86
309.82
309.63
374.25
326.40
334.61
364.12
347.79
346.44
305.06
258.52
206.14
337.79
356.57
373.37
411.38
389.14
382.26
319.05
276.97
289.78
332.49
343.43
361.77
305.06
317.34
308.30
359.95
335.11
329.37
316.90
283.27
325.07
337.11
339.64
303.33
342.99
331.17
352.46
347.64
370.73
379.56
304.88
356.38
337.38
365.75
370.52
366.07
388.40
350.15
352.59
335.33
298.74
336.96
341.26
289.20
333.36
300.11
347.56
339.03
318.32
291.30
328.19
319.18
300.57
319.26
289.47
300.11
334.11
325.58
350.81
321.50
320.83
325.83
339.55
330.34
345.03
319.59
297.07
355.92
392.47
358.88
347.87
367.29
347.21
320.25
316.67
327.99
343.60
318.79
342.98
333.85
330.24
329.90
306.36
317.55
297.90
286.07
286.65
277.44
274.43
275.50
307.74
314.82
288.49
339.52
303.83
314.90
298.78
337.42
325.32
318.60
309.38
310.86
255.09
285.09
306.87
269.69
267.58
297.71
312.02
331.52
271.25
285.84
279.02
258.71
267.96
262.26
229.25
258.62
263.91
255.90
235.12
233.76
227.95
194.22
203.28
192.56
172.96
198.47
155.47
176.67
140.22
148.09
138.46
203.89
179.43
280.89
277.99
200.07
260.20
223.04
199.36
163.47
133.54
135.28
152.11
227.17
146.52
162.68
154.86
184.99
116.88
110.86
147.03
187.15
157.45
180.85
173.19
174.79
166.37
143.40
174.37
180.04
174.40
131.09
145.43
146.51
155.89
131.88
150.62
136.68
175.82
96.61
109.85
103.09
150.82
103.47
138.37
113.36
176.43
99.78
188.94
144.70
138.36
164.05
73.75
104.35
117.53
67.52
87.20
53.16
71.96
65.63
66.74
86.56
77.19
70.09
74.26
90.68
77.63
106.65
83.20
125.68
106.77
112.01
130.76
77.11
80.56
115.64
102.73
100.50
77.20
58.76
54.91
70.70
76.81
62.78
53.27
81.32
74.19
55.43
61.51
103.07
79.70
83.59
84.95
111.89
95.93
112.45
75.75
62.28
87.77
110.37
111.09
117.61
88.75
104.48
132.97
95.93
109.97
87.74
105.42
111.57
111.85
77.10
109.67
79.88
107.80
99.91
78.68
99.84
130.25
73.29
73.43
75.15
94.40
