0.027999
0.158128
0.152163
0.164325
0.162937
0.142843
0.141485
0.155910
0.154643
0.150700
0.145125
0.141164
0.160826
0.135540
0.155232
0.139375
0.162143
0.144544
0.152232
0.174725
0.145165
0.146363
0.159434
0.146289
0.140832
0.135902
0.149773
0.161894
0.152894
0.136227
0.140395
0.146307
0.150381
0.139526
0.211060
0.140611
0.148550
0.158296
0.140606
0.143507
0.140179
0.151923
0.195883
0.139919
0.155013
0.153608
0.140350
0.157946
0.182711
0.164833
0.140167
0.202089
0.167316
0.159883
0.182835
0.221661
0.165179
0.165307
0.165398
0.172878
0.211444
0.226186
0.182619
0.159346
0.172895
0.185723
0.189531
0.152574
0.157768
0.172316
0.184505
0.184127
0.180275
0.221919
0.170491
0.174387
0.178470
0.150419
0.156323
0.171495
0.149328
0.186047
0.143887
0.144428
0.148621
0.147928
0.149618
0.153402
0.140103
0.140443
0.153085
0.143940
0.161366
0.152080
0.142344
0.149391
0.162215
0.154162
0.135793
0.145197
0.170717
0.194758
0.150792
0.145690
0.151453
0.152523
0.163047
0.166689
0.139219
0.155916
0.178212
0.167729
0.150827
0.150010
0.145977
0.140849
0.140480
0.141167
0.187654
0.178525
0.149051
0.170616
0.143241
0.149140
0.160979
0.149251
0.189377
0.204997
0.167116
0.156884
0.144933
0.146421
0.159217
0.139229
0.134903
0.137492
0.148070
0.163551
0.170735
0.149867
0.162024
0.142289
0.157880
0.137178
0.156059
0.140738
0.152349
0.140361
0.154342
0.160106
0.136238
0.138219
0.139379
0.142315
0.158931
0.157081
0.151285
0.140892
0.155701
0.138534
0.156780
0.152511
0.187260
0.143822
0.147869
0.204629
0.179127
0.143509
0.137102
0.144877
0.138183
0.146965
0.141661
0.143104
0.154092
0.148763
0.149250
0.186194
0.161598
0.150475
0.155296
0.149234
0.163813
0.142515
0.149197
0.146672
0.186715
0.151054
0.155519
0.172121
0.151725
0.177524
0.219553
0.171563
0.248786
0.215205
0.176686
0.180338
0.150329
0.159044
0.150478
0.147156
0.147175
0.151781
0.179210
0.146602
0.146633
0.144202
0.143286
0.145213
0.147265
0.136483
0.144405
0.156729
0.149686
0.161047
0.141005
0.144990
