0.00
0.58
0.58
0.67
0.68
0.62
0.71
0.48
0.59
0.48
0.49
0.57
0.72
0.50
0.43
0.59
0.63
0.56
0.66
0.63
0.60
0.59
0.66
0.65
0.41
0.42
0.31
0.29
0.24
0.17
0.16
0.50
0.53
0.53
0.73
0.65
0.66
0.54
0.61
0.57
0.44
0.61
0.59
0.63
0.51
0.53
0.63
0.65
0.52
0.64
0.48
0.73
0.66
0.72
0.63
0.63
0.57
0.60
0.60
0.52
0.48
0.43
0.51
0.57
0.50
0.57
0.61
0.60
0.48
0.48
0.70
0.53
0.13
0.17
0.22
0.28
0.36
0.45
0.43
0.45
0.54
0.52
0.49
0.53
0.48
0.52
0.49
0.49
0.46
0.29
0.28
0.26
0.24
0.26
0.32
0.33
0.41
0.39
0.38
0.44
0.42
0.41
0.36
0.37
0.33
0.25
0.13
0.24
0.16
0.23
0.23
0.16
0.35
0.40
0.38
0.46
0.41
0.49
0.46
0.34
0.38
0.40
0.35
0.42
0.37
0.48
0.47
0.47
0.45
0.44
0.40
0.36
0.24
0.34
0.40
0.42
0.37
0.40
0.44
0.40
0.44
0.44
0.43
0.47
0.43
0.43
0.46
0.47
0.47
0.44
0.42
0.34
0.40
0.42
0.46
0.40
0.39
0.42
0.55
0.55
0.53
0.54
0.52
0.53
0.51
0.54
0.50
0.50
0.45
0.52
0.49
0.48
0.51
0.52
0.50
0.46
0.44
0.46
0.45
0.42
0.38
0.42
0.39
0.40
0.46
0.47
0.53
0.53
0.52
0.53
0.51
0.51
0.52
0.50
0.54
0.48
0.53
0.54
0.53
0.51
0.52
0.49
0.50
0.48
0.50
0.52
0.50
0.50
0.45
0.48
0.51
0.54
0.51
0.50
0.49
0.51
0.49
0.54
0.47
0.50
0.46
0.49
0.46
0.49
0.48
0.45
0.48
0.49
0.48
0.49
0.46
0.51
0.52
0.48
0.47
0.52
0.50
