0.030709
0.152746
0.175626
0.171227
0.151258
0.153075
0.153691
0.152446
0.142958
0.177584
0.148663
0.147452
0.153511
0.180156
0.205645
0.179797
0.154947
0.149661
0.165307
0.156188
0.160728
0.155204
0.158513
0.154759
0.141190
0.172660
0.155109
0.156728
0.145433
0.162051
0.182079
0.152256
0.162697
0.153760
0.159662
0.145802
0.140619
0.146688
0.149545
0.149119
0.197184
0.153340
0.180163
0.183644
0.223551
0.160141
0.172461
0.158719
0.149585
0.149947
0.154171
0.149598
0.166233
0.184583
0.156101
0.147188
0.147268
0.149128
0.182523
0.198603
0.178985
0.155128
0.179650
0.155786
0.154250
0.151699
0.146910
0.146724
0.147966
0.165340
0.158910
0.152682
0.149284
0.164064
0.155487
0.150947
0.148998
0.145446
0.146507
0.155148
0.181440
0.180790
0.153909
0.165086
0.198840
0.170947
0.145271
0.150632
0.145934
0.147891
0.149654
0.149659
0.154203
0.153295
0.160347
0.151086
0.146426
0.147549
0.159782
0.172109
0.180749
0.166984
0.149342
0.143796
0.160459
0.208960
0.151068
0.147974
0.170255
0.155661
0.156572
0.158636
0.148319
0.152424
0.174433
0.141276
0.150933
0.158143
0.145668
0.143006
0.144303
0.192043
0.182791
0.151736
0.155994
0.151304
0.148451
0.181737
0.169577
0.203596
0.166636
0.153748
0.148324
0.153578
0.155111
0.138037
0.152158
0.144660
0.176622
0.161708
0.148644
0.145310
0.149452
0.160916
0.160482
0.148907
0.155805
0.147608
0.161104
0.165914
0.186124
0.151698
0.162039
0.189340
0.169412
0.171770
0.165402
0.161768
0.179474
0.160971
0.182967
0.158036
0.163900
0.173190
0.150113
0.148818
0.154129
0.145628
0.143914
0.148955
0.149125
0.153836
0.141597
0.145199
0.147744
0.146176
0.147454
0.145999
0.157461
0.151461
0.156616
0.168932
0.147631
0.148627
0.157956
0.148736
0.153490
0.180842
0.153615
0.149832
0.145592
0.148825
0.158816
0.141462
0.145416
0.170388
0.150918
0.153941
0.149656
0.160566
0.149873
0.155515
0.146374
0.142167
0.150282
0.199279
0.172875
0.161172
0.150402
0.145672
0.163273
0.151998
0.150793
0.155619
0.160839
0.143055
0.159722
0.168968
0.154518
0.195758
0.163371
0.151160
0.161644
0.172302
0.154392
0.152354
0.157809
0.149252
0.232603
0.181906
0.149199
0.151057
0.160707
0.177790
0.144893
0.143862
0.145911
