0.00
0.59
0.59
0.62
0.58
0.45
0.55
0.60
0.57
0.52
0.49
0.59
0.58
0.51
0.34
0.44
0.53
0.59
0.49
0.56
0.53
0.51
0.46
0.59
0.54
0.57
0.55
0.58
0.56
0.59
0.51
0.45
0.55
0.52
0.52
0.64
0.60
0.64
0.63
0.56
0.49
0.52
0.54
0.44
0.46
0.56
0.53
0.54
0.49
0.52
0.53
0.60
0.55
0.58
0.57
0.58
0.52
0.58
0.55
0.52
0.51
0.47
0.59
0.28
0.35
0.37
0.22
0.14
0.08
0.08
0.29
0.31
0.37
0.41
0.24
0.19
0.20
0.30
0.25
0.36
0.45
0.52
0.59
0.40
0.39
0.38
0.43
0.47
0.49
0.43
0.42
0.49
0.45
0.45
0.48
0.55
0.50
0.48
0.53
0.43
0.48
0.56
0.50
0.51
0.50
0.45
0.45
0.45
0.41
0.41
0.45
0.41
0.50
0.46
0.50
0.37
0.36
0.38
0.34
0.41
0.42
0.37
0.38
0.44
0.44
0.42
