0.00
340.65
516.48
519.90
452.69
373.58
303.47
293.13
305.94
372.36
435.60
219.63
254.09
253.74
342.59
356.89
246.75
268.24
255.08
329.53
304.90
268.10
322.66
302.72
332.32
332.89
403.21
456.27
461.62
425.74
339.29
298.95
368.76
294.59
171.51
324.47
270.97
296.40
295.78
349.78
403.53
383.08
417.63
367.74
330.18
416.33
385.85
219.64
319.46
414.38
339.26
236.54
333.70
295.65
303.87
379.88
348.05
419.78
467.01
468.71
492.50
445.89
453.85
415.93
320.09
313.71
265.10
210.50
302.41
406.21
351.81
405.68
377.66
421.59
404.14
376.89
219.82
220.21
254.87
379.91
363.89
403.51
366.41
374.82
428.02
416.96
370.49
408.03
371.90
358.05
442.31
440.10
443.52
427.47
454.32
423.07
423.31
440.45
417.77
426.92
456.59
473.41
496.23
486.76
478.15
476.83
474.22
471.11
417.65
451.34
393.38
393.25
434.25
411.41
420.36
466.00
470.17
471.61
479.90
435.66
449.22
434.67
439.20
455.55
441.22
460.05
481.42
430.59
446.43
354.02
282.23
284.33
304.82
360.67
282.68
291.91
331.23
358.90
405.43
452.63
423.29
458.82
323.57
411.37
441.16
430.73
440.20
446.84
432.75
433.42
442.13
464.47
444.60
428.78
417.67
398.89
418.80
436.84
418.42
410.80
342.95
361.45
385.12
381.49
343.20
331.55
336.27
313.81
242.77
243.41
235.71
329.39
350.89
343.89
343.03
322.06
370.06
298.71
283.71
312.64
269.28
279.65
277.77
289.23
286.66
215.60
249.48
342.29
364.25
395.13
411.54
413.18
414.19
432.01
433.55
410.06
456.11
419.47
407.76
410.82
377.01
401.34
446.55
388.26
364.85
277.66
305.58
313.36
315.32
283.09
283.82
246.59
368.38
441.99
429.46
325.91
244.39
411.74
428.88
419.47
402.01
497.08
451.58
440.30
456.36
463.96
514.91
502.22
500.39
494.12
490.63
490.46
489.60
470.33
511.37
465.28
518.51
511.59
452.11
446.77
419.66
458.85
432.25
467.76
455.99
477.88
475.72
461.69
378.74
425.34
408.63
374.74
331.01
471.54
436.90
447.40
446.43
376.23
274.47
378.55
