0.033831
0.137797
0.145777
0.141908
0.143094
0.142481
0.148331
0.151099
0.153010
0.143265
0.172282
0.153266
0.155534
0.140900
0.149958
0.140193
0.166897
0.160051
0.157130
0.164436
0.172573
0.184644
0.146117
0.166318
0.134762
0.149050
0.134652
0.137153
0.156485
0.150747
0.181412
0.153612
0.135801
0.147386
0.141553
0.152112
0.145468
0.148702
0.142164
0.175487
0.199448
0.189269
0.160703
0.162355
0.151624
0.146936
0.159521
0.172626
0.138242
0.147364
0.157448
0.150270
0.140440
0.144121
0.139819
0.153349
0.155837
0.172031
0.173285
0.161610
0.150319
0.187974
0.149219
0.173533
0.149806
0.145431
0.146527
0.146056
0.152518
0.148510
0.193091
0.171995
0.196179
0.166083
0.148977
0.182204
0.146145
0.144735
0.153135
0.149216
0.167423
0.145893
0.157240
0.146156
0.146203
0.142641
0.164919
0.145374
0.149898
0.179291
0.176809
0.154533
0.154231
0.142779
0.145294
0.144444
0.143541
0.156635
0.145427
0.154638
0.144973
0.171624
0.147300
0.154742
0.146930
0.143101
0.146142
0.147528
0.151049
0.152055
0.147325
0.156292
0.136348
0.175509
0.140469
0.147166
0.141152
0.142287
0.142641
0.143522
0.145180
0.144683
0.151876
0.145229
0.153889
0.142376
0.182872
0.177397
0.196429
0.147980
0.157289
0.151415
0.150448
0.153134
0.167937
0.136129
0.143496
0.172118
0.141147
0.146540
0.147359
0.144037
0.153106
0.179830
0.148368
0.143158
0.155238
0.135621
0.139700
0.140715
0.139970
0.140997
0.146622
0.156857
0.156180
0.140710
0.151325
0.140791
0.143034
0.152097
0.151935
0.139016
0.150038
0.172384
0.159528
0.142649
0.142114
0.178187
0.150123
0.152168
0.141361
0.142839
0.144845
0.155619
0.150517
0.151271
0.156276
0.142932
0.168618
0.190498
0.172697
0.190847
0.181462
0.165208
0.160853
0.150835
0.183975
0.179890
0.181623
0.148614
0.169151
0.168070
0.148453
0.149719
0.142720
0.144511
0.144161
0.142607
0.139733
0.140663
0.150454
0.145841
0.137417
0.138968
0.139706
0.142590
0.144980
0.144460
0.147486
0.163196
0.149230
0.159918
0.146964
0.161821
0.159297
0.185818
0.185542
0.183993
0.181231
0.138657
0.204813
0.155068
0.150112
0.174834
0.165422
0.150479
0.173026
0.169611
0.142463
0.151265
0.140227
0.141417
0.145563
0.152287
0.141364
0.149924
0.148863
0.150340
0.145593
0.146897
0.154903
0.146702
0.180965
0.163481
0.225677
0.208884
0.153431
0.158527
0.149913
0.155425
0.178313
0.153900
0.164181
0.158298
0.196877
0.143546
0.131744
0.153479
0.153417
0.170390
0.165804
0.149752
0.140751
0.141528
0.142385
0.137786
0.135748
0.139844
0.146450
0.161469
0.135024
0.135043
0.139320
0.165120
0.148389
0.156412
0.136360
0.138719
0.153925
0.214129
0.197033
0.161803
0.138794
0.138893
0.143135
0.145481
0.208792
0.150656
0.148329
0.174354
0.145106
0.161091
0.169886
0.147240
0.143740
0.153785
0.152841
0.144201
0.158731
0.141510
0.147323
0.166609
0.164566
0.151029
0.141459
0.182399
0.161338
0.150570
0.181016
0.170821
0.135225
0.150749
0.149511
0.139689
0.148292
0.138544
0.185886
0.148113
0.142240
0.141926
0.139493
0.156672
0.190170
0.153509
0.150997
0.138454
0.145943
0.153453
0.149340
0.136984
0.150486
0.144824
0.161974
0.164316
0.165215
0.159555
0.165772
0.183592
0.152792
0.139042
0.144033
0.148993
0.146472
0.157897
0.154643
0.142739
0.176735
0.165922
0.153735
0.138868
0.143500
0.152727
0.140396
0.142089
0.153343
0.155551
0.148306
0.137558
0.140170
0.143668
0.150968
0.190642
0.144632
0.150709
0.144129
0.144872
0.160410
0.166210
0.159524
0.149943
0.142276
0.209699
0.163905
0.155336
0.159812
0.204505
0.154435
0.154786
0.231244
0.141419
0.146815
0.156907
0.153966
0.224319
0.152902
0.168397
0.188272
0.183496
0.170031
0.157926
0.145830
0.148030
0.148193
0.155874
0.145103
0.144767
0.145128
0.144442
0.143676
0.146220
0.162899
0.141637
0.141586
0.136930
0.169066
0.160714
0.165158
0.146123
0.148168
0.155391
0.148160
0.140555
0.138402
0.172998
0.180691
0.135592
0.150439
0.146796
0.150302
0.175025
0.145564
0.147365
0.162188
0.152946
0.160477
0.159906
0.146627
0.173489
0.182674
0.160884
0.184136
0.136994
0.150708
0.136801
0.139174
0.197137
0.168192
0.153630
0.141255
0.170391
0.145880
0.146024
0.174386
0.146368
0.146569
0.140613
0.148199
0.146976
0.143087
0.143428
0.166408
0.150221
0.138556
0.151108
0.143354
0.139380
0.173640
0.214949
0.148417
0.146665
0.145746
0.151892
0.172945
0.155254
0.198230
0.229771
0.173814
0.142776
0.165287
0.173107
0.180533
0.154350
0.164816
0.140853
0.163018
0.165692
0.148796
0.155450
0.157551
0.194978
0.198704
0.145909
0.153909
0.152227
0.162390
0.160257
0.147034
0.211798
0.187045
0.147901
0.191351
0.141273
0.150568
0.169976
0.146881
0.153577
0.158295
0.147807
0.165445
0.175852
0.155939
0.159070
0.152232
0.169909
0.161061
0.157584
0.157209
0.145209
0.148007
0.149184
0.151878
0.156409
0.166630
0.173613
0.164194
0.158891
0.175250
0.147510
0.149775
0.185464
0.130885
0.203254
0.185359
0.182309
0.144772
0.147576
0.140427
0.150675
0.148198
0.167909
0.149083
0.145352
0.173829
0.139340
0.147497
0.146575
0.137017
0.140691
0.141334
0.190391
0.154259
0.146125
0.147387
0.144296
0.147934
0.144665
0.158793
0.186809
0.164564
0.152193
0.154684
0.169770
0.141333
0.151303
0.153657
0.157242
0.148803
0.146927
0.157529
0.164436
0.164745
0.174843
0.144979
0.141286
0.164159
0.140952
0.146397
0.166672
0.164088
0.148970
0.204424
0.186128
0.179314
0.214107
0.155152
0.140458
0.148860
0.152650
0.163813
0.215381
0.148723
0.144873
0.142655
0.155661
0.139553
0.164067
0.165617
0.149551
0.142089
0.149556
0.157854
0.144560
0.157074
0.146407
0.138001
0.149094
0.154809
0.148316
0.174300
0.157691
0.175254
0.162828
0.205409
0.168398
0.148136
0.154405
0.160172
0.157892
0.176189
0.154739
0.144168
0.192890
0.149918
0.145762
0.140412
0.157357
0.164250
0.156172
0.171830
