0.010835
0.172528
0.139527
0.139042
0.156767
0.134000
0.165203
0.137875
0.141043
0.189090
0.154108
0.146825
0.162612
0.150265
0.140354
0.139615
0.137555
0.140512
0.201719
0.144768
0.135880
0.137725
0.156587
0.150233
0.136556
0.135091
0.161884
0.132903
0.134922
0.147207
0.133342
0.228005
0.160235
0.155912
0.152565
0.189469
0.153337
0.182467
0.150125
0.171892
0.158497
0.139571
0.154265
0.166268
0.166219
0.159475
0.153158
0.157359
0.180571
0.144136
0.160261
0.142775
0.171346
0.146414
0.148122
0.154753
0.162093
0.144279
0.147840
0.153097
0.153374
0.173378
0.212121
0.150503
0.148041
0.146495
0.173926
0.145613
0.187314
0.238907
0.179511
0.158334
0.198342
0.198263
0.139792
0.147852
0.136840
0.141328
