0.00
335.83
283.91
349.23
343.60
258.89
206.70
288.10
115.32
198.60
119.93
252.75
208.97
255.31
248.54
170.87
182.99
138.54
165.04
162.30
116.31
187.54
101.06
312.95
256.94
287.44
289.27
282.03
262.84
258.82
320.07
274.40
326.08
293.01
202.46
243.52
354.60
340.28
218.74
383.08
356.15
307.77
224.71
305.31
305.40
317.86
341.30
293.58
285.53
310.55
162.16
289.52
235.77
306.08
266.26
210.52
304.45
170.87
287.00
290.10
250.34
303.39
196.52
280.93
262.61
250.29
297.46
233.27
303.34
299.63
352.10
147.41
276.64
229.59
242.33
314.89
277.54
198.02
266.48
290.40
319.62
