0.031422
0.156231
0.157772
0.141363
0.153343
0.139262
0.137650
0.143951
0.191426
0.174403
0.153686
0.145512
0.167941
0.146776
0.145504
0.143391
0.142960
0.147953
0.141274
0.170789
0.143551
0.145949
0.140780
0.139888
0.157330
0.170200
0.153406
0.176431
0.177992
0.141873
0.188810
0.188934
0.136069
0.172130
0.151986
0.147428
0.137720
0.160127
0.162328
0.146816
0.155603
0.133237
0.159333
0.150900
0.151544
0.140095
0.148343
0.163505
0.142261
0.152176
0.195459
0.157147
0.173360
0.133030
0.192799
0.141001
0.144931
0.156653
0.159806
0.140031
0.173918
0.152204
0.147397
0.152580
0.134813
0.189288
0.147871
0.147957
0.138373
0.137935
0.147410
0.139702
0.171637
0.159456
0.138343
0.140862
0.136590
0.138716
0.176505
0.178370
0.137856
0.139277
0.160367
0.144876
0.137079
0.158537
0.150288
0.147881
0.138610
0.155395
0.168830
0.155366
0.159103
0.142138
0.158831
0.155902
0.161900
0.144033
0.147418
0.164278
0.204365
0.148063
0.139967
0.141347
0.138986
0.142955
0.145394
0.158567
0.144153
