0.00
237.71
217.98
173.08
149.48
175.37
136.87
146.81
144.47
183.94
186.81
148.84
208.23
163.72
137.75
187.24
190.78
167.15
171.66
213.27
181.57
168.14
169.51
202.20
218.26
192.29
243.31
206.59
190.20
177.77
209.23
162.67
170.19
135.85
115.98
116.24
192.69
89.02
79.04
94.60
130.39
121.86
64.97
184.81
131.96
100.80
111.42
138.04
79.53
78.15
190.78
145.04
117.83
124.08
89.37
105.75
62.45
88.34
60.04
72.39
78.73
59.81
65.24
81.33
97.40
97.17
85.47
88.27
116.08
77.64
89.95
90.12
145.50
110.95
163.67
169.98
118.92
120.65
133.86
144.78
125.66
115.70
76.19
77.30
79.96
90.64
78.25
50.34
106.65
157.18
105.42
121.26
121.92
97.01
91.69
117.97
103.50
144.62
115.14
106.26
149.80
158.99
119.64
153.90
173.73
130.32
171.90
143.47
169.57
