0.022847
0.136758
0.157426
0.144268
0.140458
0.137427
0.153957
0.135532
0.140813
0.179473
0.172270
0.146188
0.188368
0.139814
0.146464
0.146740
0.143971
0.140353
0.201904
0.164968
0.150759
0.194046
0.216240
0.165331
0.138470
0.142403
0.165416
0.139485
0.167947
0.168180
0.141551
0.145493
0.156350
0.186771
0.158861
0.153108
0.154009
0.147799
0.151843
0.139573
0.187450
0.159395
0.197222
0.133766
0.159787
0.139594
0.152455
0.145828
0.137253
0.135234
0.146113
0.144805
0.176393
0.145652
0.135337
0.142148
0.148505
0.147445
0.157796
0.157296
0.167585
0.140981
0.135566
0.144262
0.156826
0.135331
0.144396
0.154782
0.146181
0.164957
0.131659
0.140062
0.156182
0.143907
0.140127
0.141956
0.145919
0.156984
0.152456
0.148005
0.153857
0.139202
0.139782
0.136439
0.140494
0.145321
0.146170
0.158066
0.161890
0.192226
0.146050
0.185306
0.144882
0.152433
0.154054
0.152014
0.147794
0.148935
0.146910
0.143886
0.136442
0.137382
0.175323
0.164302
0.150720
0.162694
0.141773
