0.011059
0.148747
0.142589
0.152861
0.151173
0.147934
0.177169
0.145879
0.137151
0.147732
0.216099
0.136171
0.148011
0.137942
0.143188
0.144225
0.162886
0.164469
0.166713
0.153720
0.142247
0.167710
0.142118
0.155919
0.147075
0.149988
0.155605
0.186050
0.176596
0.149337
0.137288
0.143180
0.147003
0.137339
0.147006
0.150749
0.141587
0.146143
0.144832
0.139028
0.150288
0.142932
0.156878
0.152177
0.150425
0.145921
0.155155
0.145331
0.139185
0.159551
0.178338
0.146712
0.147554
0.158729
0.147370
0.143362
0.145125
0.143856
0.145436
0.163548
0.144886
0.154507
0.144286
0.135575
0.150052
0.190010
0.176794
0.141958
0.251654
0.206646
0.149991
0.151677
0.149271
0.156707
0.151020
0.138016
0.155145
0.162141
0.164824
0.168834
0.141625
