0.032350
0.175880
0.155783
0.157761
0.165623
0.152305
0.151605
0.169219
0.170567
0.168830
0.157655
0.154102
0.173661
0.152912
0.149188
0.156322
0.158943
0.158422
0.170427
0.162745
0.165866
0.156348
0.146482
0.147248
0.161770
0.157535
0.193531
0.221052
0.157050
0.160480
0.145817
0.144626
0.166126
0.165532
0.150247
0.172417
0.172586
0.189131
0.226535
0.147022
0.158887
0.150767
0.169309
0.155953
0.146762
0.163815
0.168055
0.148449
0.160812
0.163797
0.185095
0.166395
0.162175
0.212493
0.174822
0.161261
0.165425
0.199076
0.174112
0.154419
0.159175
0.160485
0.159340
0.169024
0.167687
0.155051
0.160554
0.145673
0.148975
0.146073
0.145679
0.176156
0.175997
0.186048
0.151062
0.149308
0.144546
0.169257
0.150009
0.186945
0.167822
0.163344
0.150685
0.168611
0.187091
0.180195
0.150007
0.168176
0.154423
0.197605
0.173035
0.174128
0.179658
0.158762
0.186534
0.152939
0.171457
0.171781
0.189727
0.158249
0.168558
0.169537
0.158172
0.170826
0.189075
0.179006
0.147646
0.142725
0.140165
0.149865
0.140732
0.142989
0.162296
0.211978
0.190704
0.155421
0.152235
0.173823
0.158358
0.153276
0.150109
0.160824
0.147875
0.147576
0.157038
0.153324
0.158111
0.147579
0.180901
0.151294
0.157855
0.178212
0.173846
0.155930
0.155358
0.154500
0.156530
0.188447
0.186417
0.203608
0.190619
0.191669
0.143675
0.143860
0.158779
0.173870
0.156690
0.167462
0.246340
0.228499
0.158818
0.148467
0.152809
0.154681
0.178209
0.192008
0.153852
0.149886
0.155023
0.146733
0.146534
0.171548
0.198794
0.175697
0.185239
0.175803
0.157701
0.145451
0.162497
0.184597
0.170256
0.191169
0.180731
0.142680
0.176821
0.150761
0.156111
0.178044
0.147902
0.161208
0.153727
0.172290
0.164805
0.146888
0.166065
0.155933
0.158068
0.162675
0.153761
0.146428
0.145783
0.142655
0.143881
0.142114
0.156736
0.178942
0.166438
0.158508
0.157546
0.162389
0.143821
0.196468
0.192801
0.176533
0.160256
0.181784
0.147857
0.160571
0.154714
0.260313
0.225498
