0.00
0.65
0.58
0.53
0.70
0.68
0.74
0.71
0.60
0.63
0.67
0.70
0.65
0.55
0.59
0.66
0.67
0.52
0.40
0.67
0.66
0.75
0.54
0.66
0.66
0.51
0.59
0.67
0.57
0.51
0.49
0.62
0.55
0.60
0.57
0.50
0.67
0.57
0.68
0.57
0.53
0.70
0.57
0.60
0.53
0.61
0.73
0.59
0.50
0.44
0.51
0.63
0.46
0.55
0.56
0.56
0.61
0.59
0.59
0.53
0.52
0.66
0.51
0.49
0.51
0.51
0.62
0.58
0.39
0.45
0.44
0.53
0.54
0.44
0.37
0.40
0.39
0.58
0.48
0.61
0.57
0.58
0.59
0.60
0.58
0.60
0.56
0.55
0.56
0.59
0.55
0.61
0.54
0.49
0.58
0.47
0.58
0.47
0.45
0.48
0.40
0.59
0.50
0.31
0.33
0.21
0.45
0.45
0.48
0.57
0.46
0.47
0.52
0.44
0.47
0.51
0.52
0.48
0.50
0.49
0.48
0.51
0.47
0.53
0.52
0.51
0.58
0.48
0.51
0.51
0.52
0.52
0.49
0.46
0.48
0.43
0.43
0.42
0.46
0.47
0.50
0.50
0.44
0.45
0.30
0.28
0.43
0.36
0.38
0.46
0.34
0.35
0.29
0.44
0.48
0.41
0.39
0.31
0.31
0.21
0.23
0.20
0.27
0.24
0.13
0.20
0.43
0.47
0.42
0.35
0.39
0.32
0.33
0.40
0.50
0.46
0.41
0.49
0.54
0.58
0.55
0.62
0.55
0.42
0.49
0.44
0.38
0.46
0.44
0.55
0.58
0.60
0.65
0.51
0.63
0.64
0.66
0.66
0.69
0.68
0.74
0.73
0.76
0.60
0.69
0.69
0.73
0.71
0.58
0.69
0.60
