0.00
0.77
0.76
0.56
0.74
0.73
0.73
0.66
0.65
0.66
0.72
0.69
0.70
0.68
0.69
0.64
0.70
0.62
0.59
0.59
0.67
0.73
0.58
0.58
0.58
0.66
0.65
0.65
0.59
0.66
0.61
0.52
0.59
0.53
0.56
0.60
0.48
0.48
0.53
0.53
0.48
0.51
0.50
0.48
0.53
0.47
0.48
0.52
0.54
0.60
0.56
0.60
0.54
0.57
0.58
0.59
0.61
0.57
0.54
0.59
0.65
0.60
0.65
0.67
0.69
0.73
0.66
0.59
0.59
0.67
0.52
0.62
0.63
0.58
0.62
0.59
0.63
0.53
0.65
0.55
0.59
0.53
0.60
0.54
0.60
0.50
0.60
0.51
0.59
0.54
0.54
0.57
0.51
0.63
0.67
0.63
0.56
0.63
0.58
0.62
0.65
0.60
0.59
0.65
0.64
0.61
0.59
0.58
0.54
0.62
0.51
0.51
0.52
0.57
0.50
0.53
0.63
0.58
0.64
0.56
0.53
0.60
0.56
0.68
0.58
0.63
0.69
0.72
0.73
0.68
0.71
0.63
0.65
0.69
0.68
0.76
0.71
0.59
0.59
0.54
0.57
0.59
0.54
0.59
0.61
0.66
0.64
0.68
0.67
0.69
0.67
0.64
0.68
0.52
0.69
0.60
0.70
0.65
0.65
0.52
0.62
0.65
0.69
0.54
0.66
0.64
0.67
0.63
0.65
0.61
0.60
0.68
0.67
0.69
0.61
0.69
0.61
0.67
0.64
0.66
0.64
0.65
0.66
0.67
0.64
0.62
0.69
0.68
0.72
0.69
0.69
0.73
0.66
0.72
0.67
0.70
0.69
0.64
0.69
0.69
0.67
0.54
0.64
0.69
0.68
0.64
0.65
0.66
0.64
0.64
0.64
0.60
0.56
0.61
0.58
0.70
0.64
0.67
0.69
0.65
