0.00
291.36
272.84
238.58
89.92
114.79
176.58
182.48
326.01
259.47
240.88
234.72
287.51
239.01
165.45
154.62
107.58
213.34
289.41
163.60
332.06
298.50
196.66
340.92
303.36
221.69
192.24
272.01
139.90
158.45
191.21
307.92
214.01
275.86
241.20
244.13
318.15
410.34
393.41
341.58
446.30
395.65
412.32
335.35
396.23
405.29
377.44
322.43
392.02
291.40
419.26
408.79
392.89
246.73
353.40
343.05
230.33
269.14
266.73
246.62
243.54
280.34
265.15
241.04
248.58
348.99
229.43
187.47
227.39
220.42
186.98
194.95
198.96
208.93
161.19
168.89
178.46
234.71
164.02
165.83
211.78
133.18
241.62
137.28
164.18
150.99
172.89
161.24
224.53
191.54
170.82
170.80
190.79
134.65
203.18
185.40
175.37
214.36
236.84
253.44
173.30
170.85
158.82
97.00
188.77
214.27
220.77
281.24
266.79
332.79
333.36
367.00
305.95
368.66
272.44
381.36
402.78
410.33
353.02
417.61
404.55
368.48
371.38
305.97
317.02
206.64
278.51
307.80
360.92
357.83
292.42
274.56
244.40
229.14
331.49
344.32
319.67
286.95
268.95
328.28
286.94
319.56
288.25
145.85
105.55
96.00
86.23
120.58
120.38
87.31
63.38
92.27
86.45
68.73
54.73
82.31
101.16
71.38
107.17
214.16
117.66
75.27
215.88
90.79
114.80
133.82
88.87
105.53
126.08
145.48
138.53
113.33
161.19
109.37
82.46
158.02
100.29
116.07
170.91
140.34
136.72
127.95
62.26
80.97
60.28
45.75
67.78
103.86
62.82
52.18
100.23
87.07
106.82
148.29
81.24
136.95
138.17
104.51
116.29
229.38
110.64
106.58
187.74
137.18
145.28
110.56
134.67
100.78
79.10
120.51
160.31
106.62
101.54
126.16
101.20
91.51
90.07
49.32
24.35
37.15
61.31
58.05
132.14
155.47
103.14
90.90
157.62
86.89
88.07
140.39
117.57
55.65
57.09
185.24
93.75
103.44
67.97
51.16
173.18
140.51
82.40
95.84
73.03
102.97
245.52
123.02
44.18
96.18
101.86
