0.00
512.61
487.77
310.48
343.07
321.86
299.15
359.30
349.64
439.03
324.23
315.61
320.87
348.81
409.59
373.72
457.21
396.67
469.32
436.93
441.15
426.15
439.38
395.16
430.54
415.36
424.09
447.61
481.35
486.77
493.27
461.59
445.01
470.93
475.35
470.42
453.86
441.31
439.11
446.24
386.41
444.02
394.63
429.12
411.12
396.08
414.88
390.73
385.81
461.90
452.07
485.47
481.66
486.26
484.93
498.47
488.67
482.25
444.07
461.84
483.16
483.68
474.74
486.68
424.61
364.29
308.14
327.98
391.73
355.64
250.73
253.73
228.76
325.33
235.34
323.99
285.49
254.41
244.73
240.05
