0.015702
0.151495
0.157973
0.166697
0.170875
0.157851
0.155246
0.177798
0.148522
0.179276
0.185994
0.205866
0.174546
0.163765
0.163088
0.157429
0.189568
0.172629
0.227442
0.169862
0.176429
0.160974
0.178089
0.218519
0.188655
0.196782
0.168715
0.175651
0.165828
0.184993
0.203495
0.180807
0.177840
0.210337
0.256347
0.208343
0.206679
0.206608
0.221797
0.228189
0.224263
0.233066
0.228917
0.229027
0.230093
0.266737
0.297003
0.262006
0.348372
0.314449
0.266618
0.248902
0.280195
0.260980
0.239556
0.235830
0.244024
0.251619
0.263679
0.273355
0.228909
0.197497
0.202635
0.188207
0.182155
0.174726
0.198180
0.190151
0.182073
0.170486
0.189430
0.172137
0.172657
0.188480
0.159872
0.179443
0.194494
0.178271
0.189204
0.185228
