0.00
0.67
0.78
0.85
0.70
0.85
0.80
0.73
0.78
0.82
0.77
0.75
0.78
0.61
0.61
0.62
0.65
0.54
0.52
0.63
0.71
0.74
0.65
0.57
0.63
0.52
0.70
0.50
0.57
0.64
0.49
0.60
0.61
0.75
0.73
0.66
0.77
0.54
0.62
0.71
0.61
0.47
0.71
0.78
0.76
0.80
0.77
0.77
0.79
0.67
0.71
0.75
0.58
0.59
0.72
0.70
0.65
0.51
0.52
0.55
0.61
0.64
0.79
0.74
0.60
0.66
0.69
0.58
0.63
0.66
0.57
0.56
0.66
0.71
0.65
0.75
0.78
0.76
0.69
0.60
0.60
0.70
0.75
0.73
0.71
0.59
0.57
0.57
0.74
0.73
0.69
0.54
0.70
0.75
0.62
0.63
0.75
0.58
0.58
0.58
0.70
0.73
0.63
0.64
0.54
0.71
0.61
0.72
0.70
0.61
0.44
0.59
0.56
0.53
0.68
0.62
0.59
0.71
0.49
0.70
0.54
0.67
0.76
0.72
0.68
0.57
0.62
0.65
0.70
0.52
0.73
0.80
0.77
0.70
0.86
0.77
0.63
0.72
0.71
0.61
0.65
0.66
0.81
0.75
0.73
0.80
0.81
0.73
0.65
0.56
0.58
0.66
0.77
0.60
0.79
0.53
0.51
0.54
0.67
0.61
0.60
0.65
0.73
0.66
0.68
0.53
0.61
0.55
0.61
0.63
0.56
0.60
0.58
0.71
0.74
0.64
0.58
0.74
0.79
0.58
0.74
0.72
0.58
0.66
0.57
0.74
0.56
0.51
0.71
0.73
0.58
0.74
0.80
0.79
0.75
0.74
0.56
0.52
0.80
0.82
0.76
0.75
0.58
0.61
0.71
0.71
0.72
0.62
0.70
0.54
0.56
0.67
0.64
0.64
0.60
0.57
0.78
0.81
0.84
0.82
0.76
0.79
0.82
0.83
0.81
0.73
0.74
0.78
0.79
0.79
0.79
0.71
0.57
0.64
0.66
0.71
0.81
0.75
0.72
0.75
0.63
0.66
0.71
0.67
0.56
0.70
0.57
0.56
0.58
0.49
0.54
0.56
0.76
0.66
0.76
0.75
0.80
0.76
0.58
0.48
0.72
0.69
0.74
0.68
0.73
0.66
0.72
0.64
0.78
0.74
0.77
0.78
0.72
0.65
0.54
0.62
0.62
0.74
0.79
0.83
0.86
0.76
0.64
0.78
0.77
0.80
0.79
0.82
0.83
0.81
0.78
0.78
0.78
0.68
0.71
0.67
0.79
0.73
0.78
0.60
0.65
0.60
0.78
0.80
0.75
0.74
0.71
0.78
0.84
0.88
0.86
0.85
0.83
0.84
0.80
0.81
0.85
0.87
0.75
0.67
0.85
0.84
0.68
0.47
0.66
0.78
0.74
0.80
0.78
0.81
