0.00
0.59
0.65
0.71
0.74
0.50
0.60
0.65
0.67
0.53
0.52
0.46
0.41
0.39
0.45
0.61
0.46
0.70
0.61
0.53
0.59
0.49
0.60
0.60
0.56
0.66
0.51
0.67
0.52
0.63
0.55
0.62
0.59
0.57
0.55
0.59
0.44
0.51
0.50
0.43
0.43
0.45
0.60
0.50
0.68
0.59
0.43
0.49
0.44
0.48
0.61
0.56
0.46
0.54
0.62
0.43
0.60
0.65
0.55
0.55
0.69
0.54
0.54
0.54
0.60
0.62
0.58
0.63
0.64
0.69
0.60
0.62
0.74
0.53
0.57
0.56
0.70
0.51
0.62
0.66
0.75
0.71
0.75
0.72
0.73
0.73
0.64
0.65
0.61
0.54
0.51
0.66
0.50
0.58
0.62
0.64
0.62
0.70
0.70
0.68
0.72
0.69
0.60
0.57
0.52
0.69
0.66
0.69
0.56
0.64
0.69
0.73
0.68
0.74
0.59
0.57
0.55
0.65
0.65
0.70
0.70
0.74
0.54
0.65
0.67
0.69
0.54
0.65
0.63
0.64
0.70
0.54
0.58
0.54
0.57
0.73
0.71
0.70
0.71
0.72
0.64
0.60
0.70
0.56
0.53
0.47
0.42
0.52
0.60
0.61
0.65
0.76
0.74
0.78
0.80
0.72
0.56
0.54
0.55
0.51
0.59
0.50
0.67
0.74
0.72
0.74
0.71
0.61
0.56
0.52
0.63
0.63
0.49
0.53
0.70
0.59
0.67
0.73
0.58
0.61
0.53
0.72
0.73
0.74
0.74
0.74
0.68
0.66
0.58
0.78
0.73
0.77
0.65
0.64
0.75
0.68
0.54
0.66
0.52
0.52
0.49
0.53
0.70
0.68
0.64
0.54
0.70
0.55
0.54
0.61
0.53
