0.00
0.67
0.67
0.66
0.65
0.55
0.59
0.65
0.60
0.49
0.46
0.48
0.50
0.52
0.64
0.53
0.62
0.61
0.63
0.58
0.63
0.58
0.51
0.45
0.58
0.61
0.47
0.50
0.64
0.50
0.56
0.67
0.75
0.71
0.74
0.69
0.70
0.61
0.75
0.72
0.51
0.56
0.61
0.78
0.75
0.76
0.77
0.72
0.82
0.76
0.73
0.71
0.68
0.69
0.62
0.58
0.56
0.57
0.62
0.52
0.57
0.63
0.61
0.54
0.49
0.45
0.47
0.58
0.56
0.50
0.51
0.62
0.51
0.47
0.55
0.62
0.54
0.57
0.51
0.56
0.56
0.57
0.63
0.54
0.45
0.52
0.63
0.54
0.58
0.51
0.59
0.57
0.57
0.61
0.63
0.49
0.57
0.51
0.49
0.61
0.51
0.61
0.49
0.71
0.63
0.54
0.55
0.70
0.65
0.51
0.63
0.46
0.51
0.49
0.53
0.62
0.59
0.48
0.46
0.53
0.53
0.56
0.42
0.50
0.56
0.63
0.58
0.54
0.55
0.41
0.57
0.49
0.46
0.57
0.55
0.58
0.63
0.63
0.57
0.52
0.59
0.52
0.58
0.57
0.46
0.48
0.54
0.46
0.54
0.54
0.43
0.44
0.51
0.46
0.54
0.50
0.42
0.56
0.55
0.58
0.63
0.58
0.47
0.49
0.58
0.66
0.58
0.54
0.60
0.60
0.49
0.48
0.60
0.70
0.76
0.76
0.66
0.72
0.76
0.78
0.77
0.68
0.75
0.60
0.74
0.73
0.60
0.54
0.58
0.56
0.57
0.56
0.52
0.51
0.56
0.55
0.60
0.67
0.48
0.51
0.54
0.54
0.47
0.50
0.48
0.37
0.33
0.22
