0.00
326.67
344.87
213.01
327.92
351.51
487.04
426.30
475.84
396.49
473.69
454.18
465.58
330.49
142.56
273.12
179.17
318.30
383.17
507.12
490.69
536.51
345.09
514.92
382.26
359.90
430.11
327.28
312.83
263.45
190.23
302.27
461.40
313.36
277.54
507.78
269.16
419.56
311.80
248.85
478.94
192.17
271.43
314.84
426.86
240.93
378.59
276.50
271.50
272.91
202.61
376.96
363.99
249.97
224.91
266.49
279.28
362.70
270.09
228.79
368.86
275.84
214.13
233.20
363.46
409.12
371.45
301.93
407.16
165.24
192.31
279.64
307.27
249.07
391.89
200.32
171.80
341.40
172.06
196.36
392.17
353.73
405.68
340.07
334.93
245.39
197.02
263.82
284.82
313.46
303.21
420.45
400.79
380.41
291.17
239.56
428.66
471.97
334.80
248.03
382.41
396.44
270.50
318.93
285.68
302.96
521.24
397.45
267.06
307.69
351.19
232.30
261.01
199.48
284.73
160.56
160.24
95.70
20.85
17.97
36.44
9.68
47.56
77.25
66.16
94.02
75.18
85.31
149.38
141.33
225.37
210.07
197.30
167.07
150.43
183.36
166.37
151.21
144.87
165.54
159.89
145.49
76.34
84.88
85.24
96.13
120.48
153.46
93.42
45.87
29.02
59.82
163.19
260.78
172.35
175.17
201.47
224.52
200.92
265.76
267.06
179.44
194.16
196.22
247.94
191.11
197.29
254.13
266.44
171.98
158.41
152.65
203.03
213.49
225.90
148.81
235.12
229.49
157.08
101.78
85.16
172.58
217.36
164.29
163.91
212.48
148.56
243.52
30.87
208.83
121.00
51.99
37.87
159.84
252.59
265.76
202.89
281.96
196.09
230.28
192.85
55.17
