0.00
369.87
382.07
379.88
365.37
265.49
289.56
373.65
321.99
187.67
163.71
184.92
199.09
256.11
375.01
242.51
340.65
329.35
387.99
340.48
400.99
313.04
228.11
181.48
301.64
312.88
168.10
191.87
305.00
202.27
250.60
362.38
448.23
439.97
461.04
424.80
405.11
330.19
471.39
436.66
208.06
249.68
338.93
503.25
484.63
487.28
488.77
430.90
529.36
470.25
436.16
421.01
387.60
390.78
311.42
272.78
252.75
258.40
314.51
224.49
262.63
344.35
298.00
245.58
204.90
177.84
176.58
323.87
322.60
209.98
230.90
359.72
238.46
201.23
262.39
318.91
242.79
233.60
257.72
273.56
250.91
261.35
319.31
208.29
146.88
238.61
304.69
236.96
245.72
174.74
259.77
234.92
319.82
288.78
307.51
193.23
269.30
210.04
193.66
282.52
201.60
326.57
182.43
425.93
346.22
242.14
286.95
471.87
430.73
282.19
414.91
200.66
237.16
197.12
249.42
310.63
306.42
174.92
187.37
246.91
262.45
236.15
166.54
243.88
311.61
382.95
315.37
283.67
295.22
172.13
357.16
264.46
266.49
367.78
286.59
313.40
377.12
338.09
272.70
215.18
330.68
221.78
289.56
271.83
192.33
219.19
345.29
197.91
291.88
283.83
168.03
186.53
264.40
184.62
243.68
208.20
151.07
261.63
232.76
268.30
317.61
279.95
184.80
189.57
255.48
380.86
269.39
258.43
343.79
317.51
225.43
210.66
313.56
438.00
499.53
502.98
383.88
426.55
473.78
496.56
489.18
386.38
458.74
342.15
467.18
455.97
316.01
215.93
257.60
275.79
265.66
270.56
226.39
180.32
229.54
264.00
309.07
349.98
189.59
196.70
224.11
238.24
193.86
299.48
333.47
191.52
249.46
174.09
