0.023664
0.159833
0.146197
0.155206
0.144485
0.176418
0.216930
0.174572
0.157972
0.158591
0.165023
0.166723
0.156960
0.163557
0.154804
0.169569
0.159676
0.173019
0.167220
0.156032
0.158168
0.145561
0.150850
0.179988
0.156565
0.161820
0.149340
0.159221
0.146882
0.147184
0.144754
0.160041
0.147288
0.166031
0.148329
0.173245
0.158100
0.151866
0.152463
0.152155
0.154759
0.152770
0.153784
0.156542
0.157545
0.150110
0.171402
0.194908
0.162654
0.148009
0.149009
0.149474
0.150543
0.163971
0.150226
0.155599
0.164683
0.186098
0.152960
0.153170
0.158593
0.151682
0.159463
0.150810
0.167742
0.144587
0.188705
0.174097
0.151944
0.143761
0.148817
0.157411
0.151055
0.149755
0.146560
0.148405
0.158543
0.150243
0.175619
0.145260
0.167953
0.166507
0.193083
0.149865
0.149909
0.153986
0.191871
0.150225
0.152850
0.150420
0.155589
0.146178
0.152308
0.156063
0.151330
0.155932
0.166077
0.152506
0.165482
0.169003
0.158905
0.164903
0.150918
0.156610
0.164324
0.178434
0.167793
0.149776
0.158157
0.166364
0.157883
0.168434
0.203985
0.153212
0.154393
0.186361
0.160839
0.149401
0.147181
0.171108
0.176332
0.167050
0.171169
0.166134
0.148716
0.172265
0.156677
0.150770
0.180768
0.222095
0.172326
0.156730
0.159790
0.146393
0.147889
0.151717
0.155382
0.154189
0.150100
0.151020
0.154546
0.147882
0.151248
0.151996
0.160537
0.164049
0.161628
0.155002
0.170134
0.159369
0.180471
0.152943
0.147390
0.158173
0.155696
0.150268
0.163278
0.153472
0.160716
0.144374
0.153546
0.150239
0.164891
0.154700
0.143226
0.145548
0.147978
0.148070
0.178981
0.166523
0.199900
0.154519
0.173400
0.158916
0.161826
0.149325
0.150715
0.148852
0.172603
0.156310
0.181408
0.151541
0.168474
0.158683
0.155592
0.149723
0.166933
0.162776
0.173623
0.149353
0.152502
0.160510
0.157321
0.179267
0.165349
0.161191
0.156911
0.163225
0.185382
0.147174
0.146469
0.168886
0.189851
0.168163
0.145069
0.184421
0.163175
0.150095
0.157403
0.153569
0.152149
0.138853
0.144178
0.145113
0.141324
0.181839
0.163866
0.184406
0.174971
0.161111
0.150571
0.147411
0.162294
0.172164
0.172257
0.157279
0.145976
0.152084
0.148299
0.149544
0.150566
0.158470
0.163456
0.156869
0.163865
0.165596
0.144874
0.165658
0.158859
0.161774
0.152144
0.148493
0.147359
0.153030
0.172026
0.141194
0.144150
0.168766
0.182233
0.161127
0.157407
0.144694
0.182842
0.153883
0.156698
0.170925
0.152871
0.198814
0.170976
0.150550
0.159491
0.162085
0.153701
0.158818
0.147444
0.146691
0.170721
0.161059
0.148571
0.144024
0.158386
0.153211
0.244991
0.165803
0.160112
0.189904
0.156428
0.186120
0.151048
0.166637
0.233377
0.185007
0.165110
0.191519
0.159066
0.148598
0.166860
