0.013457
0.134762
0.142423
0.144838
0.146704
0.133889
0.134870
0.144110
0.146651
0.142517
0.162380
0.155474
0.163610
0.137086
0.186922
0.215271
0.139714
0.151137
0.146506
0.142443
0.155897
0.159112
0.138958
0.158012
0.152619
0.145391
0.151117
0.133983
0.148562
0.157906
0.191107
0.145628
0.148486
0.158976
0.151587
0.174796
0.153008
0.149767
0.135342
0.149965
0.146477
0.161646
0.135953
0.149860
0.144097
0.142018
0.174944
0.136659
0.145275
0.167011
0.135630
0.153255
0.143039
0.154798
0.139579
0.188365
0.173910
0.168397
0.155631
0.132689
0.221041
0.128584
0.152212
0.140593
0.139999
0.211232
0.134510
0.162566
0.156149
0.138084
0.138859
0.155064
0.149074
0.153210
0.136169
0.164345
0.186802
0.168354
0.165513
0.141807
0.147816
0.170621
0.150261
0.151563
0.176831
0.165567
0.153739
0.149990
0.140949
0.155858
0.146277
0.158066
0.155544
0.190973
0.147505
0.139455
0.153454
0.151743
0.158863
0.157108
0.152080
0.157848
0.160244
0.134101
0.168266
0.158112
0.167732
0.139777
0.150260
0.143788
0.192261
0.152690
0.182942
0.168391
0.138108
0.156979
0.154235
0.133258
0.144021
0.136660
0.151392
0.173022
0.139790
0.131289
0.212312
0.148798
0.136380
0.146883
0.157938
0.195894
0.184054
0.176347
0.166804
0.163962
0.147298
0.151223
0.158951
0.178312
0.200701
0.207568
0.205478
0.158439
0.146926
0.159637
0.148684
0.147828
0.146977
0.149582
0.152182
0.157882
0.154808
0.197754
0.156259
0.147670
0.144589
0.151366
0.148569
0.151389
0.199153
0.152521
0.171018
0.162887
0.140537
0.141899
0.143851
0.152066
0.147707
0.162237
0.144313
0.148311
0.145820
0.157567
0.149628
0.144259
0.146270
0.159032
0.152695
0.152285
0.154250
0.143574
0.149426
0.186259
0.140981
0.146302
0.134867
0.140990
0.158047
0.154993
0.168782
0.159467
0.171087
0.148897
0.148062
0.145033
0.152299
0.164489
0.136103
0.146728
0.159020
0.157113
0.152510
0.151282
0.157797
0.168992
0.143754
0.165354
0.158426
0.135760
0.198826
0.159877
0.188815
