0.00
396.32
291.31
205.36
167.73
162.02
66.65
55.32
43.34
65.53
39.17
59.27
97.03
163.54
135.77
193.40
288.90
385.62
207.16
331.39
393.41
385.21
240.80
347.29
230.81
288.11
270.90
256.84
150.08
197.66
151.00
173.67
303.31
275.64
188.41
180.68
192.31
279.40
195.77
242.65
194.62
300.27
209.01
247.36
176.95
212.24
301.41
427.60
186.70
219.83
186.28
285.79
276.75
390.50
261.05
329.20
297.14
225.29
275.90
271.87
302.11
278.51
266.56
364.51
196.60
302.45
233.05
173.39
205.75
216.24
283.64
205.09
219.78
165.45
245.93
238.26
257.91
302.83
190.81
213.18
194.31
253.64
161.84
194.76
211.89
146.46
111.46
125.40
119.31
117.44
157.59
96.48
102.26
150.49
111.54
119.79
120.98
171.69
138.25
221.87
247.87
271.77
230.34
245.51
170.68
200.55
289.15
277.55
289.75
284.48
202.91
227.36
239.84
310.49
293.93
251.47
330.25
235.35
248.50
377.89
238.81
227.17
318.50
393.41
437.76
439.55
446.51
309.33
364.97
187.89
233.56
240.63
325.78
340.07
398.22
380.16
446.40
312.78
264.38
314.53
406.62
324.49
313.15
362.86
436.34
459.57
437.36
318.35
372.15
470.39
455.74
255.92
310.03
308.84
342.98
307.96
435.64
438.30
423.12
348.49
227.06
381.28
377.39
313.47
431.72
404.32
347.17
426.46
264.80
401.18
296.40
366.61
332.03
236.34
189.35
307.42
245.14
248.16
201.55
235.18
229.63
268.07
311.88
429.65
460.60
414.65
459.46
400.42
274.88
434.31
413.10
262.91
406.08
343.01
246.94
282.69
409.11
409.22
407.33
433.83
242.39
421.53
325.71
324.54
414.11
347.21
482.28
449.48
409.29
461.52
