0.058702
0.145472
0.165879
0.143643
0.145709
0.159642
0.144639
0.141498
0.175025
0.154540
0.162388
0.167024
0.150069
0.154993
0.154366
0.161056
0.140712
0.140215
0.174006
0.154892
0.155125
0.150472
0.150376
0.171150
0.164378
0.138709
0.142001
0.142947
0.152812
0.150399
0.143998
0.146142
0.144813
0.148864
0.146512
0.136722
0.156866
0.157552
0.163638
0.144718
0.151478
0.160846
0.156171
0.170940
0.163496
0.146529
0.141852
0.193500
0.159121
0.149872
0.144444
0.157162
0.139394
0.173648
0.157455
0.157545
0.176385
0.159915
0.182271
0.162317
0.158194
0.157552
0.153743
0.145844
0.142485
0.139191
0.174435
0.219244
0.144662
0.150154
0.151763
0.165615
0.149804
0.166435
0.159875
0.147378
0.162317
0.156859
0.222724
0.136344
0.134763
0.145499
0.152400
0.140445
0.150575
0.156901
0.152935
0.170099
0.152472
0.154462
0.168341
0.166742
0.173841
0.164611
0.151961
0.151441
0.164623
0.150928
0.165124
0.152737
0.141075
0.147997
0.140024
0.155038
0.151899
0.188221
0.150704
0.133179
0.157544
0.137566
0.187053
0.182577
0.171608
0.149862
0.152495
0.160501
0.181008
0.157626
0.150215
0.143300
0.153738
0.142413
0.162789
0.151315
0.143253
0.156748
0.134309
0.196719
0.202134
0.177899
0.181287
0.140347
0.178296
0.136944
0.154418
0.148561
0.152815
0.151868
0.140575
0.153525
0.150627
0.147251
0.167783
0.155194
0.178180
0.143774
0.153480
0.135545
0.155529
0.164833
0.158565
0.147856
0.153825
0.167373
0.142102
0.159589
0.179519
0.167323
0.145707
0.144670
0.158144
0.152479
0.163120
0.156041
0.155420
0.144359
0.168925
0.147021
0.154245
0.139548
0.146157
0.161574
0.139273
0.150582
0.185061
0.162712
0.146111
0.143573
0.148842
0.147537
0.149705
0.145954
0.145230
0.172134
0.195664
0.186133
0.177416
0.141379
0.139040
0.173413
0.148470
0.150376
0.139011
0.163107
0.156968
0.141397
0.162196
0.163268
0.159427
0.154849
0.172993
0.144489
0.157184
0.146332
0.147287
0.177849
0.151472
0.152908
0.160815
0.184317
0.147710
0.140534
0.136359
0.166725
0.156739
0.157098
0.155272
0.155444
0.159963
0.188733
0.148073
0.175300
0.159005
0.147120
0.137412
0.169640
0.140697
0.148922
0.158931
0.147706
0.145382
0.144779
0.161207
0.179015
0.156334
0.175967
0.160372
0.148193
0.148990
0.147020
0.150190
0.140216
0.155505
0.172361
0.160753
0.185460
0.143869
0.142312
0.149298
0.141610
0.175427
