0.00
252.53
148.80
238.04
214.15
156.05
247.46
181.49
322.29
227.90
192.32
263.87
260.63
239.87
221.29
171.76
233.27
196.17
191.84
267.37
331.12
337.85
291.03
265.04
221.86
342.70
184.96
244.41
324.57
316.27
280.85
271.37
329.72
153.58
259.01
177.17
207.74
232.78
296.93
299.28
295.32
254.67
159.53
238.47
270.80
284.87
233.79
128.15
306.57
189.71
169.05
315.41
203.99
191.08
263.39
160.69
238.77
160.90
245.20
240.87
295.38
185.80
236.86
197.00
320.43
224.21
209.67
211.90
300.71
200.15
226.37
310.77
199.52
214.78
199.91
185.35
175.95
132.10
116.37
97.20
261.91
124.18
189.47
304.73
179.87
161.65
256.38
263.83
178.96
239.91
206.09
222.53
131.30
159.61
171.00
138.61
145.57
262.12
187.13
177.60
180.01
140.81
103.42
108.66
176.63
154.71
187.41
133.36
179.06
145.00
100.05
147.30
170.04
168.89
137.30
157.21
113.33
157.16
151.78
100.77
148.12
137.11
127.60
133.50
130.63
137.86
147.50
113.05
143.17
121.94
122.48
141.06
168.37
112.13
144.72
130.97
123.18
191.48
161.08
202.47
168.24
162.46
190.63
151.28
147.75
152.75
186.09
118.87
140.46
117.77
156.73
269.10
155.85
145.60
195.32
154.20
205.56
173.35
204.53
186.17
167.47
288.09
296.62
256.52
234.54
196.26
219.49
177.48
167.51
158.08
193.28
156.06
200.16
117.51
146.01
134.98
208.99
152.22
241.67
209.84
277.82
256.80
157.51
260.44
223.06
255.13
216.32
269.54
173.52
203.08
195.25
167.56
191.05
247.58
176.44
214.75
191.15
253.71
219.64
201.42
241.21
187.03
121.61
147.33
231.25
201.65
187.67
246.52
233.73
270.53
256.77
178.70
135.76
181.87
166.02
197.44
116.10
172.87
155.74
263.40
276.01
226.30
283.84
318.75
240.94
236.85
155.19
198.58
145.84
184.87
189.69
134.43
142.31
120.18
129.72
141.55
106.39
190.20
170.26
193.96
227.03
137.75
197.99
165.82
163.27
220.95
165.09
229.71
206.14
270.02
121.81
