0.00
0.78
0.84
0.61
0.74
0.57
0.70
0.79
0.63
0.77
0.60
0.69
0.72
0.55
0.74
0.66
0.63
0.59
0.77
0.67
0.78
0.51
0.53
0.77
0.54
0.73
0.60
0.66
0.69
0.73
0.59
0.77
0.68
0.72
0.67
0.73
0.56
0.60
0.74
0.53
0.70
0.63
0.69
0.73
0.61
0.74
0.61
0.63
0.58
0.72
0.67
0.68
0.63
0.74
0.76
0.77
0.76
0.78
0.79
0.79
0.75
0.79
0.80
0.79
0.76
0.78
0.75
0.78
0.77
0.77
0.75
0.75
0.72
0.73
0.75
0.76
0.74
0.76
0.77
0.75
0.76
0.74
0.78
0.70
0.78
0.76
0.79
0.77
0.78
0.76
0.80
0.75
0.74
0.78
0.78
0.79
0.78
0.79
0.78
0.76
0.78
0.74
0.73
0.76
0.67
0.73
0.65
0.66
0.64
0.65
0.71
0.64
0.58
0.74
0.61
0.62
0.47
0.59
0.68
0.59
0.66
0.65
0.58
0.72
0.61
0.77
0.66
0.66
0.71
0.69
0.72
0.71
0.63
0.73
0.66
0.73
0.68
0.58
0.76
0.58
0.75
0.68
0.50
0.67
0.57
0.67
0.56
0.64
0.61
0.58
0.61
0.61
0.63
0.64
0.51
0.66
0.54
0.51
0.62
0.54
0.59
0.51
0.49
0.53
0.50
0.58
0.47
0.50
0.54
0.53
0.50
0.54
0.54
0.51
0.51
0.52
0.54
0.52
0.57
0.41
0.62
0.42
0.38
0.49
0.40
0.57
0.41
0.35
0.43
0.36
0.40
0.35
0.39
0.47
0.40
0.47
0.40
0.39
0.49
0.42
0.51
