0.00
476.02
528.51
324.84
452.02
288.05
411.53
502.12
344.01
482.14
299.32
406.89
447.73
248.65
464.21
351.88
328.61
296.43
469.30
359.29
476.73
211.17
226.56
475.12
240.57
421.98
287.25
341.64
372.84
431.78
273.81
474.52
376.67
391.78
371.89
423.55
258.55
310.81
434.80
252.18
416.99
339.40
396.99
419.51
320.57
434.90
303.78
326.08
271.51
400.74
361.88
368.71
312.85
423.05
455.34
478.50
461.76
470.84
481.20
484.43
458.09
477.98
487.57
483.19
460.81
478.00
442.12
469.61
460.30
459.22
451.79
440.50
435.39
438.53
450.87
469.83
447.36
459.50
470.52
436.02
456.52
436.90
475.72
396.31
458.32
438.79
468.51
454.05
471.20
446.07
493.09
435.20
437.61
480.41
474.94
489.39
464.87
490.66
475.78
460.57
484.12
449.98
430.50
461.33
363.64
433.92
353.35
337.91
333.44
323.61
382.65
324.08
260.51
416.38
301.43
313.64
178.91
295.56
364.18
265.10
356.04
350.35
260.86
402.40
283.15
456.09
353.28
325.23
380.77
361.34
396.53
392.25
309.36
396.43
338.79
407.79
337.87
264.52
421.91
252.87
424.07
341.77
187.85
325.49
232.67
332.96
234.61
313.70
280.53
262.62
270.48
283.42
315.70
332.84
220.28
335.37
242.63
217.20
296.31
253.24
271.33
253.46
204.59
226.00
217.79
276.59
218.61
245.19
233.65
288.59
189.75
317.47
317.32
195.68
272.07
211.23
306.58
267.03
254.85
196.73
325.65
212.04
183.17
189.77
230.40
275.95
255.70
243.89
142.79
218.21
135.46
202.19
223.78
166.47
215.64
175.10
167.02
184.23
174.09
199.22
203.18
