0.044669
0.199766
0.166837
0.137704
0.127712
0.150716
0.154421
0.144306
0.147292
0.143445
0.155732
0.181702
0.152919
0.142890
0.199692
0.140551
0.140349
0.146854
0.140425
0.141097
0.139070
0.141941
0.142496
0.150772
0.145122
0.144396
0.159004
0.139926
0.145755
0.151476
0.173670
0.160606
0.163329
0.212220
0.175670
0.154578
0.140556
0.169069
0.145679
0.157610
0.142055
0.153156
0.146496
0.147406
0.141853
0.165540
0.147351
0.182120
0.144716
0.143964
0.144857
0.169130
0.137564
0.153177
0.141307
0.154034
0.143690
0.146967
0.178166
0.258127
0.145110
0.156904
0.198054
0.178138
0.172947
0.150537
0.139786
0.139511
0.150486
0.176455
0.153731
0.161254
0.146147
0.133135
0.141670
0.147810
0.148154
0.146873
0.146643
0.149047
0.173070
0.145054
0.138864
0.162315
0.137115
0.148107
0.180242
0.163544
0.172533
0.154145
0.143101
0.141165
0.145947
0.144752
0.146025
0.149337
0.160708
0.143968
0.155355
0.173993
0.146747
0.154733
0.154015
0.164526
0.155049
0.142192
0.145841
0.147193
0.158755
0.145933
0.154203
0.154777
0.173112
0.146993
0.156026
0.144131
0.154037
0.144230
0.139173
0.190522
0.146794
0.168134
0.145238
0.144337
0.139811
0.141609
0.158247
0.164110
0.174765
0.140508
0.138558
0.138941
0.157442
0.163171
0.151971
0.156372
0.143520
0.144425
0.148457
0.149664
0.184350
0.173191
0.172652
0.163432
0.158659
0.146805
0.178206
0.179531
0.155773
0.149662
0.149590
0.150199
0.152532
0.150323
0.149049
0.165659
0.146504
0.163937
0.161419
0.157756
0.153472
0.162200
0.166788
0.148585
0.147709
0.162601
0.155672
0.146234
0.142453
0.152842
0.173216
0.149937
0.143678
0.143106
0.157801
0.144921
0.146704
0.154799
