0.00
201.14
254.39
281.85
273.50
304.78
173.96
254.05
216.89
178.39
266.08
301.59
313.53
284.22
224.27
157.45
245.83
313.31
204.56
262.59
226.94
183.17
271.55
285.01
255.62
298.90
378.27
318.75
307.74
293.27
245.28
292.07
257.21
338.59
291.43
241.09
252.60
241.78
288.94
200.82
212.49
238.06
300.12
201.80
211.88
223.76
242.74
243.99
314.25
243.08
309.29
240.82
329.94
235.74
272.21
263.75
317.47
237.08
322.90
283.38
288.34
262.56
196.98
265.58
263.08
303.68
357.83
316.67
245.35
310.45
175.82
305.45
181.90
300.87
152.50
182.95
199.32
244.73
181.05
164.76
215.18
295.73
169.58
215.93
261.11
211.48
229.85
246.15
231.31
311.04
319.51
302.45
318.86
404.60
392.80
416.15
430.88
481.11
458.47
432.30
422.77
442.79
434.98
394.05
348.28
278.71
406.09
448.54
417.54
365.41
301.27
309.29
367.73
244.92
385.01
370.63
320.64
286.99
239.53
272.23
238.65
231.48
198.74
169.93
216.45
172.82
180.21
191.95
210.32
199.82
246.39
262.36
294.81
242.11
215.70
155.54
259.04
254.47
262.25
214.17
259.75
320.70
290.35
253.23
238.85
300.20
428.45
424.21
249.78
248.58
310.16
350.90
268.72
244.71
220.99
377.68
268.87
276.50
401.71
310.11
368.17
332.17
386.69
225.50
347.07
352.96
364.53
335.96
353.24
250.97
301.51
251.72
239.03
256.85
249.17
323.32
274.10
261.34
