0.00
0.51
0.58
0.58
0.60
0.61
0.50
0.59
0.54
0.48
0.58
0.63
0.64
0.61
0.53
0.46
0.58
0.65
0.53
0.61
0.55
0.49
0.59
0.62
0.58
0.60
0.69
0.63
0.62
0.60
0.54
0.59
0.58
0.65
0.62
0.56
0.57
0.56
0.61
0.53
0.55
0.56
0.61
0.52
0.52
0.54
0.56
0.56
0.62
0.56
0.63
0.56
0.66
0.57
0.61
0.62
0.63
0.55
0.65
0.61
0.60
0.57
0.51
0.58
0.59
0.64
0.67
0.65
0.59
0.65
0.50
0.63
0.48
0.61
0.46
0.52
0.50
0.58
0.50
0.49
0.54
0.64
0.47
0.49
0.59
0.54
0.54
0.54
0.53
0.64
0.64
0.61
0.62
0.71
0.70
0.72
0.73
0.78
0.75
0.73
0.71
0.75
0.74
0.68
0.64
0.60
0.71
0.74
0.71
0.68
0.64
0.66
0.67
0.55
0.68
0.69
0.64
0.62
0.58
0.59
0.56
0.55
0.52
0.50
0.54
0.48
0.50
0.51
0.53
0.48
0.56
0.58
0.60
0.55
0.52
0.46
0.57
0.58
0.58
0.51
0.57
0.63
0.59
0.57
0.53
0.61
0.69
0.70
0.57
0.55
0.60
0.65
0.58
0.56
0.55
0.66
0.59
0.61
0.69
0.58
0.66
0.62
0.67
0.54
0.63
0.66
0.66
0.63
0.65
0.55
0.61
0.56
0.54
0.58
0.56
0.63
0.59
0.59
