0.00
0.80
0.75
0.73
0.77
0.80
0.74
0.72
0.81
0.75
0.79
0.77
0.74
0.72
0.77
0.76
0.74
0.72
0.69
0.75
0.73
0.75
0.71
0.65
0.60
0.54
0.53
0.55
0.57
0.52
0.56
0.48
0.64
0.61
0.66
0.53
0.57
0.65
0.67
0.70
0.70
0.68
0.70
0.57
0.70
0.61
0.66
0.61
0.54
0.63
0.54
0.53
0.62
0.57
0.53
0.63
0.61
0.53
0.59
0.61
0.59
0.58
0.62
0.56
0.53
0.48
0.56
0.50
0.59
0.61
0.61
0.70
0.70
0.68
0.68
0.69
0.71
0.69
0.70
0.69
0.71
0.69
0.66
0.65
0.65
0.60
0.67
0.64
0.68
0.68
0.65
0.68
0.65
0.66
0.72
0.66
0.69
0.73
0.72
0.69
0.72
0.70
0.69
0.72
0.67
0.67
0.65
0.70
0.69
0.69
0.69
0.67
0.68
0.71
0.70
0.71
0.69
