0.00
498.64
452.49
426.39
454.02
505.35
439.20
423.14
510.08
454.27
495.66
468.07
439.27
412.20
469.81
462.16
438.86
427.21
394.37
455.33
421.17
446.13
397.09
327.73
271.07
224.56
226.44
275.08
283.83
230.33
246.96
192.97
320.06
280.95
316.08
195.89
243.64
280.11
322.86
345.92
351.90
340.45
336.35
225.40
370.55
297.16
349.98
288.00
237.99
316.18
235.70
219.75
298.32
243.02
227.31
308.29
286.70
236.46
304.19
332.37
294.51
295.80
333.36
259.62
221.46
177.25
233.84
175.59
260.00
269.15
281.60
376.40
366.38
314.89
331.08
350.01
380.17
343.69
363.04
351.78
371.32
347.08
321.08
308.50
302.24
264.58
320.66
286.69
333.98
340.18
302.92
323.52
330.98
308.76
386.08
347.02
349.21
423.79
392.37
381.47
398.44
374.22
369.71
413.26
344.98
354.22
340.24
381.87
375.62
385.43
370.58
363.09
367.50
393.82
401.60
391.68
381.76
