0.012701
0.148679
0.147813
0.159168
0.157161
0.146379
0.143554
0.140730
0.164658
0.156948
0.141730
0.157585
0.149467
0.160409
0.163271
0.143172
0.162542
0.146922
0.135263
0.158557
0.161396
0.179720
0.161175
0.143750
0.151200
0.152960
0.177844
0.156590
0.158475
0.139337
0.146301
0.148849
0.140421
0.141111
0.146336
0.143819
0.164049
0.142595
0.157474
0.142643
0.138715
0.140449
0.144903
0.135730
0.149410
0.131549
0.199174
0.151524
0.192884
0.185401
0.151405
0.142485
0.150376
0.146945
0.149300
0.149930
0.156875
0.143830
0.145073
0.143629
0.143259
0.145732
0.143877
0.144071
0.151184
0.136077
0.141061
0.144685
0.149402
0.135261
0.161758
0.147360
0.140965
0.147682
0.165539
0.138333
0.134041
0.145813
0.144866
0.141354
0.154360
0.140069
0.173609
0.169985
0.164932
0.180851
0.170907
0.164320
0.135046
0.149908
0.152128
0.138216
0.157113
0.170744
0.137233
0.148345
0.158422
0.139798
0.142611
0.161302
0.148147
0.148261
0.144373
0.152204
0.178497
0.140918
0.141628
0.147473
0.136603
0.149790
0.148399
0.148900
0.152642
0.153406
0.144619
0.153075
0.134403
