0.00
0.89
0.83
0.86
0.68
0.47
0.81
0.82
0.57
0.52
0.66
0.55
0.72
0.69
0.72
0.69
0.65
0.75
0.51
0.69
0.56
0.72
0.63
0.49
0.69
0.67
0.65
0.57
0.73
0.49
0.52
0.62
0.67
0.54
0.53
0.60
0.51
0.57
0.48
0.53
0.38
0.40
0.35
0.34
0.31
0.27
0.26
0.34
0.31
0.33
0.32
0.41
0.38
0.33
0.31
0.30
0.31
0.26
0.35
0.43
0.34
0.23
0.27
0.27
0.26
0.23
0.23
0.29
0.27
0.18
0.17
0.34
0.37
0.34
0.49
0.36
0.35
0.20
0.22
0.37
0.41
0.35
0.45
0.37
0.36
0.32
0.39
0.24
0.39
0.35
0.28
0.45
0.54
0.54
0.50
0.55
0.55
0.57
0.69
0.67
