0.00
492.79
473.42
504.71
427.28
426.90
488.34
358.87
205.97
439.40
301.71
304.36
454.93
220.74
295.33
461.17
254.30
378.11
310.85
441.74
334.39
454.85
491.34
370.01
403.81
416.65
276.18
380.56
491.97
339.80
306.36
397.87
300.95
295.55
309.39
333.64
225.11
373.04
388.53
356.01
371.15
364.75
380.86
378.11
448.27
359.68
216.23
241.95
439.99
205.88
179.29
418.75
227.63
247.68
215.39
161.37
157.61
372.45
237.79
270.97
355.14
218.08
191.37
140.19
244.06
184.73
211.23
260.51
220.56
243.67
345.68
234.95
239.57
341.28
323.20
263.53
213.62
299.00
203.06
147.80
260.81
167.96
161.02
204.96
214.50
111.65
152.34
90.53
141.90
115.48
116.47
162.14
201.58
143.55
230.04
198.09
212.18
206.53
261.71
267.53
219.65
190.63
242.49
131.18
172.56
145.21
163.70
168.77
225.74
