0.00
333.25
389.18
372.25
313.73
264.99
246.63
384.09
212.59
197.86
265.58
240.83
155.18
260.43
266.78
212.16
204.14
181.66
133.51
145.80
106.16
139.20
188.49
194.93
212.54
188.19
194.19
176.78
245.34
156.73
160.78
223.59
170.10
247.67
160.75
151.78
165.60
169.34
209.18
211.98
173.92
253.80
261.60
315.40
274.40
280.06
209.98
214.73
244.45
229.92
243.09
351.23
262.93
328.97
249.98
331.63
287.42
156.30
279.29
289.39
278.15
309.00
258.30
252.47
308.42
286.99
346.54
358.01
261.96
202.44
213.11
268.92
159.94
127.84
231.63
278.74
237.09
238.10
281.10
138.69
128.92
156.55
217.09
217.21
192.61
210.01
181.05
165.79
131.69
264.86
223.17
282.84
198.69
247.22
247.08
242.10
320.02
192.06
209.22
231.96
233.90
254.98
272.14
313.24
290.61
275.36
286.39
314.49
308.97
320.44
331.78
237.37
410.21
348.63
355.51
402.47
357.71
428.36
347.55
306.15
346.17
260.20
300.76
314.13
309.82
324.37
412.02
305.60
325.53
370.37
405.00
416.22
405.54
399.74
333.36
409.44
330.67
307.75
217.22
302.76
217.69
323.50
360.91
338.33
301.34
350.50
323.57
380.63
394.24
333.74
379.61
355.10
359.88
346.45
374.26
363.20
357.22
379.77
340.16
347.07
342.39
312.80
332.64
370.09
314.69
314.45
355.72
361.17
347.48
306.76
348.12
395.41
300.80
325.63
314.71
293.55
318.68
370.82
325.54
294.69
377.25
316.44
300.39
284.77
246.88
340.47
359.75
300.36
396.13
299.55
373.59
302.83
353.61
421.42
353.30
365.54
333.85
347.44
319.36
361.77
357.19
373.09
383.59
316.75
392.48
379.44
385.08
388.12
388.22
411.67
416.13
351.55
372.55
368.25
344.09
317.93
405.49
351.05
381.13
404.16
391.41
399.69
386.74
345.53
387.04
366.83
348.94
355.50
408.51
299.70
310.13
313.16
337.31
