0.00
0.71
0.67
0.71
0.71
0.75
0.67
0.69
0.60
0.63
0.67
0.66
0.70
0.72
0.73
0.72
0.73
0.73
0.68
0.72
0.69
0.66
0.73
0.69
0.72
0.67
0.64
0.68
0.67
0.57
0.63
0.63
0.67
0.63
0.65
0.62
0.62
0.65
0.67
0.66
0.70
0.65
0.66
0.62
0.62
0.66
0.61
0.61
0.62
0.62
0.70
0.64
0.65
0.59
0.56
0.61
0.55
0.52
0.52
0.58
0.57
0.57
0.57
0.57
0.55
0.55
0.50
0.51
0.56
0.51
0.57
0.53
0.52
0.56
0.61
0.57
0.67
0.65
0.60
0.52
0.55
0.59
0.64
0.64
0.67
0.65
0.70
0.64
0.70
0.62
0.61
0.54
0.60
0.66
0.64
0.62
0.65
0.51
0.57
0.62
0.59
0.61
0.66
0.60
0.63
0.63
0.55
0.57
0.57
0.59
0.56
0.54
0.63
0.62
0.64
0.57
0.49
0.54
0.65
0.65
0.69
0.67
0.57
0.56
0.59
0.60
0.64
0.68
0.65
0.65
0.66
0.67
0.69
0.71
0.73
0.74
0.71
0.69
0.66
0.65
0.62
0.63
0.64
0.57
0.67
0.67
0.66
0.65
0.69
0.66
0.70
0.68
0.67
0.68
0.59
0.65
0.65
0.52
0.60
0.52
0.59
0.59
0.65
0.63
0.64
0.62
0.64
0.61
0.65
0.59
0.63
0.60
0.57
0.59
0.66
0.63
0.55
0.54
0.51
0.60
0.56
0.52
0.45
0.52
0.42
0.56
0.50
0.47
0.48
0.54
0.57
0.51
0.52
0.51
0.46
0.43
0.53
0.53
0.50
0.53
0.48
0.48
0.41
0.42
0.45
0.48
0.50
0.44
0.52
0.43
0.55
0.51
0.56
0.52
0.50
0.53
0.51
0.52
0.50
0.42
0.44
0.50
0.51
0.51
0.52
0.55
0.55
0.59
0.61
0.63
0.66
0.68
0.65
0.67
0.66
0.63
0.62
0.63
0.58
0.59
0.55
0.52
0.51
0.56
0.57
0.54
0.54
0.60
0.62
0.55
0.61
0.57
0.57
0.55
0.51
0.54
0.52
0.53
0.47
0.44
0.45
0.46
0.35
0.41
0.36
0.50
0.49
0.49
0.44
0.44
0.47
0.43
0.48
0.39
0.44
0.37
0.32
0.27
0.43
0.28
0.40
0.33
0.51
0.52
0.47
0.53
0.47
0.51
0.44
0.39
0.42
0.45
0.47
0.53
0.59
0.51
0.54
0.41
0.52
0.53
0.53
0.52
0.49
0.48
0.33
0.39
0.45
0.44
0.53
0.50
0.56
0.61
0.52
0.60
0.60
0.59
0.57
0.52
0.61
0.56
0.60
0.59
0.55
0.55
0.41
0.46
0.38
0.51
0.51
0.49
0.48
0.57
0.61
0.51
0.56
0.61
0.67
0.58
0.65
0.65
0.62
0.59
0.60
0.61
0.63
0.53
0.61
0.63
0.67
0.63
0.63
0.62
0.67
0.66
0.61
0.62
0.65
0.71
0.69
0.69
0.64
0.63
0.69
0.69
0.66
0.65
0.67
0.50
0.52
0.61
0.55
0.54
0.43
0.49
0.54
0.60
0.53
0.47
0.59
0.34
0.58
0.55
0.48
0.62
0.57
0.61
0.55
0.57
0.63
0.68
0.62
0.50
0.50
0.56
0.65
0.57
0.66
0.69
0.61
0.65
0.60
0.63
0.45
0.62
0.63
0.55
0.46
0.58
0.37
0.38
0.59
0.42
0.56
0.56
0.58
0.61
0.57
0.61
0.54
0.60
0.42
0.54
0.64
0.46
0.57
0.42
0.51
0.44
0.50
0.56
0.45
0.53
0.52
0.53
0.45
0.57
0.61
0.55
0.57
0.53
0.44
0.37
0.57
0.54
0.60
0.57
0.57
0.54
0.55
0.58
0.61
0.64
0.58
0.60
0.59
0.62
0.56
0.57
0.59
0.57
0.57
0.53
0.59
0.50
0.68
0.51
0.59
0.56
0.53
0.57
0.61
0.63
0.59
0.58
0.50
0.55
0.58
0.57
0.55
0.53
0.55
0.58
0.65
0.64
0.58
0.63
0.56
0.63
0.53
0.53
0.56
0.58
0.48
0.50
0.44
0.51
0.42
0.59
0.43
0.59
0.59
0.47
0.46
0.45
0.48
0.38
0.35
0.62
0.53
0.54
0.62
0.66
0.52
0.55
0.52
0.59
0.56
0.63
0.64
0.64
0.66
0.65
0.59
0.57
0.53
0.52
0.63
0.51
0.55
0.50
0.56
0.47
0.42
0.53
0.42
0.53
0.56
0.48
0.45
0.47
0.50
0.34
0.42
0.35
0.53
0.40
0.37
0.40
0.37
0.42
0.45
0.47
0.44
0.48
0.49
0.46
0.42
0.41
0.42
0.34
0.46
0.38
0.43
0.50
0.55
0.50
0.47
0.44
0.38
0.42
0.50
0.45
0.48
0.51
0.48
0.42
0.49
0.47
0.49
0.45
0.56
0.50
0.53
0.52
0.54
0.50
0.51
0.48
0.48
0.45
0.45
0.48
0.38
0.41
0.44
0.49
0.50
0.41
0.52
0.49
0.42
0.48
0.41
0.49
0.49
0.50
0.50
0.61
0.57
0.52
0.52
0.58
0.49
