0.00
0.58
0.66
0.66
0.66
0.69
0.56
0.65
0.57
0.71
0.54
0.54
0.55
0.66
0.69
0.65
0.64
0.67
0.59
0.64
0.62
0.63
0.62
0.64
0.63
0.66
0.63
0.65
0.66
0.67
0.68
0.67
0.67
0.65
0.53
0.71
0.59
0.55
0.56
0.55
0.57
0.54
0.58
0.51
0.59
0.58
0.55
0.56
0.57
0.55
0.59
0.59
0.63
0.59
0.55
0.51
0.55
0.55
0.57
0.56
0.54
0.53
0.60
0.56
0.47
0.53
0.51
0.63
0.50
0.58
0.58
0.48
0.50
0.52
0.51
0.58
0.43
0.59
0.50
0.51
0.44
0.45
0.64
0.53
0.48
0.55
0.55
0.51
0.52
0.54
0.62
0.65
0.61
0.62
0.66
0.63
0.67
0.66
0.52
0.61
0.62
0.64
0.60
0.62
0.63
0.57
0.56
0.55
0.57
0.58
0.54
0.48
0.51
0.51
0.49
0.50
0.52
0.52
0.46
0.46
0.50
0.44
0.53
0.51
0.44
0.54
0.50
0.49
0.51
0.55
0.52
0.53
0.47
0.50
0.53
0.52
0.50
0.58
0.52
0.50
0.49
0.54
0.56
0.53
0.57
0.60
0.56
0.60
0.53
0.57
0.54
0.60
0.56
0.61
0.54
0.59
0.65
0.63
0.69
0.70
0.61
0.61
0.68
0.55
