0.010795
0.147558
0.158487
0.154420
0.136246
0.146693
0.151188
0.153789
0.137020
0.137270
0.139311
0.191761
0.142762
0.142219
0.154325
0.144915
0.172676
0.174195
0.144059
0.148280
0.140131
0.142135
0.167176
0.146831
0.159499
0.155812
0.158283
0.148608
0.153277
0.149884
0.141675
0.152880
0.149635
0.144903
0.134156
0.157898
0.149948
0.146872
0.165637
0.173217
0.153460
0.143794
0.146591
0.147695
0.136889
0.186231
0.136216
0.140762
0.152897
0.142557
0.148573
0.148622
0.178148
0.151527
0.158012
0.179163
0.143656
0.148390
0.143993
0.160451
0.161463
0.149565
0.159495
0.174617
0.234643
0.176331
0.135400
0.162090
0.167526
0.238689
0.170243
0.135186
0.160034
0.139151
0.143009
0.146328
0.142398
0.170073
0.206637
0.149207
0.166022
0.146194
0.167248
0.142149
0.151381
0.138682
0.163907
0.157385
0.153730
0.157420
0.140535
0.163881
0.177196
0.161212
0.137053
0.141677
0.172508
0.159815
0.161460
0.147121
0.138767
0.158577
0.144010
0.140858
0.184699
0.144713
0.148035
0.150599
0.172333
0.151698
0.159765
0.140890
0.141890
0.158964
0.159193
0.160833
0.155696
0.152443
0.150200
0.147900
0.157936
0.137825
0.128699
0.129235
0.155588
0.161080
0.138047
0.140911
0.158325
0.152904
0.157076
0.147223
0.142782
0.155606
0.142053
0.185134
0.166921
0.137177
0.148345
0.147863
0.140464
0.142642
0.149310
0.204076
0.166629
0.150125
0.157547
0.141379
0.171464
0.135585
0.163867
0.154938
0.163534
0.172520
0.150606
0.143478
0.153655
0.140532
0.138931
0.205560
0.140775
0.141278
0.147219
0.164541
0.179789
0.165529
0.152992
0.148682
0.144546
0.173594
0.151112
0.146812
0.216286
0.152262
0.134760
0.213603
0.168651
0.155523
0.149407
0.148479
0.136133
0.165277
0.144675
0.200274
0.233938
0.178359
0.161563
0.145510
0.154414
0.183686
0.156440
0.177461
0.226584
0.138659
0.141736
0.141540
0.183216
0.162850
0.139792
0.147658
0.153105
0.145044
0.163082
0.151791
0.146327
0.143788
0.155661
0.153335
0.150233
0.166568
0.160137
0.156111
0.145611
0.195902
0.167163
0.137039
0.139120
0.147363
0.166183
0.148333
0.165569
0.140497
0.154108
0.153306
0.148057
0.144182
0.196073
0.138573
0.142482
0.145275
0.146532
0.166860
0.140544
0.147826
0.149228
0.137967
0.138223
0.150313
0.156386
0.158639
0.159999
0.207278
0.160578
0.139675
0.154741
0.143146
0.152973
0.145949
0.173437
0.156101
0.139894
0.143764
0.168143
0.216025
0.162010
0.152695
0.153822
0.155290
0.153397
0.149568
0.150266
0.159504
0.143775
0.152373
0.183561
0.170436
0.146832
0.149425
0.177140
0.149176
0.139711
0.136657
0.137350
0.161416
0.133988
0.145383
0.153803
0.157360
0.181241
0.150130
0.145001
0.136342
0.152781
0.165824
0.170510
0.160368
0.154811
0.146494
0.141342
0.149526
0.168785
0.139719
0.177001
0.147231
0.146556
0.150926
0.149078
0.146516
0.147053
0.151814
0.158031
0.141180
0.138998
0.180491
0.135823
0.135477
0.150502
0.147797
