0.00
0.16
0.28
0.29
0.22
0.23
0.25
0.25
0.27
0.33
0.31
0.30
0.37
0.40
0.36
0.41
0.48
0.59
0.54
0.55
0.47
0.62
0.49
0.46
0.46
0.61
0.62
0.56
0.59
0.45
0.47
0.36
0.48
0.52
0.60
0.52
0.44
0.51
0.55
0.51
0.55
0.54
0.54
0.51
0.45
0.49
0.53
0.50
0.54
0.46
0.48
0.55
0.48
0.41
0.40
0.53
0.61
0.56
0.43
0.40
0.49
0.33
0.33
0.31
0.33
0.33
0.38
0.47
0.43
0.41
0.39
0.50
0.40
0.42
0.45
0.49
0.44
0.56
0.60
0.43
0.48
0.39
0.36
0.35
0.39
0.30
0.40
0.29
0.35
0.45
0.40
0.32
0.31
0.36
0.31
0.40
0.48
0.52
0.42
0.44
0.45
0.60
0.46
0.43
0.48
0.47
0.49
0.38
0.46
0.48
0.50
0.46
0.50
0.51
0.47
0.45
0.52
0.44
0.39
0.44
0.41
0.36
0.56
0.55
0.61
0.50
0.53
0.46
0.42
0.55
0.53
0.55
0.54
0.48
0.51
0.59
0.57
0.55
0.54
0.51
0.52
0.44
0.49
0.45
0.47
0.50
0.53
0.47
0.49
0.51
0.56
0.51
0.59
0.59
0.41
0.59
0.40
0.43
0.47
0.50
0.50
0.46
0.49
0.53
0.44
0.46
0.58
0.59
0.51
0.50
0.54
0.46
0.53
0.63
0.60
0.50
0.55
0.56
0.53
0.58
0.60
0.52
0.66
0.59
0.60
0.43
0.56
0.64
0.65
0.52
0.45
0.62
0.50
0.41
0.44
0.50
0.39
0.55
0.58
0.56
0.56
0.55
0.53
0.56
0.62
0.47
0.52
0.49
0.64
0.55
0.61
0.59
0.58
0.55
0.60
0.61
0.61
0.66
0.62
0.56
0.52
0.55
0.50
0.46
0.41
0.38
0.33
0.26
0.27
0.26
0.42
0.35
0.39
0.45
0.36
0.35
0.32
0.30
0.42
0.40
0.39
