0.00
0.73
0.66
0.70
0.60
0.68
0.60
0.62
0.61
0.59
0.63
0.52
0.52
0.57
0.51
0.55
0.53
0.56
0.56
0.62
0.52
0.48
0.56
0.56
0.54
0.48
0.48
0.52
0.47
0.53
0.64
0.63
0.55
0.52
0.44
0.50
0.52
0.44
0.30
0.36
0.47
0.49
0.38
0.62
0.50
0.54
0.50
0.30
0.37
0.44
0.48
0.48
0.55
0.55
0.54
0.51
0.45
0.46
0.55
0.43
0.56
0.52
0.49
0.52
0.55
0.48
0.48
0.51
0.44
0.49
0.48
0.39
0.45
0.45
0.47
0.47
0.52
0.51
0.53
0.40
0.60
0.55
0.43
0.51
0.43
0.63
0.60
0.58
0.51
0.53
0.44
0.56
0.44
0.50
0.44
0.49
0.51
0.63
0.49
0.53
0.51
0.58
0.60
0.62
0.56
0.55
0.58
0.45
0.49
0.45
0.57
0.48
0.58
0.53
