0.042677
0.149655
0.154277
0.138453
0.147679
0.139839
0.153652
0.161553
0.149024
0.156014
0.150326
0.139161
0.158313
0.199938
0.171315
0.161186
0.143819
0.145847
0.164008
0.140363
0.155802
0.153577
0.156267
0.162897
0.140064
0.158757
0.162945
0.160677
0.138681
0.151878
0.148365
0.149834
0.187106
0.176502
0.180020
0.157728
0.186284
0.158926
0.156637
0.159500
0.156864
0.157297
0.156601
0.137292
0.151093
0.168502
0.157186
0.171494
0.159275
0.147815
0.144384
0.167831
0.157271
0.167690
0.146194
0.166296
0.141130
0.141406
0.148668
0.170275
0.156259
0.147542
0.147975
0.149990
0.146132
0.155283
0.138168
0.144523
0.165563
0.159631
0.149823
0.168722
0.155575
0.156503
0.153219
0.159101
0.138763
0.162446
0.153087
0.144563
0.154769
0.148504
0.143079
0.157593
0.154508
0.147578
0.163409
0.153000
0.175275
0.155440
0.152437
0.138556
0.140001
0.129539
0.140383
0.141520
0.166590
0.134347
0.143339
0.149623
0.159000
0.142955
0.175876
0.150548
0.172935
0.160833
0.170846
0.156988
0.140849
0.183875
0.140782
0.152932
0.143490
0.143914
