0.00
0.65
0.52
0.51
0.60
0.46
0.54
0.50
0.59
0.58
0.53
0.61
0.63
0.62
0.64
0.55
0.62
0.45
0.45
0.55
0.49
0.55
0.50
0.52
0.44
0.50
0.47
0.47
0.55
0.49
0.49
0.48
0.45
0.56
0.49
0.63
0.56
0.53
0.52
0.57
0.52
0.55
0.51
0.49
0.47
0.49
0.39
0.44
0.45
0.47
0.52
0.55
0.49
0.55
0.52
0.54
0.51
0.57
0.58
0.59
0.49
0.58
0.57
0.54
0.63
0.59
0.63
0.63
0.57
0.59
0.56
0.54
0.57
0.64
0.58
0.63
0.58
0.60
0.58
0.59
0.59
0.53
0.60
0.67
0.66
0.72
0.66
0.59
0.61
0.58
0.51
0.57
0.60
0.64
0.60
0.65
0.62
0.66
0.66
0.69
0.66
0.69
0.68
0.69
0.69
0.72
0.69
0.67
0.69
0.70
0.74
0.74
0.72
0.69
0.68
0.67
0.70
0.72
0.68
0.73
0.72
0.77
0.77
0.73
0.67
0.65
0.65
0.58
0.69
0.68
0.69
0.68
0.71
