0.00
316.73
209.63
192.77
270.74
146.18
224.91
185.15
269.27
246.05
210.56
270.91
303.50
295.96
298.54
225.27
280.86
141.46
142.59
218.96
167.36
216.36
199.40
206.68
136.60
187.83
147.57
145.33
228.94
155.08
167.73
170.90
136.74
227.54
174.79
316.61
221.50
193.73
187.81
226.85
178.81
228.21
166.38
167.30
125.10
149.66
87.87
127.16
136.40
157.86
197.14
223.95
160.63
192.66
182.04
184.58
177.88
201.97
220.18
230.84
157.69
236.86
210.89
185.46
307.12
240.79
273.57
277.97
228.80
259.63
219.61
193.87
244.62
299.91
256.93
302.26
230.21
264.72
260.69
263.62
259.40
229.97
276.05
330.45
314.65
393.29
301.83
266.86
271.39
218.45
196.58
200.14
250.21
296.44
239.74
299.40
294.94
348.93
344.44
379.83
333.62
387.11
382.99
399.63
404.40
435.45
408.41
360.04
380.90
409.64
454.64
460.44
436.40
405.38
400.93
397.19
424.45
429.96
391.04
438.96
423.46
480.64
485.22
449.90
408.94
390.91
376.19
293.42
408.18
410.71
407.57
403.28
438.81
