0.00
292.22
273.39
338.25
295.75
307.37
229.67
239.54
185.11
227.91
267.83
257.00
177.15
156.65
169.55
186.35
211.69
134.42
151.86
139.21
115.47
164.41
182.05
173.39
169.99
156.36
155.25
210.19
204.38
191.61
174.83
138.43
235.26
210.05
236.31
212.74
247.43
205.68
206.97
178.42
177.85
138.97
169.09
197.96
133.29
175.43
160.16
204.03
209.86
206.82
176.53
158.56
227.80
219.43
202.61
181.04
137.20
156.07
140.41
127.39
168.84
125.63
131.84
131.05
202.58
133.12
162.03
137.46
160.22
161.88
156.01
121.85
200.22
142.67
155.49
180.71
154.12
136.40
89.27
122.05
88.91
91.35
110.32
133.82
188.33
174.83
236.30
187.07
187.04
137.13
156.78
130.72
212.05
188.53
254.65
219.06
263.72
251.96
229.43
205.21
256.23
208.32
193.90
208.77
189.07
158.34
189.83
152.33
168.08
197.98
190.73
270.45
176.42
236.15
179.68
168.37
152.48
249.98
198.07
216.47
187.91
197.01
237.87
234.28
267.55
306.80
314.45
317.06
312.10
306.61
339.11
294.70
315.55
332.76
348.42
306.74
288.57
281.95
269.36
324.61
221.29
287.95
208.81
252.66
204.51
186.92
165.03
120.17
129.28
111.36
113.74
102.84
96.37
120.19
139.52
96.79
136.37
140.55
140.43
208.28
199.00
232.66
222.66
196.68
208.42
223.99
193.96
184.77
185.01
246.83
199.42
244.51
173.32
291.02
189.44
261.57
161.16
179.54
168.97
228.89
183.41
190.48
198.90
168.40
184.27
172.99
169.46
168.15
189.44
204.54
186.45
201.28
274.72
192.71
272.56
249.50
201.36
191.69
248.61
188.96
227.92
211.51
160.17
133.66
144.41
128.20
202.53
124.31
156.97
169.35
168.93
164.60
155.52
162.09
173.44
164.17
166.78
155.41
151.14
124.56
160.60
118.31
142.98
167.40
170.31
145.46
207.00
156.50
148.23
159.61
114.35
138.08
182.02
130.07
115.18
184.22
89.49
239.85
245.32
108.39
123.74
156.09
109.66
153.29
146.59
116.95
183.93
184.72
157.46
202.18
152.81
119.39
126.62
175.35
159.63
256.08
276.32
287.53
277.16
227.56
253.18
282.49
258.27
260.40
290.65
318.04
293.69
302.21
333.13
318.01
330.85
345.14
214.30
221.38
193.97
203.64
176.96
169.75
172.60
191.83
193.88
179.84
171.50
148.26
117.25
132.88
172.79
130.61
139.04
155.05
147.70
192.63
164.10
163.60
112.97
