0.00
153.24
234.34
148.68
170.61
134.49
165.89
120.76
121.41
115.16
87.04
105.98
95.62
65.68
160.90
117.39
101.08
103.80
95.78
97.17
144.89
102.67
120.64
114.73
122.90
93.02
87.35
88.06
97.97
112.29
107.77
106.19
124.47
147.07
113.82
104.54
125.11
150.59
114.69
161.19
102.87
99.47
110.63
111.80
153.71
78.90
68.35
84.13
97.58
69.71
53.11
86.13
89.58
100.08
124.46
96.66
99.26
144.70
120.16
144.78
176.25
137.19
226.58
129.75
201.97
133.57
99.51
124.38
144.82
128.65
123.84
120.97
76.87
83.37
128.43
144.68
165.48
157.66
131.18
144.69
152.03
122.55
108.62
121.69
78.96
23.18
22.58
37.15
75.03
78.97
91.82
94.92
59.04
32.81
77.32
69.33
64.38
65.85
69.16
81.57
88.92
80.16
88.10
88.06
119.99
79.92
105.67
101.14
88.79
101.30
106.51
110.33
93.21
110.31
120.17
123.39
150.07
152.37
115.88
114.61
119.98
144.29
116.37
140.27
149.08
114.17
106.92
127.49
101.92
121.79
124.77
99.54
101.92
106.86
95.18
