0.032609
0.151834
0.148708
0.137501
0.143369
0.160125
0.146525
0.173798
0.138485
0.140170
0.150588
0.157624
0.139479
0.149917
0.145946
0.137853
0.135130
0.154524
0.172696
0.140238
0.133956
0.140875
0.154879
0.168361
0.155018
0.140729
0.150967
0.154591
0.177813
0.151893
0.179808
0.150144
0.208753
0.232369
0.233716
0.235346
0.200485
0.153481
0.158669
0.143549
0.135794
0.143809
0.229816
0.171616
0.153938
0.155332
0.150685
0.149792
0.164002
0.155308
0.170516
0.187820
0.176110
0.139167
0.136239
0.154742
0.138331
0.147152
0.145596
0.137042
0.140955
0.147795
0.144118
0.157521
0.147556
0.139812
0.158818
0.143528
0.157379
0.192217
0.165431
0.134417
0.139061
0.144847
0.136043
0.187016
0.159534
0.136787
0.154698
0.165017
0.147132
0.150917
0.140454
0.148955
0.136433
0.136476
0.233632
0.220838
0.135969
0.160412
0.150406
0.145356
0.147122
0.148826
0.158173
0.145185
0.145568
0.208183
0.163928
0.163452
0.179733
0.162055
0.137282
0.137254
0.151869
0.143966
0.155931
0.142447
0.212986
0.165601
0.145387
0.147168
0.156580
0.175044
0.158288
0.142816
0.163265
0.162234
0.218256
0.135338
0.151262
0.138026
0.143986
0.141890
0.181722
0.182434
0.157316
0.137704
0.151796
0.136181
0.144952
0.160716
0.147713
0.147294
0.169323
