0.00
0.45
0.54
0.41
0.40
0.33
0.35
0.17
0.21
0.23
0.13
0.17
0.21
0.14
0.42
0.31
0.28
0.32
0.29
0.33
0.44
0.37
0.42
0.38
0.39
0.28
0.30
0.21
0.30
0.30
0.36
0.28
0.34
0.38
0.36
0.36
0.40
0.43
0.37
0.36
0.31
0.31
0.38
0.40
0.46
0.36
0.35
0.37
0.40
0.35
0.29
0.36
0.36
0.38
0.40
0.36
0.39
0.46
0.41
0.44
0.44
0.41
0.51
0.41
0.51
0.44
0.39
0.42
0.46
0.44
0.41
0.34
0.22
0.24
0.45
0.45
0.49
0.46
0.43
0.47
0.48
0.44
0.42
0.42
0.37
0.16
0.15
0.16
0.31
0.32
0.31
0.26
0.16
0.09
0.35
0.32
0.31
0.31
0.33
0.33
0.33
0.30
0.30
0.31
0.38
0.30
0.35
0.34
0.31
0.33
0.33
0.35
0.27
0.40
0.37
0.39
0.40
0.42
0.38
0.38
0.38
0.41
0.38
0.43
0.44
0.40
0.39
0.44
0.40
0.44
0.45
0.40
0.42
0.42
0.41
