0.00
446.91
474.29
336.56
399.01
452.80
404.18
442.43
461.47
418.81
360.82
428.82
363.16
298.07
339.62
328.20
430.93
373.40
447.15
439.89
395.32
448.15
424.92
440.34
286.71
302.09
290.23
303.53
259.65
329.05
314.91
384.01
300.68
367.13
433.55
421.37
388.11
416.45
348.02
397.88
336.59
348.60
289.08
321.89
379.38
301.81
209.11
271.03
208.61
341.36
352.60
302.64
245.24
210.52
167.25
117.23
161.42
107.12
152.33
114.93
112.11
121.00
161.63
157.00
116.45
154.95
232.12
193.07
133.44
132.17
183.19
192.80
208.20
225.20
179.41
232.51
195.42
179.64
243.58
298.04
195.42
241.22
166.14
131.14
239.66
184.54
140.47
166.76
134.09
177.91
168.44
121.76
214.27
203.70
205.26
158.39
177.80
213.87
228.53
220.52
210.36
257.93
279.52
318.71
296.53
295.93
282.85
280.27
361.90
383.67
395.16
354.93
324.36
225.77
330.68
253.71
276.15
160.48
308.44
310.13
406.12
374.95
368.93
432.71
340.25
380.70
468.23
432.82
375.19
479.16
440.56
358.30
490.40
446.55
409.36
324.45
287.57
221.94
291.55
263.92
224.59
176.88
193.36
220.16
225.62
201.07
224.31
191.19
157.49
232.22
175.15
195.46
214.23
202.06
118.89
97.36
156.47
264.80
137.92
145.23
180.07
177.84
160.52
152.32
154.86
182.92
149.20
152.20
163.34
184.38
225.72
