0.036817
0.174941
0.168561
0.160975
0.155420
0.164457
0.158376
0.153487
0.169569
0.158486
0.153774
0.152309
0.151863
0.146917
0.155619
0.154854
0.182560
0.209180
0.222624
0.166487
0.159384
0.170721
0.164681
0.161681
0.186605
0.155131
0.151002
0.141239
0.149764
0.146671
0.200232
0.146808
0.159584
0.153094
0.168565
0.160745
0.214764
0.157337
0.160597
0.170317
0.177328
0.151769
0.155789
0.156520
0.170342
0.170519
0.150964
0.152382
0.146228
0.151283
0.146719
0.147808
0.149265
0.150553
0.161872
0.153999
0.186679
0.209849
0.198818
0.244385
0.145404
0.156717
0.145766
0.145347
0.156888
0.150388
0.158470
0.157381
0.206194
0.180335
0.157380
0.161950
0.166803
0.155417
0.161117
0.177077
0.168988
0.175618
0.173090
0.147963
0.147423
0.144377
0.143085
0.145116
0.149343
0.147281
0.189790
0.144499
0.138155
0.142469
0.140339
0.153712
0.143082
0.144842
0.140160
0.139086
0.173933
0.171237
0.173509
0.156590
0.153239
0.151396
0.136245
0.143677
0.149267
0.152448
0.145092
0.158945
0.181042
0.223070
0.150657
0.150027
0.150854
0.145281
0.147345
0.147646
0.146699
0.154242
0.184000
0.153290
0.154982
0.159349
0.153523
0.178402
0.174561
0.155701
0.179688
0.167979
0.154325
0.162075
0.180311
0.169262
0.147687
0.152778
0.153254
0.173833
0.146415
0.145001
0.150352
0.157561
0.197526
0.155543
0.150956
0.160894
0.149804
0.149224
0.148421
0.163418
0.157784
0.213607
0.174151
0.159399
0.140007
0.154639
0.168847
0.141709
0.146544
0.153756
0.149604
0.149860
0.157180
0.158646
0.175981
0.151568
0.156270
0.146646
0.151983
0.181658
0.164230
0.142938
0.147497
