0.00
319.73
278.08
244.69
161.84
179.91
218.44
209.55
190.41
228.83
191.21
196.43
177.74
154.98
152.76
158.20
199.16
174.95
176.01
168.44
140.58
111.17
114.02
171.24
200.65
134.24
163.41
234.65
139.74
177.16
211.25
219.14
261.58
153.21
146.60
137.66
116.28
123.47
154.88
156.84
131.10
199.21
261.15
227.62
209.89
154.75
185.51
139.36
106.60
175.06
185.64
195.95
224.31
149.22
175.09
155.54
181.57
202.68
270.29
283.20
310.43
311.86
262.88
306.73
293.00
320.10
269.40
273.38
267.98
184.96
201.64
195.50
215.47
161.90
136.78
150.33
123.32
