0.010660
0.154940
0.155280
0.159379
0.138728
0.154270
0.152621
0.154599
0.132684
0.151721
0.147813
0.137492
0.155759
0.171355
0.172011
0.147076
0.203500
0.186155
0.147472
0.177744
0.154120
0.170531
0.161944
0.178748
0.141206
0.178304
0.149978
0.140546
0.154058
0.146933
0.146513
0.188745
0.141910
0.189059
0.167083
0.184775
0.169535
0.150009
0.142177
0.159745
0.154640
0.151882
0.133165
0.131551
0.160445
0.156178
0.140766
0.135385
0.135057
0.144936
0.139544
0.140420
0.150841
0.153839
0.167674
0.131043
0.175298
0.149324
0.136154
0.144544
0.135228
0.147687
0.140726
0.155451
0.189653
0.157777
0.171814
0.166028
0.173271
0.136790
0.149563
0.141156
0.132918
0.135005
0.143065
0.135118
