0.012663
0.148248
0.167055
0.148672
0.155925
0.208400
0.137077
0.149075
0.163438
0.155071
0.147420
0.140172
0.147572
0.139132
0.170145
0.151178
0.142819
0.152922
0.152971
0.155363
0.171816
0.232465
0.167683
0.144902
0.145068
0.148325
0.159256
0.138182
0.144832
0.162257
0.147991
0.155081
0.138836
0.162150
0.138581
0.140842
0.135297
0.143234
0.141125
0.146921
0.140606
0.161919
0.141078
0.143985
0.144005
0.141353
0.164906
0.133411
0.139822
0.140646
0.141495
0.150110
0.148083
0.139709
0.141769
0.139577
0.149878
0.156201
0.148146
0.166371
0.143867
0.140284
0.203172
0.149210
0.179083
0.145507
0.164827
0.145303
0.148695
0.154044
0.140265
0.141339
0.140583
0.153303
0.133806
0.153163
0.155578
0.205864
0.150684
0.136158
0.143574
0.153419
0.152400
0.143542
0.143640
0.147759
0.147427
0.140204
0.177908
0.158106
0.143460
0.141639
0.143537
0.149405
0.192106
0.157387
0.155165
0.176485
0.187103
0.151265
0.158535
0.203703
0.141762
0.134139
0.142907
0.141710
0.144743
0.150855
0.191262
0.227741
0.160104
0.151978
0.199578
0.158304
0.156242
0.157855
0.171414
0.181276
0.152449
0.148282
0.162849
0.156600
0.154333
0.145111
0.142699
0.149848
0.137287
0.138270
0.150838
0.140613
0.144674
0.144371
0.137697
0.153198
0.139320
0.160808
0.192383
0.151720
0.153901
0.147568
0.153052
0.149870
0.146364
0.151418
0.142825
0.140397
0.142028
0.153646
0.139854
0.150180
0.142142
0.141300
0.141211
0.140416
0.153347
0.203896
0.168947
0.158373
0.138554
0.159008
0.161503
0.142879
0.134584
0.135666
0.138531
0.139512
0.136315
0.140041
0.155260
0.149930
0.149817
0.141821
0.152738
0.143384
0.146054
0.158104
0.137936
0.141065
0.156924
0.150281
0.173569
0.199349
0.142284
0.152962
0.150650
0.142156
0.169078
0.148983
0.163466
0.239968
0.159626
0.185269
0.151331
0.154624
0.144942
0.142388
0.153124
0.148182
0.148872
0.171456
0.145385
0.143651
0.159026
0.145854
0.142009
0.156769
0.145447
0.150966
0.143374
0.149692
0.184414
0.208436
0.141982
0.140976
0.146586
0.152579
0.146277
0.140470
0.142186
0.148227
0.204598
0.153706
0.156311
0.154500
0.147813
0.156361
0.164950
0.142355
0.145446
0.150724
0.145928
0.152007
0.148159
0.142934
0.149653
0.139910
0.155788
0.175614
0.167928
0.142489
0.145951
0.152142
0.153177
0.145363
0.174523
0.170509
0.158281
0.158097
0.146103
0.194876
0.141716
0.143851
0.163392
0.144730
0.139260
0.143615
0.165796
0.146325
0.181813
0.141972
0.191311
0.163057
0.156549
0.144648
0.145689
0.147229
0.140675
0.143149
0.150589
0.147930
0.150096
0.144374
0.146969
0.147524
0.177879
0.153266
0.144304
0.155845
0.143229
0.209841
0.153382
0.160461
0.144948
0.206879
0.173237
0.202933
0.237292
0.191971
0.161527
0.224538
0.154872
0.156287
0.230107
0.162271
0.154850
0.173033
0.207364
0.211126
0.155424
0.234126
0.216291
0.187540
0.141011
0.142631
0.140087
0.171813
0.174932
0.144940
0.153840
0.161851
0.168973
0.153250
0.155441
0.161198
0.148769
0.163025
0.174046
0.145840
0.185869
0.192006
0.142163
0.139627
0.142935
0.188517
0.198246
0.171018
0.153790
0.152881
0.148480
0.139865
0.140168
0.155029
0.157452
0.146408
0.153275
0.154999
0.168534
0.151202
0.151654
0.147707
0.167920
0.166358
0.139461
0.148202
0.150813
0.153699
0.168834
0.167932
0.138998
0.140711
0.150644
0.162972
0.154683
0.182331
0.154880
0.147535
0.148664
0.137149
0.138026
0.155965
0.170168
0.144573
0.138779
0.146414
0.144516
0.145524
0.171631
0.153376
0.162663
0.150591
0.142528
0.142093
0.151927
0.158886
0.154084
0.157536
0.137543
0.157671
0.163167
0.147241
0.157330
0.169698
0.221138
0.178168
0.155604
0.142969
0.149389
0.185676
0.144158
0.156474
0.181058
0.141888
0.150014
0.151905
0.154244
