0.00
0.59
0.61
0.50
0.41
0.48
0.50
0.53
0.50
0.45
0.45
0.48
0.45
0.49
0.49
0.53
0.50
0.49
0.45
0.52
0.49
0.50
0.48
0.54
0.55
0.60
0.57
0.54
0.57
0.51
0.47
0.48
0.43
0.46
0.50
0.48
0.50
0.47
0.49
0.51
0.47
0.48
0.47
0.49
0.52
0.53
0.47
0.48
0.48
0.44
0.44
0.47
0.51
0.45
0.49
0.48
0.51
0.43
0.45
0.42
0.43
0.38
0.37
0.40
0.38
0.50
0.54
0.53
0.48
0.50
0.53
0.52
0.42
0.40
0.39
0.40
0.41
0.50
0.47
0.48
0.54
0.54
0.51
0.54
0.54
0.52
0.41
0.39
0.35
0.44
0.49
0.46
0.50
0.47
0.52
0.51
0.45
0.44
0.40
0.36
0.37
0.36
0.43
0.51
0.44
0.51
0.51
0.53
0.43
0.55
0.50
0.42
0.36
0.34
0.34
0.36
0.42
0.44
0.50
0.45
0.44
0.50
0.38
0.43
0.38
0.34
0.37
0.31
0.36
0.40
0.48
0.54
0.48
0.49
0.42
0.47
0.38
0.31
0.32
0.37
0.36
0.36
0.30
0.27
0.29
0.27
0.41
0.33
0.36
0.33
0.34
0.25
0.28
0.27
0.33
0.30
0.29
0.48
0.51
0.41
0.39
0.35
0.34
0.38
0.38
0.40
0.43
0.46
0.53
0.54
0.40
0.38
0.38
0.29
0.23
0.36
0.41
