0.00
239.71
292.47
200.52
156.04
168.45
179.76
199.95
178.25
134.14
155.48
198.64
172.91
207.04
176.94
227.45
244.65
204.09
168.21
219.99
189.55
194.68
170.30
236.09
246.96
287.29
251.39
221.07
259.36
193.15
170.92
164.16
126.48
155.03
177.70
168.40
182.29
153.96
172.33
175.22
141.41
169.46
184.28
197.23
239.23
203.07
166.78
160.03
163.62
140.68
162.53
162.00
197.36
150.04
179.99
181.24
190.98
162.14
150.82
139.74
141.17
123.27
126.29
138.78
136.53
196.32
213.47
207.38
188.06
192.72
220.28
204.45
162.77
164.53
153.57
111.89
133.85
181.91
197.78
193.30
218.29
235.91
179.90
248.11
237.83
214.05
145.36
146.66
127.84
166.19
211.55
197.54
213.02
180.33
221.39
249.02
213.84
224.82
147.14
134.03
127.49
130.17
191.72
250.38
178.44
223.44
229.48
253.03
171.99
240.42
234.84
167.57
138.42
105.73
127.86
140.24
177.40
188.49
218.93
214.52
174.17
202.94
174.22
182.18
156.30
137.18
146.73
123.88
125.11
174.69
220.97
239.33
217.38
222.40
163.18
199.66
135.78
114.70
148.01
168.12
155.34
151.19
119.95
105.68
103.24
110.40
166.72
111.51
117.11
114.75
125.13
108.33
94.04
88.64
116.82
103.54
112.31
215.27
213.66
112.00
119.65
85.72
101.51
107.30
101.08
142.13
176.31
159.39
234.36
236.55
169.41
113.59
129.41
125.97
124.99
168.46
176.13
