0.015232
0.165285
0.137505
0.144530
0.152257
0.144065
0.153361
0.185395
0.147349
0.160026
0.140995
0.149132
0.146814
0.152198
0.150058
0.144974
0.147656
0.147867
0.149636
0.164353
0.169284
0.181634
0.207842
0.155547
0.159815
0.137652
0.164347
0.159564
0.183144
0.159492
0.147849
0.138475
0.149015
0.154842
0.143383
0.151227
0.139310
0.146820
0.168068
0.141967
0.137698
0.195649
0.129077
0.129318
0.158042
0.170416
0.150680
0.137370
0.144969
0.202012
0.162873
0.135789
0.138164
0.157175
0.146466
0.150781
0.142503
0.145832
0.176643
0.142933
0.151037
0.164609
0.211029
0.167494
0.158798
0.145466
0.162546
0.142637
0.135845
0.146739
0.187988
0.165484
0.148204
0.150829
0.155836
0.161997
0.182982
0.161312
0.155040
0.149679
0.146166
0.144356
0.143572
0.138006
0.147253
0.148578
0.190343
0.164990
0.148714
0.144356
0.139669
0.180804
0.178673
0.147476
0.147914
0.147610
0.146532
0.137889
0.159775
0.155750
0.164831
0.165060
0.154541
0.145228
0.156529
0.144258
0.176738
0.157960
0.147697
0.150481
0.149159
0.195458
0.156632
0.155706
0.170372
0.165803
0.149768
0.173661
0.142919
0.155346
0.138727
0.138619
0.141078
0.169739
0.240809
0.208166
0.166523
0.156447
0.161349
0.145185
0.147245
0.145915
0.195515
0.157997
0.153332
0.193385
0.164519
0.160356
0.144362
0.138488
0.142872
0.150867
0.151822
0.138793
0.190454
0.225396
0.189130
0.172569
0.200627
0.150556
0.170588
0.146763
0.149936
0.147616
0.173593
0.138803
0.147689
0.180656
0.173295
0.162103
0.147093
0.177286
0.228943
0.170366
0.156083
0.146274
0.144239
0.142216
0.146557
0.155033
0.145003
0.161646
0.139976
0.138032
0.173337
0.166586
0.146532
