0.00
291.28
307.16
328.62
366.75
258.75
350.05
322.10
213.07
197.24
214.37
182.30
400.24
273.96
381.31
291.06
296.52
329.32
253.03
374.95
263.50
403.22
332.95
370.11
328.20
348.78
357.00
296.36
330.65
298.45
346.22
365.36
362.79
337.33
342.92
299.20
341.08
333.84
279.34
329.20
270.96
230.70
280.65
297.54
333.42
317.39
206.98
347.38
272.41
224.97
237.98
163.66
179.91
201.53
336.98
175.60
283.25
328.72
206.58
351.53
346.94
223.79
291.76
216.88
191.61
311.51
325.36
301.24
429.47
416.99
248.87
364.35
443.50
394.78
354.81
366.01
355.59
321.27
169.00
197.07
307.69
194.20
288.39
334.99
397.15
290.49
249.85
257.65
367.84
329.86
345.10
441.27
368.26
321.10
302.58
323.86
292.68
325.24
308.18
274.24
377.02
312.45
354.84
372.21
319.48
297.35
183.12
292.02
282.10
277.77
198.82
267.11
312.33
318.87
264.77
321.12
357.04
215.46
147.98
309.39
278.39
286.21
165.32
316.04
319.23
214.20
328.47
308.11
347.62
405.31
314.59
314.33
266.86
304.70
325.86
260.83
234.78
218.21
199.73
197.81
171.83
250.43
144.67
207.82
228.35
176.88
101.98
165.60
210.45
113.16
159.21
229.14
184.22
218.96
164.19
92.78
114.13
139.18
117.11
208.43
153.58
134.50
152.70
177.16
207.03
280.64
257.54
104.04
186.49
104.50
126.46
107.12
64.34
77.15
151.00
120.57
137.58
109.51
228.52
191.55
191.50
111.66
145.04
87.27
129.71
114.92
119.56
103.38
142.81
120.41
180.23
255.43
162.55
196.85
310.22
280.79
211.24
222.71
120.48
239.71
169.72
131.87
190.29
137.16
236.61
228.39
238.57
249.41
292.16
165.81
221.61
194.07
163.55
153.06
186.89
174.85
136.39
93.42
273.18
188.29
175.85
171.33
177.40
253.07
212.38
175.29
157.07
81.45
80.82
163.19
93.29
168.87
107.86
171.20
257.45
119.97
155.64
180.28
226.25
167.65
216.20
236.64
176.28
250.86
165.32
142.29
141.16
128.88
78.50
114.16
102.56
119.37
102.26
128.79
152.18
110.08
67.23
84.71
417.61
319.18
396.59
373.41
407.81
329.53
416.92
461.62
357.44
368.92
437.29
416.90
351.39
400.70
313.33
451.57
406.74
415.19
355.85
390.65
418.72
382.22
455.68
421.48
414.96
409.60
417.41
409.86
460.02
430.88
402.13
364.94
382.10
379.14
354.09
411.50
435.33
407.28
390.18
397.02
371.81
416.90
379.02
419.92
378.91
383.70
427.27
441.21
429.59
430.90
426.62
