0.00
0.59
0.47
0.43
0.40
0.39
0.26
0.46
0.55
0.54
0.53
0.55
0.49
0.50
0.50
0.59
0.50
0.51
0.45
0.45
0.46
0.29
0.22
0.23
0.27
0.22
0.28
0.25
0.34
0.18
0.14
0.22
0.19
0.25
0.16
0.13
0.39
0.45
0.21
0.21
0.42
0.18
0.43
0.27
0.41
0.22
0.33
0.31
0.34
0.28
0.40
0.29
0.42
0.22
0.26
0.22
0.36
0.22
0.34
0.36
0.40
0.45
0.31
0.45
0.28
0.29
0.20
0.18
0.27
0.19
0.34
0.26
0.27
0.32
0.40
0.43
0.33
0.31
0.20
0.24
0.09
0.24
0.20
0.14
0.38
0.23
0.18
0.12
0.22
0.10
0.23
0.17
0.36
0.26
0.39
0.44
0.36
0.46
0.22
0.23
0.24
0.39
0.42
0.38
0.40
0.33
0.37
0.47
0.48
0.57
0.68
0.68
0.67
0.68
0.62
0.54
0.52
0.57
0.51
0.50
0.51
0.51
0.45
0.60
0.61
0.62
0.61
0.53
0.65
0.59
0.55
0.55
0.59
0.45
0.55
0.54
0.53
0.54
0.54
0.54
0.57
0.40
0.42
0.45
0.39
0.51
0.31
0.45
0.28
