0.00
0.59
0.64
0.65
0.62
0.64
0.62
0.67
0.68
0.67
0.71
0.65
0.60
0.70
0.67
0.68
0.71
0.69
0.67
0.66
0.68
0.64
0.65
0.69
0.71
0.74
0.71
0.72
0.68
0.68
0.32
0.72
0.58
0.74
0.67
0.70
0.68
0.70
0.65
0.63
0.67
0.67
0.65
0.56
0.64
0.73
0.59
0.56
0.58
0.58
0.59
0.58
0.54
0.74
0.51
0.56
0.60
0.53
0.53
0.51
0.61
0.71
0.53
0.64
0.63
0.63
0.53
0.48
0.50
0.40
0.61
0.51
0.49
0.59
0.48
0.55
0.41
0.54
0.51
0.39
0.27
0.23
0.26
0.29
0.38
0.31
0.43
0.34
0.48
0.35
0.18
0.22
0.14
0.27
0.20
0.20
0.21
0.22
0.17
0.22
0.32
0.38
0.30
0.28
0.25
0.38
0.39
0.39
0.29
0.37
0.28
0.29
0.22
0.20
0.23
0.18
0.19
0.12
0.11
0.15
0.08
0.17
0.26
0.16
0.24
0.22
0.14
0.28
0.14
0.09
0.11
0.20
0.30
0.17
0.34
0.28
0.34
0.30
0.34
0.24
0.34
0.14
0.16
0.18
0.14
0.07
0.14
