0.021163
0.142447
0.161690
0.148614
0.141254
0.142782
0.141322
0.137914
0.142465
0.213346
0.152427
0.188997
0.174819
0.162959
0.138410
0.145236
0.156821
0.145935
0.185247
0.167317
0.188227
0.208652
0.143239
0.167073
0.149133
0.162019
0.152228
0.147602
0.140691
0.141135
0.161960
0.164174
0.168891
0.156939
0.180672
0.173403
0.156310
0.158351
0.146863
0.162077
0.139544
0.136584
0.145295
0.191393
0.188145
0.142080
0.147527
0.140207
0.196984
0.153273
0.144362
0.163070
0.170980
0.145453
0.151929
0.158306
0.140050
0.158177
0.138024
0.145907
0.138093
0.170362
0.158399
0.143686
0.144669
0.137609
0.179271
0.174903
0.202010
0.175783
0.153205
0.139421
0.142506
0.148163
0.134492
0.140858
0.157237
0.165104
0.153363
0.153743
0.142084
0.143576
0.154709
0.183958
0.144271
0.133566
0.119750
0.117006
0.116992
0.131136
0.132491
0.130839
0.129163
0.130551
0.117983
0.131549
0.121052
0.133623
0.120307
0.117349
0.121895
0.118709
0.149595
0.142408
0.142130
0.132092
0.117527
0.155824
0.121074
0.121437
0.116200
0.119140
0.121248
0.121448
0.118324
0.135762
0.119687
0.125649
0.126947
0.131545
0.146485
0.130310
0.126588
0.119953
0.127526
0.155649
0.127279
0.117342
0.121404
0.125982
0.117121
0.139924
0.113200
0.145319
0.131970
0.121483
0.120310
0.130964
0.165587
0.169327
0.165316
0.169378
0.144033
0.150577
0.158709
0.143511
0.160755
0.144568
0.159382
0.136829
0.161475
0.175382
0.239576
0.145624
0.147669
0.144219
0.140734
0.158041
0.151899
0.145143
0.185296
0.144064
0.142890
0.147571
0.134811
0.139906
0.136162
0.135787
0.190647
0.150118
0.155094
0.157732
0.142075
0.192650
0.154771
0.139338
0.149357
0.153264
0.191143
0.162198
0.169064
0.162005
0.135256
0.143719
0.117896
0.114492
0.118249
0.148617
0.128462
0.125260
0.150477
0.135920
0.122499
0.119791
0.131982
0.120239
0.166939
0.178383
0.143722
0.144987
0.142725
0.122550
0.136518
0.122214
0.131807
0.121633
0.123991
0.132717
0.170970
0.189048
0.146999
0.129855
0.115607
0.131663
0.144870
0.113341
0.129841
0.123323
0.150386
0.134919
0.133451
0.114133
0.151918
0.141991
0.141245
0.143347
0.151147
0.140838
0.150275
0.136468
0.222273
0.138159
0.157134
0.139912
0.150564
0.155029
0.146902
0.138025
0.146426
0.143663
0.139674
0.143646
0.139933
0.162115
0.139354
0.141020
0.140361
0.138518
0.170648
0.142588
0.130480
0.141356
0.146938
0.134312
0.135643
0.164910
0.156902
0.152164
0.173718
0.157986
0.158171
0.139474
0.167245
0.142090
0.139321
0.129295
0.139825
0.155883
0.159521
0.150853
0.174158
0.145374
0.151171
0.145244
0.136156
0.145213
0.139002
0.143447
0.149117
0.144458
0.134121
0.137949
0.133832
0.136523
0.137178
0.164805
0.150072
0.175221
0.153771
0.158046
0.168951
0.146452
0.160461
0.201888
0.217668
0.141568
0.144813
0.165108
0.147853
0.209131
0.151379
0.176221
0.171439
0.138512
0.177183
0.151742
0.162770
0.168759
0.143213
0.158255
0.179760
0.167258
0.143902
0.154381
0.143936
0.149411
0.144598
0.144498
0.164348
0.145067
0.138569
0.172868
0.137179
0.146228
0.146377
0.140276
0.201089
0.139801
0.139926
0.139570
0.132961
0.138735
0.137259
0.133506
0.139397
0.121138
0.154719
0.124960
0.139742
0.126604
0.124394
0.156354
0.122041
0.129320
0.113363
0.126943
0.136906
0.113156
0.130589
0.130556
0.156361
0.131402
0.134138
0.119756
0.146920
0.128441
0.130818
0.145866
0.143275
0.125342
0.132927
0.118145
0.140827
0.136637
0.117662
0.179423
0.152351
0.124659
0.130968
0.118340
0.174287
0.136922
0.131672
0.114847
0.129755
0.132529
0.165227
0.125655
0.127528
0.118593
0.136938
0.155734
0.126679
0.137048
0.114616
0.162639
0.139628
0.132408
0.127771
0.116944
0.127967
0.133848
0.123120
0.163120
0.136606
0.126719
0.195616
0.150642
0.130061
0.152255
0.141647
0.143907
0.125450
0.138699
0.127005
0.121134
0.135259
0.143626
0.149045
0.152879
0.172013
0.186077
0.141981
0.148281
0.148482
0.147886
0.149292
0.185983
0.171828
0.161997
0.187738
0.142585
0.142353
0.141135
0.134961
0.150438
0.156743
