0.00
232.27
400.45
313.27
190.65
402.29
306.99
248.06
252.09
275.48
372.91
310.23
202.31
233.62
241.54
354.47
367.25
292.09
238.27
208.60
294.37
296.13
334.29
261.43
284.60
210.01
207.96
192.24
274.13
256.09
244.80
216.44
269.12
232.13
255.18
149.73
226.14
242.75
202.64
255.35
259.40
237.15
270.15
261.72
214.59
240.62
207.34
273.27
337.15
350.31
334.17
291.29
335.33
206.87
310.97
208.29
321.72
239.48
331.07
167.81
267.04
324.96
329.85
319.38
315.63
282.78
264.26
263.50
290.40
284.92
215.10
353.80
390.01
380.37
376.96
368.70
348.60
373.55
360.79
346.52
340.38
340.80
378.54
345.70
374.12
230.82
204.81
341.52
269.00
200.55
258.38
280.60
278.30
334.69
278.00
297.79
242.74
278.41
277.45
246.30
273.22
180.82
201.65
175.57
287.36
245.35
310.18
391.80
449.90
401.67
449.43
336.16
364.22
360.88
352.55
331.45
356.24
344.37
323.97
347.49
342.06
327.52
285.98
228.58
265.36
214.96
252.39
276.99
265.12
268.13
318.16
292.77
274.71
292.11
293.15
306.41
312.98
303.85
327.61
333.45
338.61
324.84
309.39
288.88
312.37
339.96
333.21
311.69
324.43
307.66
342.51
377.03
402.54
356.19
359.89
366.32
353.29
376.75
378.27
384.25
387.88
399.24
395.06
404.85
394.74
382.48
358.54
341.82
342.59
325.92
374.05
373.11
347.88
315.41
323.29
345.46
361.61
354.14
359.30
316.72
274.47
292.19
358.20
341.70
329.93
412.42
364.17
282.50
300.69
320.20
373.86
334.52
337.38
363.80
310.09
283.85
244.15
173.34
166.29
181.36
180.62
236.54
232.94
245.45
289.12
266.54
296.10
247.34
292.31
228.33
300.28
275.61
346.99
307.11
328.06
328.74
294.43
305.10
286.00
253.92
294.11
344.04
365.44
339.09
367.30
387.88
375.62
335.26
351.90
296.02
330.97
354.40
332.30
369.44
359.11
330.78
350.19
363.71
371.41
299.73
312.34
338.64
347.61
266.46
304.30
317.25
310.94
299.80
353.72
355.97
355.74
306.70
302.80
331.86
297.08
328.67
312.66
279.83
293.18
319.88
264.80
266.77
256.78
248.07
240.16
306.44
323.70
341.01
339.77
325.00
334.96
334.30
349.11
350.23
311.29
268.14
294.51
303.80
271.28
342.80
315.66
362.26
322.59
294.43
346.38
311.03
330.70
336.50
329.82
316.66
338.93
349.48
283.70
293.09
248.63
267.97
335.46
319.63
274.30
319.82
360.57
358.86
359.35
382.05
353.78
393.10
326.78
366.98
373.77
321.85
340.26
248.86
299.03
340.94
357.80
350.31
381.82
341.08
310.77
281.45
311.56
321.43
280.94
336.28
292.27
312.18
348.87
244.33
330.37
342.15
335.58
330.73
323.99
335.94
314.34
388.38
338.69
374.59
380.72
374.89
370.43
320.28
361.01
291.52
338.91
305.39
302.53
313.51
274.75
287.84
262.90
306.23
267.40
269.52
277.50
315.20
228.08
281.64
275.24
265.29
280.16
272.35
207.41
260.95
256.03
250.64
276.16
278.67
234.54
267.39
251.99
269.00
245.74
246.98
220.47
240.74
240.75
237.39
260.29
188.17
189.77
225.85
217.08
259.26
272.65
248.00
287.27
258.06
273.69
223.12
295.80
285.15
300.82
298.03
238.57
247.67
221.85
298.86
290.43
250.28
248.56
261.22
206.10
155.09
232.06
241.84
205.70
260.61
268.77
306.26
188.04
221.04
266.12
251.38
245.63
159.83
167.64
161.95
177.73
158.54
107.58
164.50
114.84
100.83
150.12
69.00
131.18
