0.036446
0.194553
0.165892
0.177821
0.158121
0.156626
0.136642
0.141880
0.173071
0.157138
0.150648
0.161948
0.167893
0.152847
0.154156
0.165639
0.143072
0.143970
0.140902
0.143162
0.162490
0.189879
0.148437
0.152902
0.141316
0.142086
0.146651
0.139273
0.146093
0.155429
0.166848
0.140345
0.147519
0.137632
0.138377
0.142535
0.157707
0.178498
0.155824
0.165928
0.140067
0.151266
0.148004
0.143238
0.137065
0.154643
0.174842
0.170592
0.164183
0.157102
0.160335
0.148009
0.144897
0.147479
0.159319
0.152893
0.147669
0.151746
0.167159
0.156169
0.160289
0.151068
0.150537
0.151754
0.160597
0.146273
0.171027
0.172788
0.144297
0.147551
0.151103
0.150573
0.150413
0.184158
0.148856
0.158083
0.151124
0.183031
0.142397
0.144738
0.143621
0.148105
0.136876
0.138009
0.158286
0.148447
0.138396
0.153565
0.183481
0.139677
0.135880
0.146221
0.148421
0.150083
0.142964
0.143376
0.137457
0.136627
0.154598
0.145154
0.144501
0.153835
0.148801
0.134924
0.141875
0.154684
0.137689
0.151269
0.136735
0.154258
0.153525
0.158202
0.162548
0.144020
0.149283
0.158647
0.147886
0.148760
0.148771
0.130583
0.152647
0.147473
0.146905
0.152602
0.169786
0.235498
0.160076
0.142929
0.161303
0.158761
0.157444
0.140991
0.142315
0.147017
0.141772
0.207476
0.152260
0.154438
0.147117
0.152026
0.137203
0.163208
0.160309
0.164409
0.170241
0.190046
0.160691
0.141948
0.180859
0.187636
0.153172
0.157444
0.138457
0.142939
0.136304
0.134699
0.173664
0.137266
0.143704
0.152054
