0.00
0.65
0.66
0.52
0.67
0.63
0.67
0.70
0.73
0.76
0.73
0.68
0.59
0.65
0.62
0.60
0.64
0.62
0.58
0.63
0.58
0.63
0.58
0.61
0.64
0.59
0.60
0.62
0.59
0.64
0.70
0.70
0.62
0.51
0.60
0.61
0.55
0.55
0.55
0.55
0.54
0.53
0.51
0.54
0.53
0.51
0.53
0.51
0.47
0.51
0.46
0.52
0.47
0.56
0.49
0.56
0.61
0.52
0.54
0.54
0.56
0.53
0.56
0.60
0.58
0.60
0.66
0.62
0.58
0.54
0.60
0.60
0.61
0.58
0.55
0.55
0.69
0.61
0.59
0.58
0.66
0.68
0.69
0.73
0.75
0.75
0.75
0.75
0.74
0.72
0.74
0.73
0.73
0.71
0.74
0.67
0.72
0.66
0.69
0.63
0.49
0.55
0.62
0.54
0.52
0.52
0.47
0.48
0.49
0.57
0.47
0.61
0.46
0.49
0.51
0.55
0.44
0.41
0.37
0.36
0.24
0.32
0.21
0.37
0.32
0.38
0.35
0.46
0.46
0.49
0.47
0.56
0.49
0.51
0.50
0.59
0.49
0.55
0.49
0.51
0.46
0.49
0.48
0.56
0.55
0.56
0.57
0.53
0.53
0.51
0.56
0.56
0.53
0.59
0.64
0.58
0.67
0.52
0.59
0.69
