0.00
357.90
373.33
216.36
381.80
341.28
371.84
409.92
437.48
488.88
437.24
356.39
270.69
322.73
298.12
286.39
320.55
310.16
267.37
306.97
269.08
311.81
261.46
276.18
316.07
277.60
275.92
292.79
280.20
302.34
355.38
359.23
264.06
189.19
262.76
334.85
223.23
220.60
211.31
223.99
195.81
189.80
179.04
216.63
197.55
179.61
209.14
187.93
167.20
219.03
155.21
198.95
165.75
242.12
186.29
249.96
278.96
207.77
233.17
227.96
223.98
236.41
245.81
237.24
243.86
258.73
323.85
298.37
246.61
219.26
275.71
268.75
290.91
263.17
243.79
252.08
395.36
297.09
282.34
264.48
355.81
373.45
375.19
408.21
436.32
451.04
442.90
447.11
436.30
399.61
425.83
421.54
408.19
402.42
426.09
344.66
403.77
336.73
371.37
294.01
183.19
218.61
287.03
209.92
202.67
208.46
136.38
152.19
172.77
230.17
154.35
256.12
171.91
222.86
242.47
253.24
183.29
166.15
137.58
131.72
77.42
143.11
92.99
163.40
117.23
146.09
150.19
293.38
238.37
250.45
201.10
264.37
213.25
221.20
208.70
277.44
166.47
239.30
184.08
195.96
148.91
185.78
158.98
228.93
244.22
273.57
291.50
233.35
226.06
202.49
262.34
252.17
219.91
276.86
340.98
285.41
376.75
207.10
267.40
395.31
