0.00
0.60
0.50
0.45
0.46
0.48
0.49
0.43
0.50
0.42
0.50
0.36
0.32
0.41
0.54
0.51
0.48
0.62
0.46
0.60
0.50
0.47
0.51
0.52
0.49
0.57
0.55
0.55
0.62
0.58
0.73
0.73
0.73
0.72
0.70
0.64
0.66
0.58
0.60
0.71
0.60
0.68
0.67
0.61
0.66
0.69
0.70
0.68
0.65
0.59
0.54
0.56
0.68
0.54
0.56
0.55
0.59
0.58
0.63
0.56
0.56
0.61
0.57
0.61
0.71
0.67
0.61
0.51
0.50
0.55
0.53
0.43
0.46
0.56
0.33
0.40
0.26
0.29
0.37
0.37
0.45
0.50
0.55
0.55
0.56
0.62
0.61
0.64
0.58
0.72
0.74
0.67
0.70
0.66
0.69
0.58
0.53
0.63
0.53
0.54
0.56
0.58
0.52
0.46
0.43
0.55
0.52
0.66
0.67
0.66
0.59
0.64
0.59
0.62
0.72
0.66
0.72
0.67
0.69
0.70
0.68
