0.00
276.49
166.66
140.37
149.58
173.61
189.49
140.93
201.91
121.27
212.29
122.30
102.38
154.73
201.07
200.35
190.29
292.34
170.03
290.97
201.64
171.29
195.75
198.49
180.36
241.78
236.20
258.97
305.86
285.53
438.68
437.58
446.80
435.83
406.89
337.21
355.46
283.95
299.26
400.36
289.70
371.05
361.74
289.82
332.99
360.72
385.49
375.04
332.79
278.40
233.23
256.72
361.07
238.40
253.43
249.27
285.01
290.48
327.14
267.40
270.79
315.94
294.66
326.25
414.34
346.69
283.08
196.85
173.47
199.61
222.70
186.96
198.28
231.79
180.78
171.05
202.66
210.73
243.11
299.13
229.60
204.98
272.63
258.57
245.69
302.90
288.00
330.25
250.85
424.04
466.92
327.63
356.12
332.81
355.25
234.75
199.71
304.64
193.48
253.54
253.36
300.24
254.33
248.77
233.78
234.94
220.26
348.52
366.11
358.64
296.57
324.72
272.78
325.92
407.79
336.59
407.88
345.57
369.22
380.25
351.98
