0.022180
0.182094
0.142647
0.163546
0.206630
0.176749
0.186789
0.187118
0.194263
0.162758
0.187257
0.147573
0.150703
0.181183
0.170341
0.198025
0.159599
0.183616
0.163538
0.183394
0.159138
0.153554
0.153447
0.160214
0.159697
0.162158
0.160052
0.206939
0.174975
0.161190
0.164462
0.162966
0.206239
0.170148
0.158590
0.190850
0.195168
0.174798
0.186751
0.162334
0.178186
0.155605
0.157023
0.148237
0.179249
0.143965
0.163674
0.170983
0.152114
0.145254
0.146556
0.167753
0.164687
0.148243
0.151424
0.152101
0.144835
0.158389
0.143772
0.148534
0.143149
0.140066
0.143526
0.181359
0.154645
0.146764
0.165611
0.151935
0.175050
0.234587
0.150959
0.151411
0.156218
0.149290
0.151206
0.179132
0.160260
0.171627
0.168447
0.189545
0.168140
0.158221
0.169932
0.176472
0.178171
0.152137
0.162203
0.155716
0.161572
0.142586
0.157733
0.164888
0.169333
0.158399
0.163223
0.157396
0.148943
0.158978
0.202880
0.168065
0.171203
0.162056
0.132168
0.150353
0.126039
0.127123
0.133751
0.148286
0.136674
0.124387
0.128553
0.141499
0.120739
0.122133
0.132749
0.134111
0.135617
0.149531
0.150283
0.196340
0.146311
