0.00
0.57
0.54
0.78
0.65
0.66
0.56
0.69
0.71
0.73
0.69
0.73
0.73
0.74
0.72
0.74
0.68
0.73
0.75
0.75
0.72
0.72
0.65
0.73
0.57
0.63
0.69
0.73
0.63
0.61
0.67
0.60
0.57
0.71
0.54
0.60
0.54
0.63
0.53
0.63
0.64
0.65
0.59
0.63
0.64
0.66
0.48
0.60
0.43
0.52
0.44
0.53
0.43
0.53
0.33
0.42
0.44
0.58
0.48
0.43
0.56
0.53
0.42
0.73
0.42
0.53
0.54
0.50
0.59
0.57
0.59
0.43
0.53
0.60
0.67
0.74
0.70
0.70
0.50
0.61
0.57
0.71
0.65
0.58
0.63
0.64
0.69
0.66
0.68
0.67
0.58
0.59
0.47
0.60
0.57
0.42
0.51
0.51
0.52
0.57
0.50
0.52
0.52
0.68
0.63
0.70
0.58
0.68
0.65
0.67
0.58
0.63
0.67
0.61
0.45
0.42
0.46
0.50
0.44
0.39
0.44
0.48
0.50
0.50
0.56
0.53
0.58
0.54
0.57
0.65
0.60
0.50
0.59
0.49
0.41
0.62
0.47
0.52
0.53
0.53
0.53
0.66
0.54
0.61
0.65
0.52
0.54
0.55
0.73
0.53
0.54
0.62
0.65
0.64
0.67
0.54
0.58
0.57
0.57
0.60
0.63
0.67
0.70
0.61
0.59
0.63
0.61
0.64
0.68
0.62
0.66
0.66
0.66
0.56
0.65
0.54
0.59
0.64
0.70
0.54
0.60
0.56
0.54
0.54
0.66
0.59
0.53
0.58
0.63
0.65
0.67
0.74
0.61
0.71
0.48
0.61
0.69
0.62
0.63
0.61
0.76
0.79
0.77
0.79
0.76
0.68
0.79
0.80
0.82
0.81
0.82
0.75
0.83
0.83
0.84
0.84
0.84
0.73
0.76
0.71
0.71
0.60
0.60
0.50
0.46
0.54
0.54
0.48
0.49
0.54
0.54
0.64
0.68
0.59
0.64
0.63
0.43
0.39
0.62
0.49
0.46
0.34
0.51
0.45
0.54
0.58
0.49
0.49
0.59
0.57
0.59
0.51
0.67
0.50
0.67
0.69
0.74
0.72
0.73
0.70
0.75
0.75
0.79
0.75
0.71
0.58
0.58
0.64
0.76
0.63
0.59
0.35
0.50
0.58
0.63
0.49
0.47
