0.00
270.66
238.80
480.42
349.03
364.67
260.90
400.01
407.12
427.27
394.00
433.89
434.10
445.62
426.98
442.69
380.91
431.70
453.85
453.21
426.45
411.85
358.91
446.52
276.89
330.28
405.82
440.08
337.56
319.84
410.23
316.64
276.37
421.98
242.04
312.80
270.68
328.58
228.97
312.25
332.44
342.92
338.10
314.95
352.62
347.75
245.78
345.85
231.96
234.76
141.10
243.08
175.15
210.98
103.67
141.77
140.65
313.12
174.11
172.51
280.30
226.39
131.17
427.07
137.26
204.87
265.07
206.62
268.82
237.99
266.20
146.96
228.17
289.85
351.29
441.12
398.95
406.13
213.90
313.50
271.78
416.50
355.61
274.14
349.16
350.61
397.35
367.19
378.40
373.85
281.89
267.95
165.76
264.33
243.61
133.53
210.95
178.15
180.28
249.23
165.75
197.60
214.17
409.28
332.31
419.77
273.42
424.77
355.01
427.83
311.16
341.86
387.90
357.53
192.22
213.44
200.77
222.14
186.08
156.37
171.28
200.88
216.73
195.70
231.96
220.72
260.50
209.01
253.37
338.95
284.90
205.98
276.71
199.18
139.78
298.28
179.52
213.26
264.87
216.67
216.05
367.51
231.53
294.91
359.77
219.48
245.01
249.41
413.66
241.47
251.54
341.50
353.63
335.02
330.11
231.07
274.13
270.59
245.75
267.76
317.33
372.88
379.19
314.41
271.21
314.75
306.54
323.76
376.52
312.73
336.95
348.17
363.68
246.41
334.84
260.62
282.45
345.66
377.53
260.64
314.45
250.78
211.27
215.76
364.43
268.75
207.09
286.25
308.49
334.66
334.72
430.93
307.98
443.40
165.85
303.06
374.41
308.30
314.11
316.18
454.37
493.34
466.39
487.54
476.20
409.23
499.15
507.01
521.24
517.88
519.97
488.00
528.46
533.40
539.49
531.63
531.03
469.76
458.29
416.03
390.16
303.91
289.16
223.92
165.51
213.92
250.32
183.34
187.57
221.66
230.95
312.23
366.17
279.32
327.87
391.09
155.66
143.55
321.23
214.80
174.69
120.58
182.71
146.37
253.61
243.90
182.42
225.70
268.47
279.27
243.49
232.89
380.75
275.12
411.74
419.02
455.58
467.39
478.44
502.52
497.63
496.76
506.85
488.82
454.63
390.92
314.96
391.06
474.51
380.90
328.36
259.76
255.88
295.92
337.10
186.52
171.45
