0.00
381.44
279.46
357.27
406.71
401.82
267.15
270.00
324.83
257.77
286.37
344.39
317.97
297.00
251.73
287.76
269.05
179.46
299.68
260.60
233.59
295.28
237.44
323.01
163.50
250.76
223.87
224.07
304.11
209.91
243.10
306.85
272.32
343.88
298.70
333.54
317.79
180.07
215.93
323.54
417.93
325.43
340.04
403.24
388.21
274.99
384.42
274.27
224.69
261.90
241.12
151.07
259.59
289.08
214.62
288.79
249.76
357.91
344.11
341.77
229.75
286.41
254.21
322.02
380.98
416.59
433.55
326.97
394.77
360.48
251.37
381.35
276.98
265.09
