0.00
298.48
328.07
317.70
293.26
324.46
348.50
453.97
485.78
520.65
429.49
496.27
466.83
310.07
348.02
386.06
403.69
430.07
431.86
371.91
400.93
316.18
389.89
429.18
457.02
375.78
392.23
481.37
488.05
462.52
462.18
496.15
450.61
450.74
425.23
378.37
378.95
294.01
437.26
471.14
491.71
500.31
441.02
422.85
443.84
430.78
398.81
455.10
456.61
340.39
424.86
366.51
288.61
458.77
439.17
253.40
297.30
423.34
352.15
325.29
307.89
320.09
306.37
400.31
379.01
359.58
338.87
352.92
385.01
407.86
353.64
416.26
378.07
343.84
426.53
389.36
407.42
373.46
328.39
384.87
389.25
390.93
288.19
315.40
287.46
299.37
403.10
452.95
285.57
409.93
435.45
405.35
308.28
356.69
343.79
309.69
321.59
255.79
361.04
397.56
392.37
355.75
363.95
302.96
361.67
388.43
331.69
297.77
350.00
399.60
311.97
270.31
451.06
328.83
278.21
372.98
337.51
419.35
290.38
267.72
365.16
269.31
387.29
278.06
262.22
403.08
264.10
354.79
339.32
287.94
196.39
406.09
262.26
383.60
397.63
324.97
342.70
351.63
324.44
361.43
307.54
230.53
418.46
281.15
360.44
378.96
363.11
326.86
307.19
341.65
386.17
294.27
323.88
274.53
404.79
381.46
378.05
253.72
393.71
327.43
358.83
335.62
304.61
304.33
240.12
404.26
332.25
384.72
237.85
439.70
343.98
366.42
272.44
377.05
388.55
298.90
310.06
395.93
320.43
330.71
271.28
303.57
256.43
358.09
254.95
251.14
273.40
248.55
299.24
217.36
277.71
306.52
274.36
163.42
356.85
379.36
216.94
248.72
180.18
207.60
262.26
308.80
359.42
267.74
268.27
185.66
223.79
210.01
271.56
258.69
242.67
178.94
162.13
206.40
185.14
218.98
180.34
