0.030607
0.159585
0.138350
0.143422
0.145858
0.151512
0.152963
0.139457
0.159921
0.145014
0.143337
0.155390
0.145751
0.157226
0.134462
0.144747
0.146894
0.155670
0.158043
0.142366
0.143974
0.147689
0.139121
0.141510
0.133393
0.165718
0.132893
0.141456
0.136452
0.145103
0.153232
0.171133
0.142294
0.145142
0.149958
0.147340
0.158296
0.135298
0.140083
0.133631
0.163323
0.158757
0.149920
0.145468
0.133450
0.133152
0.164741
0.182548
0.140133
0.138297
0.148063
0.151213
0.141627
0.154718
0.140309
0.136211
0.179065
0.156101
0.150003
0.152605
0.189615
0.151210
0.152204
0.139345
0.167159
0.164535
0.138056
0.144844
0.137594
0.144913
0.142673
0.145933
0.135213
0.142915
0.140957
0.153390
0.139040
0.137071
0.146590
0.143635
0.145829
0.148418
0.140272
0.153032
0.165786
0.160969
0.148441
0.132649
0.140930
0.163704
0.144626
0.142873
0.149291
0.138569
0.141651
0.153924
0.144945
0.131417
0.158153
0.151937
0.138551
0.135456
0.148447
0.139456
0.149157
0.200341
0.165551
0.143390
0.142256
0.151947
0.166388
0.138705
0.134972
0.157299
0.139565
0.147225
0.169403
0.148816
0.147634
0.135461
0.167775
0.149145
0.145214
0.141994
0.142320
0.181769
0.228611
0.155217
0.149335
0.157695
0.142673
0.155169
0.141698
0.146620
0.159564
0.135249
0.141594
0.138716
0.143989
0.162765
0.136317
0.132240
0.185514
0.135913
0.135649
0.164403
0.163703
0.141345
0.143865
0.201182
0.227993
0.235438
0.161463
0.149824
0.142981
0.145285
0.141467
0.144075
0.138118
0.149509
0.140766
0.147944
0.141334
0.140548
0.133849
0.168036
0.137542
0.167140
0.147081
0.162266
0.150777
0.135631
0.155779
0.178807
0.165752
0.137931
0.137071
0.137550
0.147049
0.160698
0.143064
0.133789
0.174017
0.143221
0.146731
0.148123
0.143547
0.171588
0.211948
0.148147
0.143113
0.129694
0.169683
0.147765
0.136240
0.137285
0.147261
0.152602
0.161226
0.134680
0.146289
0.165208
0.170197
0.147363
0.138450
0.161723
0.132396
0.157958
0.148370
0.143230
0.143760
0.142698
0.147560
0.146403
0.176803
0.141270
0.143074
