0.00
470.90
480.11
492.74
441.11
429.18
473.31
398.15
504.25
483.52
437.64
443.92
495.06
448.39
464.13
431.19
442.01
370.46
503.46
439.89
483.23
428.49
419.52
461.62
415.90
384.39
464.90
440.88
430.56
438.77
397.66
482.20
491.87
432.59
468.44
479.90
440.79
462.32
501.55
489.03
376.12
463.37
332.73
439.37
381.86
502.12
343.53
318.56
315.31
267.86
414.34
345.00
233.14
445.91
346.11
516.43
400.09
449.86
437.11
391.49
354.41
425.98
387.99
355.04
325.64
290.41
322.09
411.76
360.13
356.02
443.08
394.61
499.98
523.34
492.31
517.49
421.63
429.76
429.60
299.29
352.74
382.92
435.45
491.57
