0.030153
0.156847
0.154808
0.148158
0.134053
0.139931
0.143324
0.163607
0.159522
0.148512
0.140231
0.146091
0.142659
0.145978
0.143291
0.156149
0.147303
0.152449
0.139926
0.151897
0.153620
0.159075
0.141294
0.144024
0.145394
0.159387
0.138415
0.154239
0.149629
0.154459
0.158801
0.149772
0.151200
0.161439
0.136428
0.152233
0.155079
0.168935
0.135688
0.140128
0.153019
0.174993
0.162767
0.139682
0.150900
0.170696
0.161130
0.167139
0.146814
0.133855
0.155742
0.157376
0.136169
0.143001
0.131710
0.140784
0.140522
0.154271
0.150183
0.146078
0.161063
0.141862
0.147075
0.146661
0.142010
0.141212
0.158004
0.193826
0.162319
0.158966
0.144640
0.131243
0.142957
0.134273
0.176924
0.139657
0.178225
0.156018
0.161068
0.161165
0.160764
0.150738
0.146649
0.170384
0.141577
0.146483
0.135988
0.164482
0.150435
0.168421
0.171390
0.140934
0.148375
0.161453
0.150140
0.149237
0.166994
0.156096
0.141381
0.148938
0.140862
0.200298
0.156509
0.140021
0.139827
0.136999
0.137718
0.148398
0.148298
0.144060
0.141179
0.154501
0.161036
0.153162
0.141921
0.149173
0.155829
0.142869
0.152373
0.171613
0.148247
0.155818
0.145721
0.150155
0.139529
0.146616
0.147450
0.152206
0.153233
0.156597
0.144988
0.148505
0.207428
0.138722
0.148396
0.143747
0.171129
0.216059
0.145284
0.176933
0.156634
0.147042
0.147542
0.136097
0.147621
0.150638
0.168536
0.148601
0.153779
0.138024
0.141703
0.165273
0.139981
0.136335
0.147350
0.144834
0.149936
0.158969
0.139769
0.142149
0.161396
0.151218
0.139548
0.188057
0.161499
0.155619
0.156573
0.148631
0.138463
0.149267
0.150054
0.157162
0.141392
0.152377
0.164654
0.147425
0.185654
0.157653
0.141994
0.161514
0.170232
0.169912
0.206563
0.150786
0.142913
0.186316
0.146119
0.204780
0.168950
0.170000
0.156003
0.214224
0.139093
0.160703
0.190486
0.152781
0.137286
0.146060
0.138168
0.151443
0.165066
0.143730
0.158750
0.154474
0.158191
0.148845
0.144586
0.133099
0.156268
0.147313
0.147311
0.141662
0.170507
0.165598
0.150368
0.158920
0.155965
0.166913
0.144944
0.152521
0.165529
0.169870
0.140475
0.148247
0.150216
0.163611
0.140110
0.129084
0.142646
0.139479
0.147389
0.156050
0.142997
0.165973
0.158816
0.146300
0.142786
0.140175
0.146228
0.157857
0.149484
0.156118
0.139753
0.180177
0.156686
0.157607
0.136921
0.137210
0.132510
0.167902
0.132238
0.173045
0.162697
0.143794
0.135063
0.137981
0.149593
0.149694
0.190355
0.154033
0.147256
0.141612
0.169531
0.134058
0.152298
0.142278
0.146502
0.171109
0.170898
0.131959
0.164989
0.137661
0.179611
0.133767
0.140881
0.140268
0.162193
0.169381
0.141049
0.167607
0.134180
0.154464
0.153507
0.141865
0.156834
0.170436
0.147198
0.157046
0.156879
0.148408
0.147669
0.163681
0.149441
0.141417
0.149372
0.144477
0.149811
0.156454
0.161974
0.156155
0.143487
0.134899
0.144004
0.136168
0.147699
0.129754
0.153214
0.159347
0.179071
0.163689
0.154889
0.138670
0.135664
0.137946
0.177353
0.190968
0.146253
0.171858
0.167381
0.203403
0.146301
0.145247
0.172733
0.204281
0.210791
0.173821
0.145980
0.164244
0.142605
0.173816
0.154418
0.145214
0.164511
0.172811
0.165076
0.149516
0.140400
0.150478
0.176194
0.154728
0.151210
0.162379
0.145496
0.146919
0.151114
0.189769
0.152412
0.140681
0.148889
0.173990
0.142989
0.141736
0.140915
0.149125
0.181291
0.139595
0.167579
0.151131
0.139265
0.147797
0.157576
0.161168
0.150346
0.147133
0.163951
0.143675
0.147615
0.138834
0.137387
0.143014
0.137810
0.153942
0.134815
0.140620
0.159218
0.143320
0.147388
0.144305
0.150587
0.161581
0.178235
