0.00
0.86
0.86
0.88
0.87
0.87
0.83
0.86
0.83
0.83
0.82
0.83
0.81
0.82
0.82
0.83
0.82
0.81
0.81
0.81
0.81
0.81
0.83
0.83
0.84
0.83
0.82
0.81
0.82
0.81
0.80
0.79
0.81
0.82
0.81
0.81
0.81
0.81
0.81
0.82
0.81
0.83
0.82
0.83
0.82
0.83
0.81
0.82
0.82
0.82
0.81
0.82
0.83
0.83
0.81
0.82
0.82
0.83
0.80
0.83
0.82
0.81
0.81
0.82
0.84
0.83
0.83
0.83
0.84
0.83
0.83
0.82
0.81
0.82
0.83
0.83
0.83
0.82
0.81
0.80
0.82
0.81
0.80
0.77
0.81
0.81
0.79
0.81
0.81
0.79
0.78
0.78
0.77
0.80
0.80
0.78
0.79
0.78
0.79
0.79
0.78
0.76
0.78
0.77
0.75
0.77
0.78
0.74
0.76
0.77
0.74
0.72
0.77
0.76
0.73
0.61
0.70
0.66
0.68
0.72
0.70
0.66
0.70
0.56
0.65
0.66
0.62
0.56
0.56
0.71
0.57
0.59
0.68
0.68
0.53
0.75
0.73
0.56
0.68
0.70
0.55
0.62
0.70
0.58
0.45
0.56
0.69
0.72
0.62
0.53
0.60
0.60
0.69
0.79
0.78
0.76
0.55
0.58
0.51
0.64
0.65
0.57
0.64
0.65
0.71
0.57
0.70
0.68
0.56
0.68
0.58
0.57
0.48
0.52
0.56
0.52
0.51
0.48
0.65
0.55
0.60
0.62
0.69
0.70
0.70
0.73
0.72
0.69
0.75
0.78
0.76
0.76
0.77
0.78
0.77
0.78
0.76
0.77
0.78
0.77
0.79
0.77
0.77
0.79
0.77
0.79
0.79
0.77
0.80
0.80
0.79
0.80
0.81
0.79
0.81
0.78
0.81
0.79
0.80
0.78
0.80
0.81
0.80
0.83
0.81
0.81
0.83
0.81
0.81
0.77
0.81
0.74
0.78
0.79
0.83
0.83
0.84
0.82
0.80
0.76
0.81
0.82
0.84
0.85
0.83
0.83
0.83
0.85
0.85
0.84
0.82
0.82
0.84
0.83
0.84
0.83
0.84
0.83
0.83
0.83
0.85
0.83
0.83
0.82
0.83
0.85
0.83
0.82
0.82
0.83
0.82
0.81
0.84
0.83
0.84
0.84
0.84
0.83
0.83
0.84
0.82
0.84
0.82
0.81
0.82
0.80
0.79
0.80
0.78
0.77
0.82
0.81
0.82
0.82
0.80
0.82
0.79
0.80
0.82
0.82
0.80
0.81
0.81
0.81
0.83
0.81
0.81
0.81
0.82
0.81
0.81
0.80
0.79
0.81
0.82
0.83
0.81
0.81
0.79
