0.045332
0.149369
0.146252
0.138693
0.134022
0.141418
0.139949
0.148073
0.143506
0.148385
0.140690
0.142656
0.142948
0.137415
0.139560
0.144470
0.144482
0.150403
0.138693
0.181280
0.161048
0.139738
0.146443
0.137752
0.167206
0.142456
0.157643
0.178339
0.149576
0.160304
0.167223
0.135755
0.132692
0.145756
0.140604
0.180641
0.146334
0.138741
0.145452
0.144379
0.140602
0.142066
0.140718
0.143142
0.139740
0.145575
0.144893
0.197410
0.158277
0.156589
0.149845
0.140307
0.138092
0.135007
0.148714
0.136976
0.139049
0.147958
0.140857
0.158937
0.145945
0.153286
0.146202
0.151317
0.164973
0.140494
0.149961
0.145751
0.157802
0.149258
0.148754
0.158407
0.142221
0.134130
0.163469
0.162894
0.142773
0.142360
0.144274
0.178032
0.142624
0.134294
0.150046
0.168758
0.132735
0.150566
0.144143
0.141358
0.164244
0.182797
0.188370
0.151126
0.148884
0.161473
0.134226
0.192604
0.140758
0.135299
0.147714
0.147227
0.158866
0.163535
0.127637
0.145468
0.154185
0.153277
0.140524
0.172010
0.142522
0.193289
0.168167
0.145179
0.166594
0.180005
0.142506
0.158702
0.141142
0.157161
0.148873
0.177655
0.139420
0.153298
0.145461
0.139290
0.169536
0.174375
0.140874
0.144109
0.200107
0.150073
0.144076
0.171627
0.146109
0.139174
0.142233
0.159663
0.147942
0.147566
0.162158
0.144464
0.137285
0.148911
0.139096
0.143783
0.149926
0.136801
0.141520
0.169705
0.149294
0.146059
0.146015
0.140682
0.166867
0.156082
0.135754
0.145431
0.145617
0.170651
0.162959
0.160125
0.166368
0.138368
0.142432
0.148906
0.137993
0.144906
0.138989
0.146922
0.144612
0.140429
0.141909
0.151955
0.150425
0.151803
0.159223
0.158411
0.153753
0.198305
0.133610
0.146180
0.148030
0.139283
0.141895
0.149018
0.142708
0.151133
0.141149
0.136024
0.133867
0.146915
0.154028
0.157583
0.146646
0.166568
0.132825
0.146110
0.149469
0.141441
0.142265
0.167966
0.142267
0.142444
0.140960
0.173643
0.142108
0.168901
0.153281
0.138618
0.150037
0.152488
0.152203
0.184272
