0.00
0.63
0.52
0.71
0.56
0.72
0.70
0.74
0.64
0.67
0.68
0.55
0.55
0.62
0.69
0.55
0.71
0.58
0.48
0.71
0.71
0.68
0.65
0.73
0.65
0.64
0.73
0.79
0.78
0.71
0.77
0.76
0.71
0.80
0.81
0.68
0.71
0.81
0.60
0.70
0.78
0.80
0.77
0.70
0.71
0.76
0.66
0.59
0.74
0.74
0.68
0.59
0.70
0.60
0.72
0.57
0.74
0.51
0.65
0.51
0.68
0.50
0.63
0.49
0.54
0.49
0.58
0.52
0.59
0.59
0.53
0.61
0.55
0.50
0.57
0.54
0.50
0.60
0.53
0.62
0.59
0.55
0.46
0.43
0.58
0.46
0.35
0.25
0.15
0.22
0.19
0.24
0.18
0.25
0.31
0.37
0.25
0.16
0.26
0.11
0.15
0.07
0.05
0.15
0.38
0.22
0.24
0.26
0.17
0.32
0.22
0.23
0.21
0.24
0.32
0.17
0.21
0.29
0.40
0.51
0.44
0.29
0.39
0.43
0.33
0.37
0.15
0.49
0.36
0.41
0.35
0.38
0.46
0.44
0.41
0.30
0.17
0.22
0.43
0.53
0.43
0.33
0.23
0.14
0.14
0.22
0.20
0.13
0.13
0.06
0.14
0.31
0.43
0.42
0.29
0.35
0.30
0.29
0.14
0.17
0.21
0.13
0.30
0.29
0.31
0.22
0.26
0.20
0.19
0.12
0.41
0.03
0.04
0.05
0.35
0.39
0.28
0.35
0.39
0.41
0.55
0.44
0.53
0.39
0.45
0.07
0.19
0.48
0.29
0.16
0.56
0.44
0.44
0.32
0.15
0.14
0.40
0.27
0.26
0.22
0.19
0.27
0.41
0.19
0.35
0.36
0.40
0.43
0.44
0.38
0.27
0.08
