0.00
0.68
0.57
0.66
0.50
0.50
0.53
0.55
0.55
0.60
0.59
0.58
0.56
0.56
0.57
0.51
0.53
0.49
0.43
0.50
0.49
0.52
0.51
0.50
0.56
0.54
0.40
0.61
0.35
0.51
0.36
0.47
0.40
0.60
0.55
0.62
0.55
0.61
0.61
0.58
0.58
0.48
0.55
0.62
0.64
0.49
0.55
0.52
0.49
0.56
0.54
0.53
0.53
0.58
0.37
0.52
0.51
0.32
0.31
0.46
0.43
0.50
0.50
0.45
0.47
0.60
0.45
0.55
0.62
0.43
0.48
0.51
0.49
0.53
0.47
0.62
0.44
0.47
0.56
0.64
0.58
0.64
0.49
0.52
0.34
0.36
0.57
0.46
0.35
0.48
0.37
0.27
0.31
0.34
0.31
0.23
0.27
0.39
0.27
0.29
0.36
0.49
0.43
0.41
0.56
0.52
0.61
0.53
0.21
0.49
0.62
0.62
0.52
0.55
0.56
0.53
0.57
0.58
0.57
0.55
0.55
0.60
0.57
0.48
0.61
0.50
0.46
0.45
0.45
0.47
0.42
0.47
0.46
0.45
0.51
0.47
0.44
0.53
0.45
0.58
0.53
0.48
0.45
0.43
0.60
0.53
0.44
0.54
0.56
0.63
0.57
0.58
0.50
0.50
0.62
0.53
0.54
0.63
0.61
0.59
0.65
0.65
0.57
0.61
0.53
0.53
0.57
0.54
0.57
0.55
0.55
0.51
0.53
0.60
0.54
0.68
0.55
0.56
0.59
0.57
0.66
0.51
0.59
0.62
0.61
0.62
0.58
0.57
0.59
0.60
0.64
0.65
0.54
0.47
0.55
0.57
0.61
0.59
0.54
0.53
0.53
0.59
0.60
0.61
0.52
0.54
0.55
0.62
0.63
0.60
0.55
0.62
0.64
0.71
0.70
0.63
0.65
0.66
0.58
0.61
0.59
0.64
0.63
0.61
0.68
0.64
0.68
0.59
0.59
0.63
0.60
0.57
0.52
0.55
0.58
0.48
0.56
0.55
0.62
0.59
0.53
0.59
0.52
0.59
0.51
0.65
0.68
0.59
0.44
0.59
0.55
0.58
0.56
0.58
0.52
0.54
0.51
0.54
0.59
0.59
0.48
0.53
0.61
0.54
0.62
0.56
0.55
0.57
0.55
0.55
0.49
0.60
0.64
0.53
0.48
0.50
0.62
0.60
0.60
0.56
0.64
0.57
0.58
0.54
0.54
0.60
0.55
0.54
0.48
0.56
0.62
0.54
0.63
0.56
0.56
0.50
0.48
0.50
0.52
0.53
0.40
0.50
0.46
0.48
0.46
0.53
0.54
0.51
0.47
0.59
0.48
0.54
0.53
0.60
0.51
0.63
0.58
0.59
0.60
0.62
0.53
0.50
0.62
0.64
0.67
0.59
0.63
0.59
0.62
0.55
0.51
0.58
0.59
0.54
0.57
0.49
0.60
0.58
0.55
0.54
0.60
0.65
0.65
0.66
0.63
0.60
0.55
0.58
0.61
0.57
0.58
0.56
0.52
0.58
0.56
0.50
0.59
0.61
0.62
0.64
0.60
0.65
0.58
0.61
0.58
0.55
0.55
0.57
0.53
0.54
0.62
0.59
0.46
0.53
0.60
0.60
0.55
0.59
0.58
0.65
0.65
0.60
0.54
0.53
0.52
0.54
0.58
0.52
0.56
0.54
0.54
0.55
0.58
0.62
0.64
0.61
0.59
0.57
0.53
0.48
0.55
0.54
0.57
0.56
0.60
0.53
0.51
0.44
0.47
0.53
0.50
0.60
0.63
0.62
0.57
0.53
0.58
0.58
0.56
0.58
0.58
0.58
0.54
0.57
0.57
0.54
0.58
0.59
0.57
0.67
0.58
0.56
0.61
0.51
0.51
0.50
0.54
0.50
0.33
0.49
0.53
0.53
0.49
0.50
0.52
0.47
0.52
0.42
0.42
0.31
0.37
0.48
0.43
0.51
0.46
0.31
0.38
0.36
0.48
0.45
0.39
0.43
0.49
0.26
0.61
0.49
0.45
0.59
0.55
0.45
0.40
0.58
0.22
0.31
0.35
0.46
0.50
0.43
0.44
0.50
0.41
0.39
0.56
0.37
0.25
0.36
0.29
0.44
0.48
0.23
0.30
0.44
0.21
0.29
0.21
0.43
0.44
0.39
0.11
0.40
0.41
0.45
0.38
0.54
0.41
0.40
0.47
0.47
0.39
0.29
0.34
0.44
0.35
0.36
0.19
0.39
0.30
0.44
0.29
0.43
0.46
0.48
0.43
0.58
0.56
0.53
0.53
0.43
0.53
0.50
0.49
0.55
0.53
0.46
0.48
0.52
0.59
0.50
0.45
0.54
0.44
0.48
0.50
0.49
0.50
0.37
0.34
0.27
0.24
0.28
0.27
0.39
0.35
0.39
0.39
0.19
0.32
0.34
0.20
0.22
0.17
0.24
0.26
0.17
0.29
0.35
0.31
0.42
0.32
0.28
0.43
0.30
0.44
0.36
0.30
0.35
0.31
0.21
0.35
0.28
0.34
0.29
0.35
0.31
0.36
0.57
0.30
0.45
0.50
0.48
0.35
0.45
0.39
0.40
0.41
0.50
0.59
0.52
0.51
0.33
0.39
0.22
0.39
0.38
0.50
0.34
0.41
0.57
0.54
0.47
0.58
0.41
0.52
0.53
0.44
0.45
0.48
0.43
0.30
0.42
0.28
0.22
0.27
0.21
0.16
0.39
