0.00
379.83
256.00
342.62
181.03
168.27
194.33
230.08
230.05
258.00
247.24
238.46
215.08
233.90
251.06
192.53
195.66
162.61
134.09
189.01
176.54
214.82
223.69
187.61
236.65
220.55
148.08
282.21
107.66
211.71
116.94
176.56
116.61
265.67
215.70
268.13
229.48
291.51
294.27
270.02
266.04
189.84
192.43
298.06
337.07
225.06
261.31
213.84
199.67
240.93
217.83
260.12
241.74
252.75
220.09
261.44
214.77
187.53
197.72
242.02
199.28
204.51
240.60
184.20
279.14
318.06
222.55
348.05
340.12
261.25
269.55
281.04
295.73
328.28
248.19
378.36
267.77
267.72
348.21
304.04
370.21
337.53
338.95
311.89
277.08
275.10
265.68
328.35
293.17
319.10
271.49
216.70
226.88
312.83
278.73
268.56
264.02
345.85
227.50
284.01
139.43
197.14
167.63
272.36
258.19
265.07
287.96
239.15
224.97
213.24
354.72
323.89
216.69
234.53
281.03
310.87
322.19
276.78
240.84
234.12
225.84
234.56
238.64
189.91
258.44
169.79
165.24
147.55
147.49
175.26
157.58
177.03
156.77
161.54
193.83
170.51
142.31
232.46
158.25
257.38
223.16
199.98
171.79
180.74
275.47
213.91
167.06
217.19
243.99
308.10
242.60
250.40
193.92
189.43
244.36
213.49
205.77
289.77
291.59
271.67
316.14
323.38
303.04
303.09
243.48
247.13
274.17
245.34
287.88
253.02
249.16
214.21
231.22
280.82
216.58
398.33
249.50
235.38
252.23
247.43
367.15
202.68
320.71
326.56
298.97
308.37
281.90
284.76
273.15
288.54
299.91
326.87
244.13
163.78
209.75
287.96
332.30
299.95
278.13
250.39
237.97
283.99
297.82
324.07
239.68
249.42
278.58
318.24
321.23
314.29
245.01
318.81
350.22
416.35
392.15
343.13
372.06
371.74
294.53
319.90
296.59
338.80
313.43
304.95
359.33
333.87
355.47
275.97
250.46
319.97
286.08
286.67
219.36
243.06
274.47
206.88
290.10
257.27
323.11
285.78
249.09
280.36
212.80
293.12
205.93
336.98
372.18
283.74
154.53
254.97
258.23
271.54
264.79
260.63
229.46
238.10
221.95
226.56
279.34
274.62
184.75
223.80
308.30
231.26
296.92
294.85
252.27
293.49
253.38
280.68
231.57
325.89
362.99
255.57
196.18
206.32
311.43
334.49
298.68
232.80
320.08
266.25
263.20
226.16
224.48
315.59
256.38
243.88
226.35
295.12
310.09
226.93
291.68
265.99
229.83
216.86
201.25
219.04
255.97
245.20
151.24
220.53
202.15
223.11
191.65
245.59
248.01
211.01
190.27
256.54
197.95
254.67
248.54
286.15
207.78
307.17
297.65
298.59
305.99
320.06
243.11
216.01
304.49
328.16
348.53
266.06
308.83
278.80
309.44
247.70
214.48
277.62
278.11
233.10
283.98
207.61
343.43
295.32
278.47
246.24
298.61
375.94
363.43
358.56
358.16
327.64
254.18
298.15
321.46
292.92
297.18
266.95
222.67
284.53
292.78
237.49
314.55
318.85
328.81
310.33
292.22
344.76
287.28
308.91
276.62
255.12
239.54
269.37
217.47
239.20
352.68
291.01
190.43
247.43
321.65
316.40
298.73
283.49
265.48
337.94
349.00
288.36
244.30
247.93
230.06
239.24
267.50
251.45
276.21
269.71
265.41
271.50
333.04
358.62
345.38
328.10
307.20
258.19
237.00
224.19
262.01
250.32
265.50
274.84
318.10
270.48
235.63
215.99
235.58
294.70
243.79
300.06
331.47
323.08
291.55
221.74
319.51
273.91
269.89
275.64
322.23
283.87
293.66
281.83
287.08
272.98
281.62
282.62
269.78
339.39
297.89
244.89
282.02
240.52
213.35
310.63
298.03
262.63
203.28
244.41
256.30
251.20
252.83
361.82
368.75
374.41
370.61
333.67
316.94
303.00
305.97
314.00
259.00
326.23
339.52
328.00
300.51
255.82
245.93
335.25
277.65
281.09
263.31
205.07
343.84
221.05
196.94
300.91
271.20
224.27
197.95
304.30
204.58
172.08
187.58
247.69
271.15
226.12
236.21
279.25
270.67
266.69
306.29
237.80
190.76
249.66
199.80
251.66
261.44
165.85
208.25
241.62
128.92
187.96
159.08
193.10
207.45
169.93
119.57
154.15
212.19
212.31
205.70
259.33
175.82
151.82
205.55
211.23
187.36
129.36
148.29
199.31
154.31
135.58
91.08
157.74
154.91
195.70
143.58
215.23
229.05
220.23
188.19
251.73
232.03
223.48
224.34
170.30
232.81
221.97
217.17
269.29
247.29
212.15
192.81
259.83
283.19
245.74
227.59
266.85
220.85
244.88
278.02
260.16
195.16
101.57
109.25
102.12
97.46
124.90
114.40
207.61
133.24
138.33
176.83
66.06
121.78
125.94
106.57
77.31
95.59
92.21
107.30
133.59
167.29
181.54
109.89
175.64
130.47
126.10
184.16
147.48
169.95
120.08
103.18
116.58
118.01
55.22
154.64
95.05
142.22
95.53
123.08
85.53
115.14
219.46
137.22
158.73
223.70
211.53
148.12
181.35
181.14
188.37
183.46
207.68
278.36
225.12
275.06
180.53
251.87
152.84
265.94
223.37
269.34
198.34
269.10
282.13
264.07
219.80
256.52
209.29
194.98
217.74
223.12
213.41
231.78
170.82
150.56
189.16
195.80
207.03
212.99
172.34
113.81
218.50
