0.00
0.55
0.49
0.42
0.57
0.46
0.66
0.70
0.69
0.70
0.70
0.69
0.68
0.71
0.71
0.70
0.64
0.65
0.51
0.54
0.40
0.48
0.46
0.54
0.43
0.39
0.36
0.45
0.48
0.55
0.63
0.49
0.69
0.69
0.70
0.66
0.60
0.58
0.58
0.56
0.61
0.63
0.74
0.60
0.68
0.69
0.67
0.66
0.73
0.71
0.67
0.72
0.73
0.72
0.73
0.71
0.76
0.75
0.74
0.75
0.72
0.72
0.70
0.70
0.67
0.75
0.69
0.71
0.65
0.71
0.73
0.70
0.71
0.74
0.73
0.73
0.73
0.72
0.75
0.74
0.73
0.73
0.75
0.73
0.74
0.67
0.73
0.76
0.75
0.74
0.70
0.72
0.72
0.73
0.71
0.74
0.72
0.73
0.73
0.69
0.69
0.69
0.70
0.72
0.71
0.70
0.72
0.68
0.68
0.69
0.66
0.65
0.70
0.64
0.68
0.58
0.68
0.68
0.59
0.64
0.67
0.66
0.57
0.53
0.57
0.46
0.55
0.56
0.58
0.55
0.58
0.61
0.45
0.53
0.65
0.55
0.59
0.58
0.60
0.59
0.63
0.55
0.60
0.58
0.59
0.55
0.54
0.59
0.57
0.54
0.66
0.51
0.66
0.64
0.57
0.63
0.65
0.61
0.58
0.57
0.57
0.55
0.60
0.61
0.61
0.53
0.60
0.43
0.47
0.49
0.46
0.51
0.50
0.49
0.52
0.44
0.45
0.45
0.56
0.47
0.55
0.53
0.52
0.53
0.51
0.48
0.46
0.39
0.34
0.40
0.43
0.47
0.47
0.40
0.31
0.49
0.44
0.25
0.31
0.53
0.36
0.22
0.39
0.32
0.31
0.29
0.32
0.37
0.31
0.39
0.43
0.46
0.43
0.37
0.47
0.38
0.36
0.36
