0.00
345.56
259.43
172.05
308.79
164.59
374.01
414.23
407.61
415.01
400.27
392.71
381.74
411.94
400.42
410.49
386.64
409.54
270.39
340.95
213.28
350.36
324.19
466.94
417.09
257.36
238.66
310.96
303.25
385.14
412.35
214.12
430.34
437.46
428.73
377.95
297.07
264.44
275.26
238.64
282.57
331.32
413.00
301.71
345.89
368.80
339.50
331.54
407.56
392.01
343.04
389.11
408.99
410.39
387.99
388.70
443.60
440.10
439.57
418.86
403.76
425.88
380.82
396.05
371.37
439.43
385.44
397.76
357.42
417.93
422.88
390.67
393.35
435.73
423.86
428.45
407.59
407.62
446.66
432.05
417.45
408.12
447.72
436.69
415.36
348.12
430.69
448.65
432.07
431.36
383.49
408.38
394.84
412.38
402.19
422.58
414.58
424.92
412.91
370.37
363.08
356.56
350.27
401.63
369.73
394.55
381.12
338.50
330.41
354.94
326.63
295.93
368.03
300.36
343.27
261.22
359.49
358.75
277.23
330.15
362.41
352.96
254.01
220.76
275.10
172.26
227.70
238.09
274.46
240.62
254.16
290.48
160.03
221.05
331.55
223.92
273.52
241.28
274.06
269.79
293.62
225.92
284.11
281.72
257.01
225.50
210.14
268.82
241.72
204.59
340.88
194.88
348.90
297.94
227.34
296.05
312.49
287.10
265.05
251.55
242.33
234.43
255.92
292.75
287.15
211.87
294.03
147.20
167.50
197.48
168.86
205.14
201.65
173.70
209.17
160.71
151.18
189.82
256.09
164.85
252.39
222.19
210.37
215.64
199.75
174.53
182.31
137.50
105.71
131.42
198.31
188.88
171.25
148.49
122.28
216.04
206.84
92.81
131.90
316.54
224.57
104.27
146.22
119.11
101.96
92.09
87.75
190.19
93.64
124.62
157.89
161.07
139.84
146.05
169.83
118.66
128.27
152.72
