0.029603
0.154848
0.152619
0.139669
0.137239
0.160711
0.151078
0.156446
0.143521
0.140081
0.142421
0.146304
0.152875
0.137360
0.153414
0.147901
0.151214
0.140791
0.145919
0.153317
0.142015
0.148763
0.148140
0.137046
0.137510
0.146010
0.142879
0.131754
0.139098
0.147622
0.153479
0.146862
0.171583
0.171142
0.146159
0.158488
0.154307
0.156808
0.152906
0.147781
0.138504
0.153992
0.150058
0.170142
0.146683
0.142303
0.136089
0.150199
0.154717
0.172810
0.138743
0.152004
0.135888
0.143880
0.138949
0.173188
0.160385
0.151203
0.157017
0.145795
0.153600
0.164017
0.154873
0.129633
0.141919
0.155240
0.136463
0.148026
0.152442
0.170262
0.154486
0.141165
0.157556
0.147194
0.156943
0.167797
0.143382
0.153794
0.139817
0.150092
0.166521
0.170344
0.146351
0.136402
0.149633
0.162549
0.154623
0.153306
0.156006
0.156325
0.154260
0.146212
0.165626
0.148820
0.144775
0.139528
0.162460
0.145756
0.147793
0.165748
0.148748
0.156340
0.153985
0.138160
0.136448
0.138870
0.139495
0.144131
0.197846
0.157386
0.137438
0.140129
0.135737
0.152636
0.153346
0.177696
0.133478
0.139654
0.138194
0.212358
0.161938
0.136150
0.172307
0.139822
0.144576
0.148303
0.149996
0.168614
0.133710
0.161639
0.162894
0.160419
0.181726
0.144295
0.137661
0.145075
0.151939
0.133401
0.133643
0.197270
0.152913
0.158873
0.147884
0.162011
0.176009
0.188630
0.141464
0.139797
0.137480
0.132124
0.150018
0.143233
0.196159
0.210246
0.227908
0.213772
0.143706
0.140464
0.144640
0.141747
0.150140
0.212967
0.149233
0.148935
0.167066
0.148649
0.141325
0.139137
0.136530
0.137513
0.140774
0.138067
0.151436
0.141416
0.152663
0.135221
0.139706
0.145354
0.133305
0.146486
0.157657
0.133083
0.138453
0.139486
0.177743
0.163464
0.136793
0.140746
0.167064
0.165238
0.150721
0.137682
0.154227
0.145691
0.158214
0.149848
0.146844
0.145426
0.142872
0.142678
0.144676
0.137201
0.143018
0.133684
0.147715
0.191399
0.170199
0.140408
0.150669
0.154709
0.144514
0.158649
0.163082
0.155801
0.148529
0.154451
0.181244
0.141435
0.166083
0.149426
0.185825
0.143054
0.132190
0.134267
0.136209
0.145500
0.148975
0.144477
0.145324
0.138057
0.162987
0.159807
0.156226
0.158444
0.191248
0.142027
0.170531
0.159689
0.145592
0.147486
0.159335
0.161540
0.137744
0.152442
0.168052
0.164499
0.159519
0.154045
0.147128
0.136223
0.141681
0.141634
0.140597
0.141514
0.137200
0.136095
0.137127
0.143817
0.140732
0.138085
0.142161
0.142633
0.143694
0.151607
0.146712
0.157988
0.138653
0.162471
0.136887
0.135743
0.145281
0.141792
0.145779
0.161761
0.151839
0.149648
0.139395
0.141330
0.140119
0.148850
0.138380
0.148162
0.160571
0.168189
0.142800
0.131296
0.155583
0.144150
0.155198
0.195459
0.152320
0.157147
0.152846
0.168201
0.137098
0.160762
0.164135
0.135295
0.156533
0.146399
0.132246
0.144770
0.128893
0.140950
0.147803
0.146414
0.144011
0.142550
0.136926
0.141528
0.169231
0.137877
0.131824
0.166881
0.156744
0.139246
0.147502
0.176112
0.130073
0.135833
0.150960
0.138054
0.140623
0.144147
0.138104
0.154337
0.141116
0.156122
0.178962
0.159035
0.148793
0.154111
0.149693
0.144168
0.150994
0.154999
0.136992
0.143285
0.140234
0.146471
0.143453
0.142601
0.194072
0.201813
0.159056
0.146805
0.139438
0.145419
0.141820
0.148864
0.145777
0.144772
0.145544
0.133430
0.179516
0.153018
0.150693
0.142435
0.136780
0.139044
0.149624
0.159280
0.157279
0.150380
0.142940
0.179584
0.142726
0.145632
0.149617
0.146686
0.151096
0.147432
0.138804
0.139504
0.149541
0.139863
0.185346
0.144128
0.160981
0.154130
0.146659
0.148833
0.147529
0.151994
0.149548
0.147891
0.146352
0.130801
0.144458
0.130065
0.152385
0.136987
0.139350
0.150752
0.137656
0.133992
0.149225
0.152338
0.151316
0.151775
0.152069
0.149929
0.155984
0.144763
0.173541
0.151242
0.148166
0.164360
0.147045
0.147903
0.147682
0.146941
0.153419
0.142802
0.140307
0.136757
0.144868
0.138072
0.141050
0.152499
0.142859
0.145472
0.134752
0.146859
0.152125
0.167792
0.135485
0.161725
0.138869
0.146935
0.151131
0.206805
0.149980
0.165305
0.148514
0.139961
0.145551
0.152103
0.159894
0.145443
0.139055
0.144645
0.130076
0.127747
0.140904
0.133754
0.135507
0.134060
0.143857
0.140702
0.196592
0.161434
0.156553
0.143787
0.170511
0.139351
0.164620
0.158994
0.151899
0.153061
0.139595
0.152893
0.146722
0.157047
0.138887
0.154111
0.139321
0.139270
0.152135
0.153774
0.139947
0.148131
0.147795
0.177116
0.163272
0.141024
0.135517
0.137021
0.141312
0.141178
0.142262
0.148128
0.144760
0.137327
0.145694
0.135929
0.146320
0.139053
0.159878
0.154898
0.159672
0.164523
0.153859
0.162378
0.180738
0.140352
0.142587
0.136392
0.204855
0.213107
0.174083
0.171479
0.147596
0.161313
0.140458
0.135359
0.132582
0.140876
0.134178
0.143781
0.142694
0.141357
0.139201
0.151787
0.150895
0.144608
0.145051
0.147273
0.151261
0.161966
0.151697
0.152479
0.171034
0.160354
0.142513
0.139617
0.151196
0.135993
0.188530
0.162003
0.164259
0.141116
0.159987
0.151821
0.146458
0.146660
0.148396
0.169608
0.157706
0.135365
0.147281
0.151235
0.147060
0.161189
0.144575
0.146307
0.141043
0.140360
0.137135
0.159294
0.133058
0.149919
0.173052
0.174221
0.134015
0.151969
0.158356
0.165320
0.152508
0.153641
0.142335
0.177122
0.157755
0.155529
0.167614
0.198720
0.137683
0.177400
0.132937
0.142122
0.147216
0.167112
0.148807
0.188391
0.171238
0.139405
0.138438
0.143478
0.139756
0.163162
0.150982
0.150080
0.146466
0.141865
0.140691
0.150612
0.138184
0.143982
0.144163
0.150370
0.148402
0.156663
0.148180
0.167577
0.178901
0.155872
0.160219
0.168055
0.145044
0.133976
0.139772
0.142078
0.148502
0.144488
0.142130
0.162951
0.170402
0.134784
0.150287
0.146943
0.142008
0.150799
0.147494
0.137055
0.144396
0.139476
0.150309
0.158311
0.139810
0.139215
0.153919
0.152196
0.138795
0.142863
0.147531
0.144583
