0.00
287.68
232.44
246.27
327.33
349.12
214.91
361.82
294.39
274.38
368.17
337.82
317.03
350.47
319.70
357.75
298.81
276.25
201.71
252.06
212.14
287.71
250.79
260.11
286.15
281.38
276.39
263.41
171.13
181.40
209.61
207.93
126.11
190.95
97.81
112.01
158.14
251.62
150.90
167.58
176.46
75.40
138.97
168.16
113.41
219.58
132.06
104.27
101.82
160.43
192.27
140.09
96.99
176.68
223.07
278.32
190.33
190.97
130.95
154.11
136.93
82.96
118.76
254.44
260.56
277.43
162.33
203.95
253.47
212.29
238.68
230.51
182.26
200.93
220.98
235.45
170.18
174.73
168.85
167.87
183.84
167.61
100.64
194.67
244.64
240.03
244.77
220.62
187.18
188.15
267.45
237.19
155.54
249.37
200.80
191.48
90.28
143.50
121.97
107.93
143.07
82.49
212.53
86.06
143.67
114.04
167.02
157.19
95.67
128.14
189.64
69.35
300.93
83.12
193.78
193.16
85.49
114.65
54.08
84.29
167.39
156.57
166.29
245.44
240.19
223.92
166.02
263.18
238.92
217.64
168.39
211.58
212.38
161.42
216.63
138.69
223.66
168.12
243.80
190.18
228.83
221.73
178.30
253.21
133.62
194.11
167.16
175.51
198.03
