0.00
0.61
0.57
0.59
0.64
0.67
0.51
0.68
0.61
0.60
0.68
0.64
0.63
0.67
0.62
0.67
0.55
0.45
0.47
0.53
0.51
0.58
0.59
0.60
0.56
0.46
0.60
0.42
0.25
0.18
0.17
0.26
0.17
0.32
0.15
0.15
0.11
0.17
0.21
0.10
0.12
0.05
0.08
0.11
0.09
0.19
0.08
0.09
0.09
0.14
0.33
0.45
0.37
0.37
0.54
0.52
0.45
0.30
0.19
0.13
0.12
0.15
0.21
0.57
0.55
0.51
0.43
0.50
0.53
0.48
0.51
0.49
0.48
0.52
0.52
0.56
0.51
0.47
0.45
0.47
0.48
0.47
0.38
0.53
0.56
0.58
0.60
0.52
0.53
0.49
0.61
0.54
0.45
0.51
0.42
0.49
0.31
0.20
0.31
0.33
0.40
0.30
0.43
0.21
0.38
0.37
0.24
0.43
0.20
0.19
0.36
0.10
0.49
0.12
0.35
0.26
0.18
0.36
0.15
0.13
0.45
0.43
0.43
0.53
0.46
0.50
0.38
0.52
0.27
0.31
0.44
0.41
0.46
0.42
0.48
0.37
0.55
0.32
0.33
0.33
0.50
0.50
0.47
0.52
0.37
0.50
0.43
0.42
0.50
