0.011782
0.173416
0.138761
0.120598
0.129834
0.131390
0.137027
0.132998
0.126177
0.119684
0.132759
0.131773
0.125851
0.117972
0.130522
0.165451
0.147834
0.176335
0.144108
0.136959
0.151331
0.175792
0.184747
0.150362
0.150653
0.240902
0.163583
0.164227
0.169396
0.191144
0.229335
0.153239
0.152958
0.135833
0.154767
0.152838
0.133796
0.135930
0.143398
0.138346
0.159474
0.164133
0.165479
0.160873
0.147538
0.175101
0.145983
0.172394
0.169107
0.138932
0.139174
0.135252
0.136690
0.157753
0.165472
0.208483
0.163584
0.165557
0.143976
0.176738
0.159527
0.166362
0.167711
0.157882
0.149728
0.147144
0.144710
0.136412
0.159150
0.146910
0.146003
0.155004
0.140894
0.155582
0.148606
0.159536
0.151410
0.151028
0.148735
0.148539
0.143209
0.147136
0.152429
0.142940
0.164470
0.153793
0.139725
0.192557
0.152166
0.159098
0.155238
0.158563
0.150561
0.143104
0.139227
0.151991
0.153069
0.151312
0.164994
0.147588
0.142963
0.132029
0.156623
0.148466
0.138237
0.161185
0.142102
0.166076
0.166424
0.154395
0.168851
0.141242
0.152163
0.162432
0.150017
0.136159
0.167690
0.145825
0.179619
0.158613
0.164482
0.146666
0.150534
0.146657
0.153995
0.150973
