0.00
0.68
0.64
0.57
0.69
0.56
0.59
0.53
0.54
0.53
0.56
0.57
0.52
0.52
0.55
0.57
0.54
0.51
0.49
0.49
0.49
0.53
0.49
0.51
0.49
0.53
0.47
0.47
0.54
0.52
0.53
0.51
0.54
0.57
0.54
0.52
0.50
0.53
0.57
0.57
0.55
0.56
0.57
0.53
0.52
0.57
0.55
0.56
0.58
0.61
0.56
0.53
0.52
0.48
0.51
0.57
0.56
0.52
0.49
0.42
0.49
0.41
0.37
0.56
0.55
0.45
0.39
0.43
0.56
0.47
0.40
0.51
0.53
0.43
0.46
0.44
0.52
0.45
0.45
0.50
0.44
0.43
0.45
0.41
0.39
0.32
0.41
0.46
0.45
0.47
0.45
0.41
0.43
0.45
0.42
0.41
0.48
0.61
0.47
0.41
0.53
0.53
0.52
0.50
0.53
0.50
0.42
0.48
0.52
0.49
0.46
0.43
0.39
0.41
0.51
0.52
0.43
0.45
0.41
0.45
0.49
0.48
0.46
0.46
0.48
0.49
0.48
0.53
0.48
