0.00
0.57
0.66
0.61
0.50
0.53
0.42
0.40
0.47
0.48
0.63
0.63
0.58
0.63
0.64
0.62
0.52
0.53
0.60
0.66
0.55
0.55
0.47
0.56
0.58
0.64
0.65
0.66
0.62
0.55
0.52
0.62
0.67
0.59
0.44
0.53
0.49
0.55
0.58
0.53
0.57
0.64
0.60
0.56
0.63
0.58
0.58
0.56
0.65
0.48
0.49
0.56
0.59
0.55
0.62
0.68
0.63
0.72
0.73
0.76
0.71
0.70
0.52
0.54
0.52
0.42
0.43
0.63
0.54
0.68
0.58
0.59
0.68
0.67
0.67
0.60
0.57
0.51
0.52
0.51
0.53
0.65
0.50
0.66
0.57
0.62
0.61
0.65
0.63
0.63
0.65
0.66
0.57
0.66
0.68
0.66
0.62
0.68
0.71
0.64
0.66
0.67
0.76
0.78
0.71
0.71
0.68
0.71
0.59
0.66
0.59
0.63
0.62
0.63
0.57
0.66
0.61
0.58
0.60
0.66
0.64
0.71
0.74
0.72
0.72
0.59
0.60
0.71
0.68
0.75
0.62
0.56
0.61
0.67
0.57
0.62
0.67
0.66
0.69
0.65
0.67
0.66
0.57
0.69
0.68
0.62
0.52
0.55
0.61
0.60
0.72
0.71
0.73
0.69
0.67
0.66
0.66
0.65
0.68
0.71
0.73
0.68
0.69
0.67
0.58
0.60
0.60
0.51
0.61
0.63
0.62
0.65
0.63
0.69
0.68
0.43
0.63
0.66
0.54
0.58
0.54
0.53
0.54
0.49
0.31
0.50
0.50
0.45
0.52
0.57
0.64
0.56
0.73
0.62
0.62
0.66
0.69
0.73
0.67
0.68
0.61
0.55
0.55
0.60
0.65
0.57
0.56
0.51
0.55
0.54
0.55
0.65
0.62
0.65
0.61
0.53
0.51
0.61
0.66
0.58
0.50
0.72
0.69
0.71
0.69
0.68
0.71
0.68
0.58
0.58
0.61
0.63
0.63
0.61
0.61
0.60
0.73
0.58
0.66
0.51
0.56
0.72
0.62
0.64
0.64
0.60
0.57
0.58
0.47
0.41
0.67
0.56
0.53
0.66
0.51
0.59
0.52
0.52
0.52
0.42
