0.00
300.11
429.90
366.28
261.62
291.35
177.37
176.93
246.84
250.48
395.80
349.83
305.10
316.01
336.33
321.23
218.14
221.39
281.33
321.48
236.91
238.69
165.26
236.19
246.69
300.80
318.22
317.55
270.35
227.65
211.97
340.74
353.42
297.56
170.56
251.95
204.37
275.85
301.29
254.12
303.52
382.53
330.59
309.73
368.92
337.13
305.65
243.21
343.59
211.69
175.09
218.64
230.97
211.28
248.13
346.07
254.99
364.60
387.44
428.90
378.00
382.82
238.04
241.48
212.82
178.91
117.83
250.59
178.73
346.16
230.93
266.54
387.21
350.38
339.40
230.29
212.73
179.54
191.46
172.35
193.78
282.57
165.78
297.51
227.53
283.08
289.87
309.43
309.48
298.99
324.69
320.67
304.24
361.21
361.01
330.45
323.83
333.91
390.79
327.63
341.65
378.43
473.59
492.59
406.71
388.73
392.60
399.21
254.35
350.90
304.11
399.03
355.45
397.51
398.01
416.55
386.80
344.62
368.82
432.27
366.62
427.30
462.62
449.94
455.10
422.04
447.83
440.83
416.99
448.88
320.23
276.25
312.43
371.70
286.20
346.30
364.26
384.48
426.38
379.47
404.32
402.83
274.50
399.76
410.16
383.19
290.16
312.30
389.86
360.34
423.54
425.98
434.06
394.31
356.75
394.35
385.86
389.02
388.79
422.93
420.43
360.77
375.05
374.85
332.56
316.27
327.37
261.38
299.55
297.53
295.67
309.19
291.46
366.58
362.70
176.93
291.85
331.10
243.62
283.90
245.98
220.75
242.37
226.16
175.47
206.65
210.59
252.76
255.67
333.35
367.33
317.16
448.30
362.38
370.85
414.75
385.43
438.46
398.94
395.22
386.79
276.08
275.64
294.71
339.85
256.54
245.74
198.01
227.29
223.24
221.57
327.42
307.68
340.73
325.74
266.98
200.75
271.47
366.61
286.74
216.32
397.48
389.99
406.21
379.42
378.28
411.10
375.85
268.71
278.32
299.92
331.25
331.77
318.71
300.83
306.98
441.82
265.09
361.42
211.28
281.16
406.13
324.21
331.62
352.92
344.45
340.93
264.14
211.34
210.61
363.70
260.60
238.95
370.24
255.01
268.61
241.65
245.10
233.98
185.26
