0.039191
0.171920
0.160150
0.144282
0.144156
0.148324
0.163379
0.153805
0.144890
0.144637
0.146776
0.157106
0.141662
0.142842
0.142646
0.140274
0.149230
0.146903
0.140544
0.142362
0.145289
0.170877
0.147337
0.153188
0.179803
0.202391
0.170250
0.218333
0.149567
0.156544
0.145755
0.138816
0.144201
0.143572
0.143511
0.145407
0.173126
0.213736
0.148494
0.150019
0.149371
0.155267
0.154912
0.153087
0.139258
0.143047
0.142421
0.154841
0.141398
0.154714
0.141353
0.155141
0.141894
0.156208
0.157254
0.151602
0.172400
0.154292
0.146458
0.144269
0.141778
0.155453
0.158102
0.136617
0.148362
0.168376
0.197559
0.158795
0.148947
0.141338
0.140294
0.141563
0.148826
0.146266
0.160826
0.148275
0.152387
0.144117
0.147171
0.163731
0.150526
0.164381
0.165459
0.160255
0.160401
0.184429
0.224636
0.148962
0.141552
0.144370
0.157143
0.143736
0.146010
0.153327
0.145277
0.151393
0.204443
0.141495
0.147512
0.151916
0.145854
0.154937
0.140950
0.148628
0.163206
0.140495
0.146534
0.144222
0.174301
0.164101
0.153734
0.142777
0.170111
0.148786
0.158243
0.173976
0.151422
0.150109
0.138115
0.138647
0.167300
0.222055
0.145619
0.152087
0.162677
0.167418
0.151533
0.141128
0.137655
0.144954
0.140546
0.147585
0.152887
0.162087
0.148552
0.138670
0.149394
0.147293
0.170427
0.139461
0.148754
0.154613
0.215743
0.196643
0.182269
0.150335
0.139099
0.145633
0.152709
0.149253
0.182309
0.216382
0.161051
0.157020
0.155861
0.150558
0.138339
0.146688
0.139867
0.139457
0.140271
0.142836
0.139638
0.152566
0.159449
0.177533
0.189073
0.149535
0.153425
0.161154
0.142302
0.144745
0.177324
0.138769
0.149599
0.137512
0.154859
0.166049
0.145423
0.148675
0.158656
0.158707
0.140987
0.145521
0.150695
0.200850
0.194819
0.148236
0.152882
0.159622
0.143720
0.166332
0.145969
0.138351
0.136672
0.138155
0.142294
0.143913
0.145922
0.160296
0.137594
0.146038
0.157279
0.150123
0.148723
0.140820
0.139826
0.137152
0.157350
0.148855
0.142258
0.168370
0.148266
0.147855
0.147506
0.150438
0.159507
0.167160
0.153555
0.165184
0.162721
0.164117
0.145461
0.160551
0.152372
0.149300
0.149021
0.140134
0.146830
0.168152
0.158128
0.141992
0.146689
0.152996
0.147684
0.141195
0.163918
0.145215
0.144666
0.156443
0.154065
0.162942
0.155760
0.142966
0.141791
0.141824
0.142101
0.209053
0.153061
0.144766
0.135549
0.138206
0.143722
0.148152
0.144639
0.183548
0.172095
0.142317
0.143203
0.164125
0.139112
0.140597
0.152365
0.162387
0.154483
0.149305
0.155026
0.143897
0.151674
0.138778
0.139637
0.144064
0.130227
0.139829
0.141562
0.146588
0.159010
0.174773
0.168316
0.155723
0.158361
0.147342
0.153503
0.143151
0.136600
0.148050
0.140350
0.145406
0.150797
0.152971
0.143696
0.153169
0.165807
0.157652
0.172445
0.139341
0.140964
0.153295
0.136950
0.138804
0.169961
0.140099
0.151097
0.152524
0.161450
0.154225
0.142355
0.148768
0.140131
0.140049
0.136065
0.142181
0.141232
0.178282
0.143912
0.145015
0.140929
0.144686
0.152520
0.147294
0.144601
0.142035
0.155120
0.142447
0.141144
0.144877
0.142414
0.139755
0.144948
0.148010
0.176888
0.135873
0.141969
0.213546
0.199904
0.167395
0.137517
0.142603
0.146194
0.145841
0.148480
0.144378
0.148438
0.138383
0.142615
0.156590
0.142985
0.156765
0.163278
0.147450
0.191286
0.137690
0.165015
0.148184
0.173604
0.140881
0.153466
0.147837
0.179603
0.181990
0.163109
0.172539
0.137938
0.142042
0.152327
0.156368
0.173611
0.152889
0.149434
0.144024
0.141625
0.137163
0.145340
0.149506
0.138089
0.139787
0.143300
0.149077
0.139575
0.132210
0.139500
0.144157
0.140411
0.148824
0.146771
0.142916
0.151271
0.145970
0.137028
0.135808
0.152255
0.157984
0.155915
0.144898
0.151169
0.158747
0.143196
0.162540
0.201968
0.151011
0.163794
0.144263
0.177901
0.178240
0.140671
0.153400
0.164353
0.151483
0.159317
0.143414
0.170388
0.154097
0.153939
0.141986
0.142564
0.142397
0.185091
0.159382
0.147143
0.149845
0.188576
0.153663
0.159299
0.139665
0.141831
0.141849
0.145401
0.181260
0.154580
0.145382
0.144201
0.140451
0.193266
0.148810
0.155219
0.158726
0.145420
0.167318
0.130969
0.151085
0.156738
0.171356
0.161467
0.145308
0.158146
0.146759
0.155276
0.146353
0.145097
0.144391
0.141787
0.145929
0.173722
0.156878
0.153941
0.144923
0.168396
0.147719
0.146300
0.144757
0.142565
0.150192
0.161584
0.163518
0.144822
0.219264
0.146701
0.162157
0.160399
0.149457
0.136542
0.153147
0.150251
0.147478
0.159096
0.157573
0.155519
0.167917
0.172958
0.151659
0.167172
0.175142
0.164609
0.144232
0.162767
0.171943
0.194153
0.148565
0.195289
0.143701
0.172654
0.152285
0.198677
0.198626
0.185280
0.149204
0.154733
0.174207
0.149340
0.152017
0.168860
0.138548
0.142346
0.152683
0.156587
0.156190
0.159782
0.170963
0.144994
0.164015
0.165087
0.140651
0.146208
0.168887
0.170402
0.179688
0.141144
0.140211
0.150596
0.202749
0.144831
0.181319
0.155795
0.147576
0.174738
0.158802
0.180627
0.162309
0.175261
0.158696
0.150247
0.155907
0.165791
0.155267
0.151048
0.147554
0.168777
0.150259
0.150314
0.153172
0.163519
0.139756
0.140492
0.178170
0.140629
0.147288
0.154831
0.146442
0.160221
0.143680
0.142979
0.161171
0.145756
0.156806
0.155689
0.169051
0.167738
0.156078
0.156627
0.143576
0.154368
0.165139
0.155272
0.157204
0.153703
0.146295
0.154625
0.184936
0.141960
0.134954
0.137292
0.145723
0.144769
0.146525
0.156220
0.229458
0.195351
0.156242
0.168738
0.166275
0.138977
0.151374
0.138148
0.148399
0.141108
0.143284
0.145503
0.145403
0.153358
0.154122
0.232351
0.160026
0.172022
0.154266
0.147907
0.164029
0.143583
0.159345
0.146395
0.141999
0.165570
0.159167
0.208305
0.149336
0.142621
0.146393
0.143073
0.173935
0.155877
0.138897
0.155359
0.143651
0.143664
0.174707
0.154852
0.156315
0.181945
0.166317
0.141145
