0.00
271.41
222.36
184.88
252.56
150.72
121.18
117.92
119.90
194.28
196.14
195.07
256.64
254.27
284.01
233.59
249.46
150.42
177.38
211.68
236.45
191.44
181.37
223.77
167.96
238.36
198.10
191.67
190.97
159.30
127.41
124.36
160.86
123.57
123.11
25.11
67.85
104.89
148.95
108.40
103.06
38.55
70.75
328.02
266.11
354.34
468.88
437.36
332.77
282.28
229.03
293.28
268.61
201.73
144.75
204.34
150.16
197.79
223.86
216.62
170.12
167.52
188.96
190.81
125.06
160.08
170.09
125.56
179.11
154.19
151.61
201.84
213.72
168.04
166.07
236.35
112.59
270.79
