0.032284
0.147692
0.145038
0.162472
0.150168
0.155230
0.139437
0.150895
0.137368
0.138506
0.152728
0.131576
0.146202
0.134046
0.149984
0.139796
0.151155
0.142080
0.168693
0.167732
0.160389
0.145593
0.147794
0.160486
0.157026
0.149927
0.154721
0.137730
0.158343
0.139559
0.155417
0.136766
0.151699
0.145291
0.153326
0.195247
0.145455
0.143521
0.150208
0.142567
0.140055
0.137733
0.159653
0.175068
0.140475
0.147985
0.157636
0.159225
0.145805
0.152663
0.152053
0.171199
0.148634
0.161721
0.150151
0.148305
0.151145
0.154065
0.144672
0.152095
0.179754
0.161837
0.150056
0.132840
0.153293
0.132643
0.139052
0.142718
0.139641
0.136775
0.140924
0.137109
0.172693
0.159974
0.147756
0.149186
0.153337
0.132801
