0.025175
0.153354
0.231888
0.166889
0.148697
0.141856
0.169723
0.138592
0.139894
0.138730
0.143471
0.136649
0.156991
0.140487
0.156016
0.172050
0.171941
0.150801
0.152349
0.139417
0.187578
0.143638
0.172130
0.165197
0.213307
0.159346
0.149345
0.156062
0.151968
0.168655
0.150952
0.160949
0.156419
0.144280
0.149526
0.171864
0.153832
0.148912
0.150908
0.151922
0.148076
0.155509
0.152942
0.146370
0.152576
0.160322
0.148100
0.163362
0.149397
0.149854
0.141723
0.144054
0.223664
0.131900
0.176441
0.173902
0.137702
0.160870
0.138615
0.156559
0.168083
0.149276
0.149213
0.152692
0.143734
0.148272
0.135732
0.139782
