0.00
0.61
0.53
0.63
0.56
0.51
0.51
0.59
0.53
0.59
0.61
0.58
0.60
0.58
0.52
0.62
0.63
0.55
0.55
0.63
0.61
0.58
0.59
0.51
0.61
0.60
0.60
0.56
0.55
0.63
0.58
0.60
0.49
0.54
0.51
0.59
0.51
0.44
0.53
0.56
0.56
0.54
0.36
0.55
0.48
0.56
0.51
0.41
0.49
0.38
0.21
0.32
0.29
0.29
0.41
0.32
0.14
0.35
0.26
0.39
0.37
0.36
0.45
0.42
0.30
0.25
0.33
0.43
0.21
0.45
0.52
0.42
0.43
0.44
0.41
0.37
0.45
0.48
0.53
0.26
0.37
0.32
0.22
0.32
0.22
0.21
0.30
0.35
0.36
0.28
0.25
0.28
0.24
0.18
0.51
0.44
0.59
0.41
0.44
0.19
0.34
0.21
0.33
0.37
0.22
0.29
0.25
0.28
0.29
