0.00
280.80
176.61
268.16
208.89
156.74
155.13
208.37
169.06
225.70
238.28
200.50
214.83
192.26
183.71
261.50
258.71
180.49
201.67
263.34
221.59
219.40
221.30
166.23
246.12
231.59
230.57
202.38
170.87
245.81
208.92
231.50
165.77
195.59
173.70
252.63
184.44
125.05
164.62
182.36
208.68
164.33
92.96
177.92
138.75
212.38
171.50
112.90
143.18
91.31
42.63
140.46
104.13
83.58
154.85
140.00
78.96
203.93
149.50
181.07
160.67
177.51
199.17
148.14
119.28
84.17
147.42
157.42
80.23
223.55
216.72
145.27
144.00
142.23
125.14
126.00
216.64
189.02
226.74
88.76
142.13
128.12
122.05
110.17
83.79
84.52
99.79
145.31
144.76
163.37
125.11
160.43
139.54
104.63
213.24
222.35
278.41
193.00
221.47
122.65
128.66
92.17
112.78
146.75
95.37
168.48
148.27
107.61
138.77
