0.018862
0.175025
0.143847
0.168078
0.138637
0.152526
0.143486
0.147362
0.144424
0.159371
0.142156
0.179388
0.141836
0.142053
0.159363
0.138575
0.135631
0.158480
0.147264
0.207324
0.156903
0.168531
0.144204
0.152641
0.143591
0.136671
0.145461
0.139623
0.136436
0.143896
0.151545
0.234464
0.162646
0.138090
0.142549
0.139761
0.160375
0.161900
0.142857
0.156496
0.138926
0.143400
0.136903
0.124890
0.150976
0.154473
0.133759
0.124220
0.122633
0.132508
0.140173
0.140975
0.119544
0.124325
0.125765
0.117730
0.120821
0.117499
0.123928
0.118711
0.114494
0.112848
0.121812
0.120235
0.116949
0.117110
0.120712
0.123711
0.123519
0.122731
0.124303
0.139687
0.125882
0.118688
0.125643
0.139746
0.133179
0.144616
0.143467
0.141764
0.138694
0.135030
0.144953
0.155985
0.154176
0.174217
0.159495
0.146890
0.140238
0.179916
0.141029
0.136720
0.155825
0.156818
0.161810
0.171099
0.146348
0.142966
0.159415
0.142719
0.171743
0.159158
0.128688
0.146861
0.167613
0.155999
0.141287
0.143920
0.176372
