0.00
220.39
235.50
261.83
232.95
268.85
231.66
247.89
257.89
260.77
150.30
383.23
199.33
163.43
212.86
131.71
129.63
287.70
343.56
316.02
243.44
379.47
275.12
355.58
318.61
372.01
384.97
327.74
351.71
390.58
190.59
334.30
392.82
380.18
212.69
188.90
413.85
403.86
253.23
380.68
415.53
365.42
257.17
347.22
385.36
352.42
342.85
398.99
217.69
331.15
291.51
358.90
200.31
388.78
384.13
271.75
367.30
291.12
409.75
392.05
232.42
437.28
342.26
389.72
224.39
367.16
382.57
381.95
398.05
378.90
217.58
358.12
369.47
383.22
233.90
307.74
395.62
341.71
304.02
360.78
405.94
