0.034072
0.164525
0.145682
0.154848
0.170224
0.144395
0.147100
0.145143
0.141877
0.145197
0.182091
0.154126
0.146957
0.151297
0.141372
0.163058
0.159803
0.138956
0.136956
0.147289
0.158021
0.177528
0.152369
0.146153
0.160394
0.164835
0.150856
0.154973
0.183822
0.138457
0.150779
0.139041
0.148981
0.145944
0.145147
0.145086
0.146270
0.142303
0.145375
0.154116
0.152237
0.145110
0.155048
0.137825
0.135534
0.143537
0.138659
0.154216
0.139057
0.137919
0.138489
0.167687
0.153508
0.147364
0.191418
0.162431
0.136669
0.137794
0.153819
0.150186
0.136928
0.135163
0.146114
0.143024
0.147445
0.139125
0.132416
0.133988
0.138326
0.139867
0.140782
0.142777
0.140982
0.150207
0.141008
0.138020
0.143571
0.145729
0.143830
0.142973
0.153589
0.150803
0.159169
0.141702
0.150106
0.146281
0.132845
0.136860
0.151380
0.150514
0.152041
0.155360
0.151945
0.147653
0.142497
0.149818
0.163289
0.146940
0.145180
0.137839
0.152544
0.144505
0.151581
0.136599
0.136238
0.134221
0.163204
