0.036027
0.143406
0.149816
0.139776
0.145511
0.133077
0.146591
0.144921
0.126845
0.140551
0.129189
0.141837
0.132648
0.131479
0.133477
0.127804
0.130195
0.159318
0.160136
0.143977
0.136065
0.139140
0.191143
0.156631
0.147532
0.143809
0.136766
0.152546
0.133387
0.156123
0.144875
0.160810
0.149231
0.203079
0.149022
0.142376
0.136912
0.137424
0.143180
0.153831
0.139857
0.142834
0.150980
0.144378
0.133642
0.138789
0.146226
0.139791
0.146950
0.145294
0.139257
0.158290
0.182669
0.136486
0.142155
0.133329
0.149570
0.153452
0.144688
0.143701
0.158694
0.136193
0.156521
0.140363
0.150917
0.151649
0.147728
0.139146
0.146508
0.193640
0.146204
0.154571
0.149134
0.144971
0.134874
0.155609
0.164611
0.172579
0.149330
0.158727
0.155922
