0.00
0.49
0.49
0.48
0.53
0.53
0.61
0.49
0.49
0.55
0.55
0.62
0.51
0.44
0.50
0.49
0.59
0.52
0.50
0.43
0.54
0.63
0.55
0.56
0.52
0.51
0.58
0.51
0.51
0.44
0.45
0.55
0.44
0.52
0.49
0.52
0.66
0.53
0.58
0.56
0.49
0.62
0.51
0.53
0.53
0.54
0.60
0.56
0.31
0.23
0.15
0.37
0.36
0.30
0.31
0.20
0.47
0.18
0.37
0.20
0.41
0.47
0.40
0.40
0.40
0.42
0.41
0.23
0.40
0.34
0.35
0.25
0.35
0.17
0.30
0.28
0.44
0.16
0.31
0.36
0.38
0.42
0.36
0.39
0.34
0.42
0.43
0.44
0.37
0.38
0.39
0.47
0.39
0.32
0.29
0.34
0.26
0.33
0.42
0.45
0.47
0.35
0.41
0.35
0.30
0.33
0.35
0.37
0.47
0.44
0.40
0.38
0.42
0.44
0.40
0.38
0.32
0.42
0.49
0.45
0.45
0.42
0.41
0.45
0.36
0.48
0.53
0.49
0.41
0.42
0.37
0.41
0.37
0.45
0.48
0.22
0.23
0.29
0.31
0.36
0.33
0.32
0.36
0.37
0.40
0.32
0.17
0.35
0.38
0.36
0.44
0.49
0.46
0.39
0.47
0.49
0.51
0.51
0.43
0.50
0.45
0.49
0.41
0.37
0.23
0.21
0.24
0.15
0.16
0.11
0.19
0.23
0.20
0.30
0.28
0.23
0.17
0.18
0.17
0.23
0.15
0.12
0.08
0.10
0.21
0.30
0.37
0.35
0.40
0.38
0.30
0.36
0.43
0.31
0.39
0.52
0.54
0.51
0.51
0.56
0.56
0.58
0.65
0.53
0.62
0.61
0.62
0.60
0.45
0.48
0.54
