0.00
0.62
0.64
0.63
0.62
0.66
0.62
0.64
0.64
0.65
0.67
0.68
0.64
0.63
0.60
0.61
0.62
0.58
0.57
0.55
0.69
0.67
0.55
0.51
0.55
0.60
0.63
0.66
0.64
0.63
0.65
0.62
0.60
0.61
0.57
0.55
0.54
0.51
0.58
0.58
0.50
0.53
0.51
0.53
0.53
0.49
0.47
0.49
0.51
0.54
0.59
0.58
0.55
0.53
0.57
0.55
0.58
0.59
0.53
0.51
0.59
0.72
0.63
0.61
0.67
0.73
0.71
0.66
0.57
0.63
0.59
0.60
0.64
0.64
0.61
0.53
0.55
0.56
0.58
0.57
0.55
0.66
0.49
0.63
0.61
0.63
0.63
0.62
0.58
0.64
0.58
0.60
0.64
0.67
0.66
0.66
0.66
0.67
0.57
0.69
0.69
0.63
0.63
0.62
0.60
0.61
0.57
0.59
0.61
0.58
0.52
0.55
0.46
0.59
0.56
0.50
0.50
0.59
0.61
0.57
0.51
0.52
0.66
0.55
0.60
0.57
0.59
0.51
0.63
0.59
0.59
0.62
0.62
0.60
0.62
0.61
0.65
0.52
0.63
0.61
0.56
0.55
0.52
0.53
0.49
0.53
0.63
0.64
0.62
0.63
0.65
0.63
0.63
0.58
0.61
0.59
0.65
0.62
0.64
0.62
0.69
0.61
0.61
0.58
0.65
0.64
0.64
0.65
0.67
0.62
0.63
0.63
0.60
0.59
0.68
0.56
0.68
0.63
0.63
0.63
0.67
0.57
0.67
0.65
0.65
0.62
0.69
0.64
0.66
0.67
0.67
0.63
0.64
0.62
0.60
0.62
0.63
0.64
0.61
0.61
0.63
0.65
0.62
0.69
0.64
0.63
0.65
0.65
0.62
0.66
0.65
0.64
0.63
0.62
0.62
0.62
0.60
0.61
0.59
0.55
