0.029184
0.153504
0.135691
0.139137
0.137320
0.139530
0.139706
0.163423
0.145728
0.149540
0.145787
0.140009
0.141034
0.142703
0.150866
0.138900
0.142411
0.147958
0.148402
0.142619
0.150764
0.161813
0.159665
0.151557
0.145038
0.157841
0.188232
0.163207
0.150952
0.131357
0.133074
0.155257
0.161356
0.138533
0.143927
0.158284
0.145256
0.150145
0.149450
0.190716
0.138325
0.157559
0.155610
0.135366
0.136037
0.150520
0.144420
0.142251
0.144162
0.133266
0.134323
0.145352
0.146771
0.149767
0.136990
0.134855
0.141885
0.139148
0.139091
0.145039
0.140341
0.139804
0.151079
0.138687
0.148725
0.140811
0.139374
0.149771
0.144963
0.152196
0.144353
0.138003
0.138275
0.145745
0.148839
0.137698
0.146961
0.153801
0.146196
0.160240
0.142890
0.139845
0.144263
0.156753
0.141090
0.175389
0.143981
0.144749
0.135938
0.146958
0.133029
0.146890
0.145776
0.154888
0.188337
0.145785
0.153416
0.143513
0.151710
0.165350
0.175122
0.132824
0.160220
0.139892
0.137290
0.136174
0.138212
0.139036
0.158508
0.141236
0.198899
0.148413
0.142046
0.144931
0.179335
0.140276
0.148438
0.144094
0.146451
0.157324
0.193631
0.147264
0.145082
0.137748
0.136560
0.140097
0.156893
0.141289
0.147042
0.134442
0.141524
0.138185
0.141300
0.160701
0.145153
0.143389
0.141590
0.140599
0.155496
0.139758
0.133058
0.141490
0.135777
0.145746
0.144141
0.135524
0.134276
0.137064
0.136652
0.152473
0.146070
0.142669
0.139545
0.145749
0.144555
0.155366
0.140159
0.141903
0.156227
0.224305
0.217212
0.137071
0.137245
0.151690
0.160412
0.163498
0.140001
0.140917
0.143631
0.165525
0.153728
0.182169
0.178399
0.138069
0.136621
0.141048
0.132773
0.163620
0.143677
0.148411
0.147684
0.143654
0.148057
0.141810
0.142507
0.141495
0.144310
0.137263
0.151082
0.136839
0.144636
0.149308
0.144310
0.171973
0.140635
0.138638
0.147754
0.140644
0.155079
0.134496
0.151802
0.142190
0.149672
0.149954
0.172685
0.147720
0.139206
0.162418
0.142701
0.134564
0.135520
0.163415
0.150934
0.145538
0.142393
0.141601
0.151490
0.141179
0.134966
0.139638
