0.047681
0.151323
0.150390
0.173951
0.143364
0.156399
0.142856
0.144672
0.151369
0.169673
0.192055
0.219053
0.147816
0.164669
0.210963
0.148070
0.150840
0.186671
0.178392
0.159674
0.159217
0.162475
0.159884
0.159467
0.167225
0.155188
0.188805
0.160270
0.192991
0.167137
0.180728
0.153713
0.169747
0.243132
0.179536
0.160202
0.197001
0.182438
0.178573
0.176284
0.170792
0.211736
0.201671
0.188776
0.209193
0.165631
0.212782
0.200608
0.213562
0.223778
0.220673
0.236497
0.285692
0.240408
0.241149
0.222688
0.229453
0.209017
0.213826
0.214604
0.178890
0.185097
0.199383
0.181781
0.191157
0.173990
0.177736
0.174642
0.163344
0.168843
0.155724
0.167796
0.156538
0.149989
0.154322
0.162086
0.151185
0.168357
0.178386
0.144320
