0.00
469.70
371.43
289.93
301.52
314.63
382.84
364.70
423.10
421.78
465.47
277.11
304.73
441.96
420.17
403.44
393.12
307.88
355.41
457.57
448.89
460.52
494.31
442.91
443.62
413.32
420.14
413.87
466.96
496.31
462.86
484.12
397.77
401.33
431.97
463.37
383.03
443.38
397.04
434.63
425.18
420.82
444.85
341.27
389.59
409.05
349.25
398.98
463.82
500.24
461.00
517.54
518.27
509.01
513.96
484.47
389.26
406.46
505.81
435.30
503.05
464.52
451.28
480.00
365.48
401.53
420.43
452.51
442.40
454.99
356.54
419.85
416.50
394.36
428.27
355.85
375.78
367.99
321.97
343.87
