0.011429
0.125598
0.126199
0.137646
0.119322
0.131081
0.127815
0.125730
0.143813
0.132523
0.131711
0.127081
0.131276
0.130020
0.128692
0.134722
0.132514
0.140764
0.152730
0.124910
0.121129
0.128811
0.159655
0.137624
0.146026
0.128189
0.119187
0.136739
0.127717
0.173307
0.120416
0.124554
0.150084
0.141773
0.142570
0.167022
0.157156
0.159247
0.151173
0.157700
0.163883
0.153081
0.152174
0.151509
0.166818
0.160309
0.146314
0.156020
0.171921
0.151428
0.181813
0.163285
0.146568
0.141354
0.152527
0.173638
0.146586
0.144494
0.149137
0.145777
0.149745
0.154371
0.162417
0.147833
0.199394
0.154394
0.148438
0.143935
0.150512
0.153108
0.174988
0.235652
0.156615
0.150044
0.182161
0.157992
0.171632
0.150623
0.156550
0.149248
0.172397
0.155878
0.142975
0.153003
0.186934
0.157082
0.183049
0.149909
0.168209
0.154716
0.162149
0.171405
0.147814
0.158776
0.164423
0.162889
0.148807
0.152286
0.141994
0.154699
0.152785
0.166886
0.151764
0.146685
0.149612
0.151052
0.153223
0.157036
0.179221
0.182673
0.165724
0.153168
0.152434
0.150301
0.160370
0.227671
0.145352
0.156259
0.148688
0.154840
0.146370
0.158617
0.150953
0.151138
0.148939
0.147395
0.151150
0.174210
0.166170
0.146034
0.170726
0.147306
0.146451
0.149257
0.149218
0.152156
0.146478
0.162711
0.142255
0.144022
0.159145
0.154304
0.145723
0.144998
0.143076
0.147563
0.155844
0.147979
0.160445
0.193965
0.163152
0.157726
0.167023
0.163684
0.134633
0.154873
0.140661
0.150525
0.146311
0.193901
0.145865
0.160278
0.143070
0.147903
0.147453
0.147672
0.145618
0.175168
0.163895
0.153577
0.152738
0.140500
0.139686
0.173764
0.176015
0.208058
0.158541
0.157177
0.146556
0.159602
0.141213
0.182218
0.172555
0.163460
0.158175
0.151488
0.154013
0.148843
0.155831
0.148844
0.160104
0.148463
0.176860
0.165702
0.141575
0.142865
0.155116
0.185054
0.252972
0.159546
0.172562
0.139573
0.142385
0.152098
0.166750
0.159222
0.165615
0.166842
0.152283
0.180268
0.151320
0.194816
0.180743
0.172611
0.159964
0.153044
0.149817
0.179403
0.178290
0.183740
0.167756
0.140982
0.145654
0.162506
0.152344
0.183898
0.216330
0.158277
0.167603
0.165699
0.215001
0.157604
0.141500
0.161640
0.162898
0.157805
0.152461
0.165027
0.153433
0.148230
0.158057
0.158832
0.145186
0.156328
0.145566
0.148736
0.144956
0.163045
0.188413
