0.027719
0.166526
0.186438
0.158623
0.157235
0.184959
0.140863
0.156895
0.171568
0.200672
0.242473
0.169007
0.157085
0.147758
0.144038
0.166410
0.146645
0.135278
0.167006
0.192370
0.158657
0.132909
0.136921
0.128272
0.114877
0.147840
0.118958
0.117717
0.132888
0.116526
0.120753
0.126011
0.125194
0.127967
0.119712
0.141853
0.145318
0.124787
0.127004
0.123187
0.134731
0.129134
0.128162
0.122427
0.190086
0.177857
0.134689
0.179323
0.114812
0.127413
0.148288
0.123911
0.120600
0.129483
0.129382
0.126316
0.132023
0.126271
0.122028
0.123279
0.131136
0.121029
0.120711
0.118564
0.144881
0.121787
0.138646
0.148325
0.144299
0.147128
0.142008
0.146275
0.165953
0.144647
0.147792
0.150707
0.143939
0.142301
0.153281
0.160478
0.165259
0.153527
0.146340
0.144878
0.188712
0.166475
0.161312
0.157402
0.149747
0.142738
0.153672
0.172213
0.157065
0.144556
0.139651
0.142150
0.137616
0.145365
0.188280
0.157736
0.156579
0.150058
0.137819
0.147444
0.143914
0.158193
0.150535
0.147330
0.146154
0.172076
0.154917
0.148344
0.138951
0.148640
0.166394
0.162608
0.157670
0.155921
0.150689
0.149801
0.178224
0.153556
0.139560
0.154558
0.141853
0.150055
0.205147
0.150088
0.155360
0.140902
0.150528
0.157131
0.150802
0.142685
0.147482
0.174806
0.238140
0.178526
0.179851
0.156234
0.210854
0.219763
0.151384
0.165102
0.139334
0.144526
0.148244
0.145282
0.155038
0.142248
0.145692
0.143552
0.156126
0.142016
0.164171
0.171179
0.153762
0.152750
0.167935
0.151899
0.144214
0.161457
0.153405
0.170052
0.178987
0.166604
0.156373
0.156878
0.148828
0.149197
0.158772
0.205779
0.156198
0.142946
0.135084
0.135534
0.187044
0.140001
0.138772
0.139621
0.142697
0.163282
0.178035
0.147683
0.147835
0.143301
0.188260
0.165385
0.155138
0.147504
0.143113
0.146286
0.154685
0.179543
0.174963
0.147363
0.142692
0.139594
0.141180
0.139653
0.147197
0.148018
