0.00
197.55
146.40
206.00
234.95
210.93
162.62
268.09
197.37
227.90
278.44
244.55
233.51
234.47
161.20
168.39
204.93
338.92
257.49
158.03
220.81
335.06
378.73
254.43
292.70
213.64
278.64
225.30
201.52
272.51
337.34
236.59
204.96
165.94
197.91
134.30
174.30
158.06
106.65
111.43
149.91
134.53
108.37
198.88
188.07
166.77
119.93
166.36
116.73
118.07
87.02
114.32
118.94
115.20
124.76
318.82
199.48
117.86
140.21
98.70
213.82
134.15
209.09
183.57
155.58
215.78
227.65
243.87
158.42
143.37
188.53
118.89
217.21
209.14
171.44
171.42
180.57
131.44
175.19
250.74
133.03
137.06
109.78
207.21
263.50
187.06
198.14
170.71
144.47
469.04
466.18
400.48
345.36
415.42
366.18
261.39
346.26
198.92
300.72
146.70
171.95
170.83
163.94
225.17
248.04
320.10
271.34
194.48
169.76
215.74
133.57
110.22
85.02
146.19
130.64
70.17
111.73
118.97
63.44
155.54
135.19
160.37
164.67
206.44
203.02
164.22
184.79
159.86
178.85
223.04
253.02
210.33
128.65
120.58
134.49
194.47
111.17
144.57
123.05
142.20
129.55
177.01
169.53
335.66
335.88
177.03
210.80
308.89
347.02
165.46
214.23
375.72
211.41
366.23
264.05
261.33
256.01
219.88
226.62
146.57
171.70
234.60
189.60
157.42
161.14
176.96
175.62
240.00
296.31
180.41
215.40
304.96
292.75
381.17
364.44
411.59
302.81
283.79
274.47
336.42
252.53
229.36
255.25
261.34
270.55
242.86
236.70
217.02
303.15
354.99
329.01
369.78
361.70
366.30
246.39
271.41
315.49
261.75
252.48
222.96
231.25
150.04
181.14
130.21
118.20
147.08
151.16
193.35
165.84
227.24
242.98
223.90
365.37
245.63
220.49
165.66
236.35
249.95
259.62
341.60
241.43
153.52
237.81
238.85
219.34
153.90
161.45
137.98
125.79
106.81
115.50
174.98
210.58
123.90
163.29
177.00
164.64
149.85
145.66
134.29
155.33
209.88
159.29
203.80
147.46
106.83
154.02
144.99
158.33
142.44
123.87
110.70
101.53
72.94
116.56
95.90
200.76
83.34
124.53
122.53
149.86
212.20
200.74
233.18
181.33
135.54
119.50
130.12
145.28
156.52
213.58
135.81
153.28
191.73
260.58
202.77
161.72
285.38
219.54
169.63
212.49
185.76
173.02
234.22
146.01
164.48
164.51
