0.049732
0.148492
0.137546
0.135645
0.138577
0.229946
0.149646
0.150988
0.152360
0.145754
0.147223
0.150663
0.137753
0.173323
0.152771
0.171094
0.158370
0.142502
0.165697
0.141412
0.144988
0.143956
0.143484
0.141914
0.146482
0.146550
0.142463
0.134906
0.152926
0.138070
0.148323
0.137657
0.141238
0.144984
0.145544
0.158148
0.154215
0.167977
0.144089
0.154920
0.135110
0.151491
0.135139
0.152957
0.134230
0.115613
0.140671
0.123223
0.129289
0.123667
0.127261
0.151946
0.187728
0.142646
0.130796
0.138624
0.120105
0.144338
0.126761
0.121634
0.149451
0.119855
0.128084
0.136575
0.145857
0.139559
0.126659
0.137016
0.156799
0.128924
0.130924
0.129963
0.152379
0.125687
0.120666
0.144040
0.148389
0.159133
0.147834
0.154072
0.139377
0.149202
0.151540
0.163053
0.147594
0.148989
0.137260
0.148403
0.143099
0.178790
0.148898
0.152745
0.140431
0.232943
0.156092
0.164361
0.131081
0.154817
0.156766
0.220968
0.149460
0.151569
0.146885
0.157454
0.142220
0.149929
0.148330
0.174585
0.173035
0.219049
0.157677
0.148885
0.141566
0.149579
0.148180
0.142582
0.148015
0.136026
0.193062
0.138355
0.133584
0.147114
0.154841
0.146283
0.148223
0.156802
0.144176
0.133119
0.174231
0.147233
0.177669
0.184789
0.147303
0.154215
0.143363
0.147154
0.157443
0.147637
0.154522
0.141582
0.154842
0.138667
0.127757
0.140493
0.113034
0.118051
0.137913
0.124142
0.119300
0.128377
0.127422
0.125690
0.124358
0.121081
0.150730
0.122067
0.128666
0.125882
0.127394
0.158280
0.144142
0.127591
0.123028
0.138037
0.123254
0.126562
0.135832
0.130893
0.122224
0.115543
0.124078
0.118713
0.133512
0.133050
0.126505
0.121023
0.124002
0.146392
0.197664
0.159103
0.134936
0.137150
0.149290
0.150374
0.146888
0.156975
0.153016
0.145261
0.145586
0.149670
0.142580
0.170244
0.145418
0.151637
0.143082
0.151273
0.145215
0.146533
0.171367
0.148234
0.140115
0.139649
0.146265
0.165295
0.152041
0.146522
0.148771
0.154456
0.139250
0.164724
