0.00
218.92
270.95
255.41
269.06
190.31
237.11
200.51
143.55
156.19
181.66
147.70
186.82
149.06
165.89
157.18
248.79
163.80
200.29
275.47
321.16
201.41
195.19
169.40
337.70
306.94
319.24
295.73
200.59
290.94
158.03
155.36
247.52
204.29
213.03
198.61
227.21
196.85
250.27
188.92
269.77
163.07
167.95
168.18
211.24
211.15
187.04
206.15
206.14
131.84
242.69
230.49
140.64
186.84
160.01
190.06
202.76
208.70
207.07
218.75
267.10
222.32
167.52
285.08
208.24
213.56
243.83
248.32
329.92
222.01
241.36
227.04
213.76
224.20
153.72
131.21
135.47
208.52
192.52
205.53
194.35
185.93
167.30
237.88
227.54
314.05
204.68
178.50
143.51
141.85
143.18
203.38
192.31
257.76
226.62
223.27
325.76
326.13
189.82
352.71
400.14
300.05
269.70
381.63
270.27
194.38
374.79
360.34
272.45
334.62
240.26
256.61
205.68
150.37
161.43
225.38
241.99
257.66
246.35
384.47
227.56
288.85
281.50
224.31
195.93
236.98
305.51
227.78
319.47
202.57
216.58
186.61
191.85
373.63
364.89
363.50
391.76
282.77
248.73
206.32
276.90
186.94
224.29
246.46
252.45
318.92
205.42
198.33
203.03
179.88
157.06
191.94
161.72
192.67
267.52
225.70
147.75
255.71
300.21
267.01
352.25
263.59
299.54
446.32
464.46
443.92
463.90
375.16
357.44
342.47
239.76
293.24
428.89
339.93
232.52
252.65
223.48
218.90
154.89
96.30
12.16
11.18
74.77
416.11
112.03
137.58
278.18
91.40
153.31
109.23
35.20
56.35
127.80
210.80
163.85
179.80
220.44
225.16
144.40
157.38
141.24
182.23
130.55
175.13
214.87
134.00
117.57
105.85
124.24
88.21
165.26
188.51
238.92
209.79
230.12
207.15
252.41
241.55
165.97
182.58
168.36
269.48
191.90
150.42
162.19
113.57
212.63
240.45
293.09
219.78
123.53
40.83
34.45
197.28
161.74
168.50
164.82
199.12
184.74
199.38
225.72
224.78
201.73
196.20
182.18
139.82
185.04
130.84
218.47
198.79
128.95
99.85
153.29
147.56
205.58
247.27
172.28
133.10
102.86
163.02
129.35
98.11
182.79
44.16
62.35
19.72
64.66
30.76
121.88
156.90
200.38
129.95
271.88
44.15
47.05
390.43
245.11
283.96
204.66
253.79
321.79
289.48
246.91
322.64
200.51
243.60
230.46
245.53
235.94
233.63
310.43
222.50
194.72
215.14
174.33
181.47
115.84
98.67
96.48
155.42
195.50
265.97
235.27
155.47
185.62
219.87
230.48
185.77
183.14
260.39
303.47
213.53
197.04
189.24
134.64
167.35
135.32
169.41
195.98
217.88
187.93
179.51
249.36
178.62
198.63
165.53
136.71
204.02
123.35
117.48
186.85
257.03
290.06
206.44
171.00
195.60
263.66
328.02
174.48
161.22
220.30
248.07
294.11
236.06
178.94
236.69
220.22
248.97
175.29
121.78
106.02
144.04
176.61
159.06
145.09
152.21
140.32
157.63
229.05
186.67
125.57
210.54
193.60
239.65
235.27
268.81
281.91
172.63
288.45
262.13
179.82
199.37
185.31
176.62
160.76
228.01
155.82
155.81
161.00
210.98
335.95
302.62
311.02
340.55
246.96
198.81
236.20
172.57
236.93
179.01
168.68
133.74
190.53
146.75
143.31
140.42
192.74
157.50
129.78
199.63
149.87
141.05
171.90
100.17
142.29
206.60
185.99
177.27
138.04
151.33
172.77
168.20
193.41
177.49
209.26
163.65
170.68
153.77
183.66
211.20
148.88
108.64
167.01
181.25
167.72
160.38
228.11
212.92
204.24
239.38
199.15
151.65
166.03
193.19
216.08
185.01
148.77
162.93
213.99
158.25
158.84
154.59
208.38
121.13
225.07
157.80
57.18
67.62
122.35
162.65
166.28
269.75
222.92
168.88
152.91
171.37
206.45
158.49
178.72
167.40
166.72
280.34
182.94
210.36
202.73
224.20
151.93
183.17
212.90
146.53
167.89
270.50
205.85
203.56
186.43
217.68
229.22
195.91
270.36
170.42
241.92
258.77
212.83
180.90
166.43
227.71
237.84
190.28
210.44
208.76
173.65
104.48
145.73
206.62
213.75
156.45
193.12
183.97
193.46
243.26
209.32
216.18
211.50
272.99
235.36
301.29
286.11
257.88
261.73
269.72
316.89
304.20
203.50
230.04
321.33
206.92
226.23
147.93
121.00
126.61
112.84
141.72
59.65
121.19
101.50
92.26
143.51
104.17
106.82
93.85
114.65
107.51
112.65
192.15
180.69
132.25
162.41
172.47
256.86
226.80
216.94
215.14
200.61
130.34
178.28
170.08
186.09
127.11
108.70
140.07
247.12
291.85
227.88
260.89
266.31
221.73
186.09
170.81
189.20
205.42
216.73
188.75
177.80
204.96
189.27
220.95
246.69
181.72
209.89
208.91
220.22
181.63
243.13
191.68
179.26
184.72
142.86
198.86
159.94
152.28
180.19
154.19
187.94
182.07
149.57
188.74
143.13
266.02
216.40
286.22
335.64
343.91
385.49
295.61
236.30
301.21
346.64
365.89
360.68
341.84
214.99
292.85
194.08
302.18
367.83
401.86
281.40
324.24
255.20
216.65
274.37
211.09
137.01
143.15
259.65
177.64
236.75
320.41
205.73
301.31
181.26
240.13
229.95
194.40
295.92
266.45
273.36
262.52
283.89
257.77
175.88
200.36
183.96
220.14
166.13
123.71
148.04
188.78
197.61
212.21
156.69
244.02
242.20
156.17
147.46
115.69
210.14
187.68
172.81
170.17
166.17
159.84
134.50
85.77
145.08
132.16
134.05
172.38
149.78
169.44
108.15
101.95
111.36
156.39
136.00
145.87
187.22
349.96
295.95
271.92
171.28
220.58
171.22
156.01
158.47
146.40
128.74
68.03
124.76
130.58
134.87
138.16
117.53
189.66
69.55
117.31
81.06
91.58
67.95
63.26
114.98
47.02
88.20
124.52
87.56
179.19
163.69
122.59
135.57
