0.00
258.61
297.43
389.35
326.32
451.02
361.17
360.89
311.95
399.60
390.05
279.47
434.52
319.05
352.12
312.61
300.44
330.53
312.45
342.57
444.04
412.94
407.78
286.32
366.97
375.53
291.39
244.62
186.34
307.16
174.81
334.57
279.12
279.60
355.12
235.65
337.00
150.79
219.14
323.48
184.62
185.90
339.71
423.04
384.89
408.80
428.84
478.49
424.52
391.59
293.05
436.91
210.78
276.12
394.40
436.57
468.50
399.45
319.91
312.08
427.32
447.49
478.82
452.48
309.06
396.93
359.86
212.96
290.12
256.73
232.85
227.38
326.96
211.46
312.99
391.92
401.81
412.34
386.17
278.24
201.03
400.63
293.74
230.30
236.45
256.29
209.53
253.14
233.77
296.71
299.79
155.66
254.99
359.36
268.59
240.92
288.04
274.25
303.14
286.28
308.02
359.04
356.22
334.17
257.55
413.32
341.62
447.24
361.92
372.03
211.98
248.93
255.54
230.98
214.89
225.83
319.65
370.54
200.39
225.52
210.37
288.44
460.12
425.51
313.68
448.46
383.00
315.96
292.52
268.47
401.03
474.19
351.86
408.73
467.08
387.75
299.11
291.55
253.93
225.57
300.36
271.26
338.34
197.63
280.62
304.35
347.83
261.21
309.42
234.67
321.23
241.85
351.37
422.96
479.05
319.68
223.04
237.25
311.05
294.93
363.01
304.28
386.13
360.68
314.02
349.64
293.18
313.19
245.68
259.68
232.50
230.88
305.54
385.96
284.97
249.18
258.45
295.01
317.16
239.19
258.39
291.74
244.96
216.81
207.67
358.27
222.78
265.19
252.06
306.57
303.89
243.51
369.26
362.14
365.10
272.84
267.64
282.54
350.05
352.79
383.98
338.98
225.18
377.22
274.78
349.28
302.02
244.59
242.23
220.83
209.06
301.65
260.07
329.02
261.10
289.99
398.44
414.79
449.55
377.09
308.01
330.08
389.73
388.52
314.93
329.53
242.63
351.14
338.98
335.52
371.98
350.80
176.82
201.10
202.00
289.70
368.98
388.28
389.22
356.33
279.44
237.99
212.52
278.93
184.12
293.52
196.92
312.45
200.55
170.94
247.10
249.74
392.51
435.59
423.98
415.05
443.88
385.43
360.08
188.50
250.46
383.28
350.69
292.54
292.63
245.08
235.97
193.49
387.61
259.77
249.80
268.09
333.36
267.60
242.86
236.43
284.52
327.27
359.93
362.95
462.02
469.91
323.76
460.14
461.44
482.90
465.51
497.70
453.96
481.02
405.29
449.50
398.63
263.02
296.28
259.89
230.43
232.26
322.54
271.50
336.72
278.70
493.15
432.32
338.17
342.63
232.10
259.36
430.97
506.37
433.46
423.14
434.48
437.80
350.55
386.19
431.15
430.22
282.31
316.53
417.75
382.32
305.95
221.25
211.02
380.30
404.31
412.69
415.37
467.27
