0.00
0.51
0.45
0.54
0.58
0.53
0.50
0.57
0.54
0.55
0.59
0.55
0.54
0.54
0.45
0.47
0.54
0.62
0.56
0.44
0.55
0.66
0.69
0.56
0.61
0.52
0.60
0.53
0.53
0.59
0.65
0.56
0.52
0.48
0.51
0.44
0.50
0.46
0.38
0.36
0.38
0.36
0.37
0.47
0.45
0.43
0.41
0.41
0.39
0.37
0.35
0.37
0.34
0.33
0.32
0.56
0.35
0.30
0.35
0.29
0.34
0.33
0.28
0.23
0.28
0.33
0.50
0.47
0.24
0.26
0.37
0.21
0.49
0.43
0.45
0.46
0.42
0.43
0.41
0.45
0.42
0.34
0.33
0.53
0.52
0.48
0.48
0.44
0.34
0.76
0.74
0.67
0.64
0.70
0.64
0.54
0.66
0.50
0.61
0.45
0.48
0.48
0.48
0.54
0.57
0.65
0.60
0.53
0.49
0.54
0.44
0.41
0.39
0.46
0.46
0.32
0.32
0.34
0.31
0.41
0.41
0.43
0.50
0.50
0.51
0.45
0.47
0.46
0.50
0.53
0.54
0.48
0.41
0.35
0.42
0.48
0.38
0.43
0.41
0.45
0.41
0.45
0.48
0.61
0.64
0.45
0.50
0.60
0.61
0.47
0.49
0.68
0.51
0.56
0.55
0.58
0.57
0.53
0.53
0.44
0.48
0.56
0.50
0.44
0.47
0.52
0.48
0.55
0.59
0.49
0.51
0.61
0.61
0.68
0.65
0.70
0.62
0.60
0.59
0.64
0.56
0.55
0.56
0.57
0.59
0.53
0.56
0.51
0.58
0.63
0.60
0.61
0.59
0.40
0.37
0.55
0.57
0.48
0.50
0.50
0.52
0.36
0.50
0.31
0.35
0.40
0.46
0.49
0.37
0.50
0.58
0.54
0.66
0.55
0.55
0.45
0.56
0.57
0.58
0.64
0.54
0.43
0.54
0.52
0.53
0.47
0.48
0.44
0.41
0.32
0.35
0.38
0.22
0.41
0.48
0.51
0.49
0.48
0.46
0.47
0.48
0.54
0.45
0.54
0.46
0.38
0.46
0.45
0.47
0.42
0.34
0.38
0.39
0.33
0.43
0.34
0.48
0.31
0.36
0.39
0.41
0.48
0.49
0.51
0.44
0.37
0.36
0.39
0.41
0.48
0.52
0.49
0.46
0.50
0.57
0.49
0.49
0.56
0.50
0.46
0.50
0.50
0.48
0.54
0.44
0.44
0.48
