0.00
413.94
361.00
342.60
240.20
224.70
248.75
257.44
238.36
224.07
154.29
194.00
177.97
105.52
170.57
227.25
255.39
441.49
351.69
349.35
172.44
202.89
354.68
237.24
215.80
194.42
201.78
303.36
334.85
244.68
255.01
226.16
208.04
188.15
176.26
271.81
144.15
203.60
191.81
140.47
133.72
147.24
232.76
214.04
294.81
210.40
164.15
154.84
113.91
151.95
173.32
202.13
211.23
182.96
205.13
170.10
269.66
245.20
233.97
211.69
249.85
241.48
215.84
225.30
166.78
181.09
138.78
182.47
199.64
196.93
166.14
156.32
171.88
173.28
190.31
187.36
281.22
176.09
174.33
259.74
245.98
284.39
267.38
289.88
264.97
295.37
288.26
247.67
247.98
220.95
188.09
261.36
174.26
148.49
167.98
256.32
194.81
319.48
319.33
305.35
245.02
261.91
239.17
302.96
189.57
289.97
263.80
196.25
202.47
203.88
269.50
254.60
284.81
209.01
275.54
251.96
190.85
185.84
214.27
252.26
322.52
348.70
234.28
305.94
197.34
308.80
209.70
236.84
247.78
350.78
393.54
297.58
269.33
255.46
233.98
317.57
385.16
355.19
368.32
317.83
221.90
251.66
215.39
294.63
230.93
182.80
161.40
317.45
181.12
169.90
226.33
300.85
194.19
358.59
479.44
422.81
341.46
216.81
304.20
140.17
200.03
161.04
191.39
373.68
356.97
404.51
387.84
334.44
279.72
203.24
238.50
311.73
221.10
307.91
401.44
254.59
311.06
295.38
286.09
274.97
157.03
256.25
348.55
313.25
342.27
388.53
246.89
278.12
243.62
456.89
392.84
393.41
332.04
276.54
394.03
322.47
300.16
251.36
284.54
239.96
182.29
176.38
293.04
305.20
263.72
216.52
223.54
265.97
320.26
268.85
278.72
