0.014677
0.144857
0.143573
0.154576
0.143428
0.151305
0.148625
0.141936
0.142142
0.139020
0.231960
0.177622
0.150318
0.146542
0.160402
0.147869
0.168737
0.146974
0.141696
0.142915
0.170121
0.205340
0.167997
0.139901
0.147549
0.149736
0.160419
0.132801
0.138876
0.149410
0.145212
0.176576
0.148332
0.146142
0.139366
0.144457
0.137282
0.146276
0.162705
0.144289
0.139317
0.157480
0.140739
0.154488
0.146287
0.137410
0.142764
0.159611
0.137966
0.164185
0.155024
0.158805
0.169863
0.150425
0.151199
0.187716
0.222377
0.143329
0.142178
0.143502
0.133973
0.161819
0.147017
0.157100
0.180935
0.144856
0.152679
0.140173
0.146434
0.146335
0.157874
0.133627
0.137593
0.141083
0.148630
0.149173
0.158665
0.149786
0.165904
0.142815
0.144378
0.152326
0.146534
0.141198
0.141384
0.156079
0.136903
0.145357
0.146632
0.143885
0.145066
0.158131
0.150063
0.145591
0.145406
0.145089
0.144468
0.184079
0.195668
0.203273
0.162105
0.152848
0.140989
0.145661
0.159767
0.151271
0.149174
0.148010
0.207479
0.179368
0.137157
0.145651
0.153013
0.155836
0.151259
0.154171
0.146099
0.142937
0.148723
0.167083
0.148042
0.142024
0.148681
0.152582
0.161741
0.147750
0.137510
0.134019
0.150478
0.176458
0.165864
0.152851
0.149271
0.146456
0.144013
0.143002
0.148702
0.157104
0.142992
0.147583
0.169051
0.142805
0.144823
0.137113
0.142058
0.141875
0.148879
0.162510
0.177616
0.172645
0.177256
0.163475
0.143680
0.151020
0.151217
0.154212
0.142339
0.158172
0.139224
0.148504
0.146495
0.162387
0.143280
0.147922
0.150257
0.153435
0.149639
0.191304
0.198517
0.148159
0.141702
0.156060
0.139797
0.140451
0.141090
0.139250
0.158543
0.142351
0.143268
0.142401
0.153120
0.160555
0.158868
0.148288
0.165055
0.144914
0.144748
0.139521
0.150232
0.149244
0.145207
0.148511
0.170452
0.154567
0.140590
0.138406
0.147951
0.150218
0.160016
0.147018
0.148618
0.222399
0.158984
0.152664
0.154753
0.154234
0.177032
0.230881
0.220845
0.157689
0.151390
