0.00
203.55
225.58
288.44
264.25
238.10
214.07
258.53
297.73
305.58
233.93
273.32
351.98
376.29
351.67
276.24
246.16
301.99
422.90
377.63
403.44
336.31
292.41
240.79
303.53
347.19
353.44
331.40
376.33
317.54
275.61
203.66
316.36
211.43
171.11
206.27
220.32
162.77
296.61
343.88
331.82
165.15
198.36
129.42
280.81
307.03
356.12
356.06
356.62
295.90
288.97
287.91
251.61
267.57
236.18
252.08
225.56
196.95
129.00
80.24
65.17
96.38
113.19
145.96
239.33
170.53
274.33
130.90
87.12
85.42
98.62
75.16
299.55
223.27
330.04
183.86
201.76
241.62
147.61
271.31
294.03
262.50
175.77
235.41
223.88
171.14
156.08
127.50
190.47
157.60
277.84
249.14
326.00
209.69
220.22
302.29
242.67
280.33
252.24
199.94
209.91
350.37
327.06
331.71
324.77
294.27
190.89
211.07
173.23
202.93
185.65
125.08
223.09
288.08
229.16
209.97
181.69
201.29
126.78
231.62
178.00
316.34
169.44
197.79
191.87
107.11
91.22
148.02
173.19
161.52
137.94
193.45
102.70
144.56
64.02
115.25
88.86
193.76
108.29
151.38
180.69
95.77
145.64
144.44
81.05
77.81
67.64
161.00
104.40
138.91
161.68
147.90
199.85
182.32
249.03
190.58
257.84
191.76
216.24
195.52
169.24
268.12
200.46
285.41
114.49
132.80
184.76
184.84
140.60
104.98
186.87
130.03
126.72
106.18
91.54
150.64
53.37
87.18
109.78
199.74
75.48
240.16
116.31
154.08
192.43
180.15
304.51
155.18
332.00
318.42
174.01
201.10
316.36
300.76
146.49
103.00
68.44
83.12
144.98
69.13
90.42
72.59
75.02
108.45
77.04
62.46
91.03
94.17
90.25
232.83
94.67
74.59
71.46
99.61
80.01
195.17
136.98
271.99
140.75
80.76
104.55
290.04
274.13
292.55
145.21
113.98
170.07
129.15
144.87
98.85
65.10
85.89
232.72
231.41
224.44
292.93
351.60
373.18
312.03
387.88
333.01
361.63
260.29
327.63
212.84
334.65
268.40
151.65
310.19
372.34
346.05
197.35
317.74
195.90
190.13
129.94
140.92
303.61
198.47
211.40
137.69
113.29
163.94
272.60
214.44
144.95
139.35
154.67
123.56
219.89
207.61
249.86
184.96
219.45
217.36
322.72
257.39
167.21
160.34
131.35
114.92
196.68
185.28
189.03
106.06
177.21
104.86
221.62
130.53
139.16
102.96
51.59
69.64
61.29
96.61
118.20
143.66
204.57
180.19
205.48
185.36
241.88
107.55
84.08
93.41
79.73
36.93
97.93
72.12
77.12
47.03
31.35
174.81
174.65
204.22
130.46
157.76
147.32
179.68
116.50
223.25
228.17
255.03
254.44
236.94
189.95
178.58
137.05
160.99
72.18
62.82
190.94
222.13
247.10
259.13
243.41
176.54
220.82
198.19
199.71
134.96
263.09
302.22
322.60
303.37
188.50
225.39
195.74
242.88
265.90
298.86
272.36
321.29
290.99
294.71
358.38
341.07
385.26
350.43
312.91
268.43
306.82
282.01
230.68
179.36
149.85
273.52
276.97
256.10
278.83
284.13
341.16
317.48
332.96
238.52
357.44
255.26
270.71
318.50
250.49
328.28
244.00
295.96
264.59
282.12
461.30
479.61
377.11
249.62
223.67
188.44
