0.00
0.48
0.55
0.62
0.59
0.56
0.55
0.57
0.64
0.61
0.57
0.59
0.65
0.67
0.65
0.59
0.56
0.62
0.68
0.68
0.70
0.54
0.49
0.43
0.58
0.58
0.47
0.35
0.52
0.42
0.33
0.26
0.49
0.34
0.21
0.32
0.23
0.31
0.57
0.43
0.40
0.32
0.30
0.30
0.47
0.44
0.52
0.56
0.60
0.51
0.45
0.47
0.40
0.49
0.40
0.37
0.43
0.48
0.36
0.16
0.14
0.14
0.22
0.33
0.55
0.42
0.52
0.19
0.20
0.20
0.06
0.06
0.49
0.37
0.64
0.48
0.50
0.59
0.39
0.58
0.61
0.57
0.44
0.52
0.45
0.36
0.37
0.33
0.41
0.33
0.55
0.48
0.57
0.39
0.48
0.54
0.52
0.60
0.55
0.47
0.52
0.65
0.64
0.62
0.62
0.59
0.49
0.51
0.43
0.48
0.47
0.30
0.36
0.60
0.51
0.50
0.45
0.46
0.38
0.51
0.47
0.57
0.38
0.44
0.30
0.30
0.25
0.37
0.44
0.30
0.34
0.42
0.28
0.34
0.23
0.33
0.27
0.43
0.34
0.35
0.34
0.25
0.35
0.39
0.27
0.22
0.21
0.39
0.22
0.36
0.29
0.30
0.46
0.37
0.49
0.42
0.49
0.33
0.40
0.33
0.29
0.43
0.27
0.44
0.23
0.22
0.35
0.41
0.24
0.14
0.34
0.35
0.34
0.26
0.17
0.30
0.14
0.12
0.18
0.31
0.18
0.36
0.26
0.34
0.38
0.35
0.47
0.31
0.45
0.43
0.24
0.34
0.50
0.25
0.24
0.21
0.16
0.13
0.23
0.12
0.13
0.13
0.12
0.15
0.12
0.11
0.14
0.12
0.19
0.34
0.15
0.11
0.15
0.18
0.16
0.25
0.15
0.30
0.16
0.16
0.17
0.38
0.26
0.41
0.23
0.16
0.15
0.11
0.12
0.08
0.09
0.06
0.30
0.30
0.27
0.44
0.44
0.43
0.44
0.44
0.31
0.46
0.22
0.49
0.20
0.35
0.24
0.20
0.32
0.40
0.31
0.16
0.28
0.20
0.23
0.15
0.14
0.31
0.19
0.31
0.19
0.08
0.24
0.21
0.16
0.11
0.18
0.16
0.18
0.38
0.29
0.53
0.31
0.41
0.41
0.58
0.47
0.37
0.28
0.23
0.18
0.36
0.30
0.39
0.20
0.32
0.25
0.33
0.29
0.32
0.18
0.11
0.10
0.12
0.19
0.18
0.27
0.39
0.34
0.35
0.32
0.39
0.15
0.13
0.11
0.10
0.06
0.13
0.09
0.09
0.08
0.06
0.21
0.23
0.17
0.15
0.17
0.15
0.18
0.16
0.28
0.28
0.28
0.28
0.25
0.17
0.20
0.16
0.18
0.09
0.07
0.39
0.29
0.41
0.40
0.38
0.36
0.36
0.30
0.28
0.28
0.44
0.56
0.50
0.27
0.29
0.30
0.36
0.48
0.43
0.39
0.40
0.41
0.39
0.41
0.50
0.32
0.56
0.40
0.54
0.45
0.40
0.27
0.32
0.13
0.06
0.18
0.53
0.36
0.56
0.58
0.60
0.64
0.60
0.53
0.55
0.51
0.58
0.60
0.56
0.60
0.52
0.60
0.52
0.56
0.71
0.75
0.62
0.53
0.51
0.48
