0.033557
0.135128
0.148350
0.143604
0.147683
0.150559
0.149859
0.148136
0.138993
0.139362
0.147209
0.159032
0.140826
0.145638
0.153889
0.163729
0.171573
0.145698
0.150599
0.170074
0.146018
0.149405
0.145034
0.151137
0.148387
0.143008
0.138763
0.159045
0.144969
0.146453
0.168047
0.142910
0.158673
0.134258
0.146394
0.164362
0.143285
0.135601
0.179569
0.139429
0.179319
0.142629
0.165891
0.144458
0.154205
0.145817
0.148328
0.153599
0.171957
0.140005
0.174709
0.141006
0.145252
0.129918
0.148582
0.130762
0.166310
0.143586
0.179901
0.148929
0.151097
0.142608
0.142047
0.161724
0.167102
0.139279
0.145956
0.167021
0.146289
0.190408
0.172724
0.145217
0.150529
0.154813
0.146713
0.134233
0.138744
0.210263
0.178999
0.143647
0.144853
0.144470
0.160868
0.136868
0.143007
0.149823
0.143140
0.159200
0.171534
0.166638
0.135613
0.145863
0.142515
0.142471
0.202369
0.183470
0.152314
0.151381
0.135883
0.147779
0.148442
0.149328
0.152183
0.136154
0.139006
0.139038
0.136004
0.141600
0.157409
0.147147
0.142885
0.153266
0.137857
0.151953
0.144723
0.144788
0.151763
0.144588
0.151766
0.153348
0.152685
0.155753
0.139991
0.148477
0.138593
0.147271
0.154403
0.182654
0.138252
0.137368
0.141080
0.162415
0.159775
0.161279
0.199460
0.136833
0.140449
0.146452
0.135719
0.126644
0.124697
0.125197
0.126038
0.127256
0.126250
0.126164
0.127377
0.125779
0.126395
0.125838
0.125717
0.125314
0.183706
0.156570
0.125727
0.125642
0.126499
0.126384
0.126499
0.134212
0.126075
0.125182
0.126442
0.126013
0.126783
0.127186
0.127422
0.126356
0.126381
0.128582
0.128699
0.129892
0.128461
0.127980
0.128545
0.128670
0.118672
0.124981
0.126252
0.126693
0.127594
0.127109
0.127191
0.129590
0.131161
0.130618
0.131009
0.131572
0.131245
0.129993
0.126907
0.126954
0.128033
0.130311
0.130963
0.131367
0.131240
0.128968
0.102496
0.091339
0.089710
0.091690
0.094346
0.091084
0.091313
0.092614
0.090959
0.093602
0.090825
0.088673
0.088621
0.092254
0.090028
0.091918
0.090829
0.088805
0.089282
0.088851
0.090664
0.087790
0.089418
0.090243
0.089920
0.091034
0.091088
0.092798
0.090999
0.090400
0.089512
0.093107
0.091874
0.091535
0.090141
0.090851
0.089000
0.090621
0.090446
0.090160
0.092113
0.089503
0.088845
0.090148
0.089401
0.091404
0.091674
0.089971
0.087925
0.090746
0.089384
0.091969
0.089378
0.090667
0.091599
0.090038
0.091066
0.092033
0.090104
0.090475
0.089369
0.091413
0.091679
0.090752
0.091019
0.090433
0.089705
0.104929
0.089259
0.090914
0.089969
0.090436
0.090052
0.091656
0.092868
0.091673
0.090647
0.089206
0.090170
0.090577
0.090072
0.091447
0.089900
0.091116
0.090931
0.089221
0.090263
0.092842
0.090626
0.091303
0.088974
0.088822
0.088957
0.089565
0.090315
0.089992
0.092462
0.090973
0.089328
0.089304
0.090714
0.090101
0.090291
0.091357
0.089933
0.089342
0.087526
0.087002
0.087079
0.087546
0.088224
0.088562
0.088036
0.087827
0.086753
0.085280
0.088804
0.088178
0.087306
0.088246
0.086804
0.087289
0.087853
0.087528
0.086751
0.086706
0.087554
0.088259
0.087535
0.088960
0.088955
0.090094
0.088129
0.089268
0.087221
0.086304
0.087647
0.087003
0.088495
0.087434
0.087532
0.089273
0.087496
0.088131
0.088917
0.089278
0.089724
0.088622
0.087804
0.087104
0.086974
0.088599
0.088479
0.088431
0.088550
0.087906
0.089020
0.089155
0.087829
0.088684
0.087664
0.088921
0.089095
0.088780
0.089544
0.089679
0.090539
0.091178
0.088308
0.089811
0.088189
0.088132
0.087009
0.089401
0.088562
0.088762
0.088954
0.090014
0.090790
0.089551
0.090471
0.091142
0.089885
0.096037
0.089361
0.090340
0.090719
0.091388
0.091442
0.088798
0.087430
0.086710
0.086799
