0.049199
0.145402
0.157584
0.155689
0.132333
0.179433
0.228562
0.147037
0.146680
0.212100
0.155426
0.151117
0.155265
0.165874
0.169527
0.144714
0.155405
0.151171
0.145203
0.167341
0.143423
0.136104
0.138974
0.168566
0.144798
0.190392
0.207620
0.175548
0.175676
0.146600
0.148701
0.187497
0.155046
0.170773
0.146015
0.143152
0.140560
0.150255
0.166890
0.143020
0.181096
0.142660
0.182655
0.142898
0.144556
0.143170
0.132019
0.139312
0.148419
0.146917
0.138678
0.143801
0.147286
0.139508
0.141726
0.137136
0.164635
0.155155
0.166551
0.180454
0.172924
0.168533
0.142886
0.138327
0.146785
0.143786
0.143255
0.148965
0.151881
0.146786
0.152734
0.143425
0.146616
0.143942
0.150129
0.147417
0.147794
0.141298
0.138730
0.143289
0.155158
0.153289
0.146491
0.148911
0.153547
0.180878
0.183569
0.143553
0.146189
0.144841
0.142839
0.143913
0.137411
0.139043
0.152648
0.151669
0.156537
0.173815
0.136514
0.165930
0.146938
0.159151
0.146588
0.139012
0.137667
0.142636
0.149346
0.143548
0.148561
0.139262
0.143510
0.142915
0.156631
0.141184
0.138755
0.138669
0.142232
0.141808
0.140279
0.146856
0.144029
0.138597
0.174373
0.142396
0.163167
0.135508
0.153428
0.194719
0.141797
0.159164
0.139451
0.137628
0.145273
0.153113
0.150352
0.150978
0.139968
0.142994
0.152971
0.145612
0.160204
0.149078
0.162707
0.140498
0.140152
0.180719
0.142990
0.144838
0.148581
0.163147
0.163755
0.145627
0.146879
0.160913
0.199461
0.166859
0.146630
0.148241
0.138030
0.156850
0.137054
0.166943
0.136609
0.136469
0.138443
0.142951
0.140938
0.151333
0.142212
0.149824
0.167565
0.164777
0.146671
0.144635
0.153152
0.139155
0.215448
0.141573
0.167742
0.167957
0.145035
0.131491
0.152269
0.140953
0.141706
0.159492
0.145159
0.144237
0.136236
0.150624
0.137752
0.139315
0.142275
0.173515
0.139523
0.139166
0.143256
0.172495
0.134011
0.134277
0.146023
0.170548
0.147179
0.135931
0.146154
0.136440
0.141712
0.140749
0.159541
0.145066
0.140536
0.140226
0.147031
0.146149
0.157530
0.144803
0.149133
0.170809
0.194290
0.164621
0.140741
0.150686
0.191552
0.223897
0.144552
0.152312
0.145832
0.151713
0.135784
0.151234
0.151654
0.167376
0.133881
0.140429
0.141826
0.139441
0.153017
0.159932
0.137622
0.154821
0.148688
0.151682
0.151801
0.161872
0.135449
0.138760
0.152972
0.160479
0.166390
0.137959
0.158448
