0.00
416.00
446.06
287.69
355.48
263.26
355.92
406.25
353.37
382.97
235.27
385.85
422.36
160.92
345.17
186.03
334.73
248.27
264.20
291.71
265.47
225.45
229.26
280.50
287.82
178.84
362.93
335.57
182.73
346.37
147.37
405.13
355.32
264.28
248.24
268.16
327.04
243.94
363.45
284.35
337.64
279.61
330.14
346.22
256.56
363.21
280.92
399.33
286.90
338.41
284.14
302.21
316.94
367.95
397.70
420.83
404.24
412.43
427.56
443.47
410.54
430.33
396.22
416.74
450.49
443.48
445.45
454.99
435.51
431.76
442.03
435.66
432.91
428.82
390.04
438.81
379.07
424.93
407.43
379.13
384.15
405.14
399.73
414.67
356.83
418.57
377.34
369.95
444.04
378.00
427.54
373.41
351.38
397.15
342.28
420.92
321.26
357.17
403.31
354.69
344.42
351.46
289.96
311.29
322.77
312.88
309.55
257.83
348.42
276.31
425.75
283.17
290.62
376.09
221.86
348.62
265.90
280.18
354.16
301.19
384.41
327.99
288.57
372.52
347.35
394.36
243.20
331.51
381.71
273.80
350.38
370.38
225.43
381.33
248.09
393.86
312.59
262.43
375.01
332.15
382.73
250.47
248.59
280.32
162.27
266.59
193.39
283.02
296.22
202.01
227.13
296.71
307.66
300.42
267.99
276.72
182.98
210.54
319.35
205.85
340.73
260.42
310.32
334.44
268.17
331.12
281.77
278.29
311.45
234.46
286.10
227.42
226.76
321.01
222.86
290.53
235.24
334.79
238.83
333.42
259.07
326.40
230.41
234.36
215.55
315.72
244.73
286.99
309.99
296.51
215.45
340.81
262.45
232.55
316.06
192.79
302.56
294.37
202.64
224.26
210.91
