0.00
144.89
164.69
192.80
129.82
209.55
122.10
196.85
145.21
206.22
147.07
88.89
190.08
118.10
140.53
214.17
182.61
179.85
199.22
224.63
185.32
231.25
253.27
159.05
174.35
171.99
270.63
285.29
266.56
339.18
238.25
235.61
273.39
267.47
261.73
261.07
231.12
245.93
211.40
157.03
204.46
176.45
185.66
173.63
240.95
211.77
157.31
222.70
212.80
180.35
232.33
226.11
248.01
191.76
203.01
210.26
197.39
213.53
179.33
172.97
216.62
238.26
221.32
330.43
271.64
206.30
336.33
257.58
193.99
167.28
187.35
190.31
235.81
235.63
221.93
183.61
164.61
216.82
219.07
170.20
306.07
366.18
193.55
241.89
297.34
329.47
293.90
373.23
348.87
348.60
335.35
295.89
262.38
349.60
332.32
336.05
299.35
320.80
295.77
255.15
250.42
332.02
376.18
399.42
304.44
199.93
296.20
346.87
324.24
321.00
296.07
243.05
272.46
305.93
309.81
325.38
224.99
165.03
139.05
166.04
185.34
145.39
118.79
131.94
157.61
172.25
129.78
146.87
122.80
147.67
166.04
145.11
178.98
166.16
190.61
150.46
184.48
173.85
133.43
172.82
168.18
211.60
206.43
205.78
214.22
217.08
215.53
232.13
229.14
221.88
161.44
193.64
175.98
170.79
180.27
193.73
196.48
191.89
242.28
278.19
287.34
207.36
221.55
172.48
202.11
179.59
190.48
218.68
201.98
184.69
203.75
219.11
215.92
203.22
193.26
210.82
206.20
214.34
