0.00
0.46
0.48
0.46
0.44
0.52
0.40
0.39
0.33
0.43
0.33
0.24
0.46
0.42
0.44
0.56
0.50
0.50
0.52
0.58
0.52
0.58
0.60
0.50
0.50
0.50
0.60
0.58
0.57
0.64
0.53
0.52
0.59
0.59
0.57
0.58
0.55
0.56
0.53
0.48
0.54
0.49
0.52
0.50
0.57
0.54
0.48
0.55
0.55
0.51
0.56
0.55
0.59
0.52
0.53
0.53
0.50
0.52
0.49
0.50
0.54
0.58
0.54
0.65
0.59
0.50
0.64
0.54
0.51
0.46
0.48
0.49
0.56
0.56
0.55
0.51
0.49
0.54
0.56
0.48
0.64
0.69
0.52
0.56
0.60
0.68
0.57
0.67
0.65
0.66
0.64
0.58
0.58
0.66
0.64
0.65
0.61
0.64
0.63
0.58
0.58
0.66
0.71
0.72
0.62
0.52
0.63
0.68
0.65
0.64
0.64
0.60
0.59
0.58
0.56
0.56
0.54
0.46
0.43
0.45
0.50
0.45
0.40
0.39
0.45
0.46
0.42
0.45
0.37
0.43
0.46
0.41
0.45
0.44
0.48
0.40
0.48
0.47
0.44
0.47
0.46
0.51
0.51
0.50
0.54
0.54
0.52
0.51
0.55
0.53
0.47
0.50
0.48
0.47
0.47
0.49
0.46
0.46
0.50
0.52
0.55
0.46
0.50
0.47
0.46
0.45
0.43
0.45
0.42
0.38
0.44
0.44
0.48
0.47
0.44
0.46
0.45
0.47
