0.022701
0.145612
0.134200
0.140427
0.129545
0.139769
0.134152
0.132207
0.122112
0.130328
0.138469
0.120751
0.126542
0.119896
0.142060
0.144335
0.121485
0.130821
0.126740
0.126348
0.134107
0.162479
0.155569
0.130795
0.138367
0.127821
0.129065
0.120908
0.134196
0.116157
0.127153
0.193543
0.140259
0.119559
0.122290
0.137213
0.126334
0.155139
0.132450
0.121806
0.137207
0.135745
0.137114
0.133353
0.135949
0.126807
0.138474
0.141033
0.141795
0.131702
0.130975
0.127494
0.115901
0.169290
0.116580
0.119947
0.109154
0.102739
0.104368
0.113132
0.131756
0.123690
0.132569
0.135313
0.122614
0.126638
0.135123
0.169762
0.150016
0.136996
0.123101
0.116864
0.173126
0.132165
0.131350
0.141652
0.143997
0.144299
0.212121
0.189240
0.153728
0.139130
0.155852
0.141688
0.134022
0.145325
0.145759
0.149231
0.158019
0.150382
0.146497
0.136616
0.165076
0.154516
0.166512
0.159977
0.186393
0.138812
0.148928
0.138986
0.149895
0.143751
0.146181
0.154719
0.162857
0.196479
0.141830
0.152869
0.166519
