0.00
0.72
0.72
0.76
0.67
0.74
0.75
0.67
0.46
0.62
0.47
0.48
0.70
0.63
0.61
0.66
0.56
0.56
0.66
0.75
0.58
0.67
0.74
0.64
0.68
0.68
0.62
0.63
0.67
0.57
0.50
0.55
0.59
0.62
0.60
0.55
0.54
0.49
0.53
0.50
0.55
0.49
0.57
0.58
0.45
0.56
0.58
0.51
0.66
0.62
0.53
0.64
0.52
0.47
0.57
0.46
0.52
0.62
0.53
0.49
0.57
0.49
0.42
0.48
0.63
0.48
0.39
0.50
0.52
0.45
0.51
0.47
0.52
0.46
0.43
0.42
0.39
0.43
0.42
0.38
0.47
0.34
0.59
0.58
0.56
0.58
0.47
0.48
0.40
0.36
0.53
0.57
0.56
0.54
0.52
0.59
0.56
0.63
0.63
0.64
0.58
0.64
0.60
0.54
0.61
0.54
0.55
0.59
0.61
