0.00
287.29
361.33
276.13
255.83
250.34
254.21
190.48
105.21
243.18
248.23
117.54
144.95
208.85
211.08
182.97
278.59
213.97
123.36
125.73
220.96
178.52
120.19
186.66
185.42
256.45
266.30
204.92
254.48
196.61
238.08
282.83
235.10
209.92
199.41
167.36
178.43
244.03
217.66
328.83
215.60
257.06
219.80
244.35
250.69
334.88
230.74
360.93
216.39
242.74
284.00
324.55
307.09
348.67
352.10
366.30
327.92
276.65
332.58
373.11
371.54
358.32
416.17
346.85
319.92
406.45
382.52
429.89
383.92
341.56
295.70
327.11
307.57
228.61
230.08
233.47
255.76
188.52
212.29
178.84
89.77
118.26
270.09
300.53
336.63
219.49
328.68
291.76
372.34
321.90
357.71
344.81
274.41
369.52
304.98
315.30
230.54
202.83
191.57
256.27
302.07
309.63
326.09
352.23
257.49
289.16
329.96
324.01
282.64
305.94
270.67
363.52
391.42
353.80
309.10
312.61
359.13
447.97
408.90
389.71
393.12
322.51
346.05
385.72
448.28
388.10
336.63
377.63
382.65
270.82
378.60
365.91
426.00
384.50
382.63
393.94
386.68
310.85
325.06
316.71
315.39
262.32
370.71
378.34
313.38
324.54
343.78
346.03
333.41
372.20
351.75
393.24
341.71
250.33
382.28
349.75
346.14
409.40
323.36
351.11
352.22
373.53
334.63
407.65
378.22
384.62
329.80
336.40
304.52
295.60
387.98
395.87
289.56
403.66
374.58
363.82
403.73
382.25
294.10
411.71
378.41
389.22
372.73
362.43
376.98
420.07
340.34
399.64
375.77
422.36
393.34
391.87
362.90
340.70
416.94
413.13
335.24
403.52
344.12
410.06
386.47
376.55
446.13
397.36
404.71
412.34
425.36
374.16
439.84
370.02
395.96
364.57
417.39
355.59
417.58
372.78
431.85
390.07
412.72
364.76
432.95
386.31
411.31
372.74
425.13
383.66
400.98
419.01
316.12
377.34
371.55
345.79
323.00
