0.026809
0.128802
0.124956
0.131511
0.128226
0.138336
0.123927
0.124616
0.126654
0.127553
0.133948
0.127181
0.154182
0.118591
0.126542
0.119243
0.125726
0.112945
0.137489
0.116345
0.141699
0.137154
0.122513
0.124943
0.135954
0.132256
0.128690
0.127773
0.131339
0.120631
0.142125
0.137763
0.131648
0.121826
0.132724
0.171304
0.153180
0.155208
0.137023
0.147614
0.152538
0.162160
0.145002
0.183276
0.145240
0.138598
0.158128
0.160155
0.154483
0.150130
0.145206
0.153324
0.184935
0.156865
0.148418
0.143920
0.173303
0.157934
0.146914
0.244147
0.169829
0.145362
0.155228
0.175628
0.163212
0.142541
0.165930
0.151127
0.147767
0.137838
0.141074
0.137657
0.130519
0.148438
0.132959
0.146813
0.146001
0.146936
0.148146
0.137488
0.190546
0.138770
0.161147
0.158224
0.152635
0.143945
0.146003
0.144698
0.149560
0.135996
0.143833
0.146142
0.171509
0.154109
0.159310
0.151355
0.145168
0.153431
0.169416
0.140003
0.134265
0.137384
0.142853
0.157310
0.183571
0.158589
0.149437
0.165801
0.160366
0.151208
0.157697
0.143391
0.123518
0.131540
0.140210
0.144221
0.149567
0.158324
0.138456
0.160627
0.205547
0.155619
0.139160
0.140229
0.153071
0.144355
0.166636
0.175441
0.149904
0.149720
0.170965
0.152920
0.191201
0.143771
0.155657
0.149107
0.162377
0.182991
0.156837
0.155831
0.175168
0.148785
0.145061
0.130094
0.112066
0.113496
0.114203
0.127076
0.130272
0.129606
0.135410
0.128507
0.144342
0.137125
0.128953
0.122195
0.130025
0.143671
0.122677
0.140634
0.124633
0.131496
0.131379
0.126132
0.152176
0.170768
0.147102
0.133095
0.159567
0.129794
0.151817
0.155644
0.176143
0.145715
0.141449
0.140070
0.163889
0.147180
0.137208
0.126671
0.126056
0.139461
0.191372
0.151428
0.148582
0.141396
0.145744
0.155627
0.160683
0.149241
0.139093
0.179656
0.169913
0.189324
0.135213
0.140563
0.140118
0.145857
0.164736
0.169866
0.135875
0.146985
0.145811
0.146399
0.156289
0.141799
0.130771
0.147064
0.144490
0.143684
0.148861
0.140350
0.130533
0.181723
0.148538
0.160511
0.147750
0.155976
0.209425
0.143490
0.140252
0.142155
0.155818
0.148474
0.139649
0.154201
0.135852
0.144258
0.148855
0.152585
0.155346
0.156971
0.159941
0.146126
0.140028
0.151284
0.143150
0.144792
0.137340
0.147477
0.143098
0.158932
0.135998
0.135552
0.147926
0.138332
0.167858
0.159740
0.178854
0.145556
0.148905
0.140243
0.182089
0.148696
0.136941
0.145156
0.136677
0.150818
0.151228
0.144304
0.152038
0.157407
0.145150
0.144853
0.145791
0.155010
0.171642
0.133138
0.136875
0.139001
0.143592
0.152001
0.143728
0.151017
0.144206
0.133603
0.131457
0.118951
0.135895
0.131179
0.140269
0.115251
0.138525
0.127335
0.140095
0.134883
0.121902
0.115720
0.116996
0.118919
0.123595
0.117490
0.122137
0.121463
0.127091
0.123965
0.127781
0.120240
0.117370
0.130570
0.122561
0.129551
0.126219
0.124969
0.119087
0.116315
0.118708
0.113385
0.129193
0.140759
0.122560
0.131826
0.119604
0.221186
0.196650
0.154640
0.125270
0.124339
0.121065
0.119904
0.120459
0.128771
0.122254
0.162617
0.134340
0.143416
0.143109
0.147245
0.144459
0.151618
0.154696
0.153960
0.143903
0.222197
0.181957
0.138953
0.143184
0.139838
0.139514
0.140183
0.145073
0.151539
0.142234
0.208789
0.146829
0.158352
0.165140
0.146833
0.157828
0.148299
0.159799
0.154541
0.140554
0.150171
0.138191
0.177745
0.147131
0.154635
0.147309
0.185311
0.173366
0.156298
0.143762
0.172892
0.153838
0.149848
0.143498
0.147981
0.147157
0.133358
0.170433
0.138478
0.181065
0.143295
0.154705
0.138505
0.142454
0.153860
0.152919
0.145311
0.145816
0.176626
0.153773
0.148005
0.139766
0.137935
0.138623
0.136516
0.152858
0.153396
0.137809
0.134402
0.151198
0.181559
0.130160
0.144483
0.159293
0.139493
0.143928
0.166652
0.143754
0.140620
0.181174
0.207398
0.186031
0.139200
0.162560
0.149064
0.141871
0.161358
0.140925
0.146314
0.150376
0.159108
0.139705
0.148501
0.143923
0.139003
0.131107
0.146892
0.147235
0.117001
0.121356
0.144824
0.135794
0.127125
0.115308
0.126822
0.126728
0.135625
0.189440
0.129596
0.122158
0.135242
0.114305
0.118640
0.130484
0.157616
0.137533
0.119708
0.111331
0.118321
0.131748
0.142638
0.127945
0.140197
0.118107
0.119350
0.122243
0.114624
0.114622
0.127022
0.148373
0.138035
0.153875
0.148544
0.152067
0.150013
0.158255
0.138402
0.137630
0.149958
0.139719
0.149312
0.153417
0.157907
0.141612
0.137692
0.146543
0.149240
0.149912
0.134659
0.136647
0.142418
0.174807
0.148638
0.138659
0.137372
0.142329
0.142354
0.141111
0.144528
0.138592
0.151791
0.146746
0.149492
0.136545
0.137960
0.151010
0.152017
0.155879
0.161409
0.145483
0.151456
0.154437
0.150143
0.135648
0.153425
0.136828
0.137697
0.143830
0.159153
0.143182
0.144126
0.135118
0.137971
0.148257
0.225826
0.151880
0.152873
0.160396
0.136463
0.144494
0.163054
0.164995
0.162174
0.139654
0.145921
0.142460
0.146515
0.136837
0.140529
0.147989
0.134948
0.140803
0.139681
0.145896
0.187475
0.147351
0.172568
0.151603
0.142191
0.138425
0.139554
0.155369
0.143634
0.137775
0.144364
0.138838
0.142407
0.138283
0.141864
0.179318
0.140922
0.144491
0.140944
0.139893
0.152801
0.140696
0.131229
0.128316
0.135568
0.138934
0.144222
0.140392
0.141136
0.141126
0.148801
0.145579
0.143045
0.140583
0.144239
0.146874
0.151958
0.137982
0.145617
0.144119
0.169368
0.236659
0.156582
0.148151
0.150262
0.183528
0.138165
0.132273
0.143473
0.148987
0.153506
0.163383
0.141432
0.152828
0.132628
0.136507
0.144884
0.137966
0.140185
0.146328
0.153792
0.146505
0.133251
0.147110
0.138310
0.144105
0.160024
0.155068
0.146410
0.151258
0.189145
0.154525
0.153456
0.139444
0.150747
0.140159
0.147271
0.154565
0.146868
0.138490
0.146064
0.179589
0.179999
0.148015
0.155616
0.147617
