0.00
0.52
0.35
0.39
0.49
0.40
0.39
0.46
0.41
0.42
0.41
0.35
0.37
0.42
0.25
0.29
0.40
0.37
0.43
0.40
0.53
0.41
0.45
0.53
0.39
0.47
0.42
0.44
0.40
0.43
0.48
0.61
0.53
0.45
0.35
0.38
0.30
0.42
0.43
0.41
0.38
0.36
0.37
0.33
0.41
0.45
0.46
0.47
0.41
0.43
0.32
0.46
0.42
0.49
0.46
0.45
0.51
0.46
0.46
0.58
0.56
0.43
0.40
0.38
0.43
0.42
0.40
0.44
0.49
0.54
0.38
0.38
0.46
0.55
0.36
0.46
0.47
0.50
0.52
0.47
0.41
0.47
0.41
0.55
0.40
0.50
0.44
0.42
0.51
0.45
0.50
0.47
0.40
0.43
0.36
0.37
0.34
0.36
0.37
0.35
0.31
0.31
0.43
0.36
0.38
0.44
0.48
0.50
0.54
0.55
0.55
0.48
0.49
0.52
0.43
0.47
0.48
0.43
0.50
0.55
0.47
0.48
0.51
0.55
0.46
0.56
0.44
0.50
0.52
0.45
0.54
0.51
0.45
0.52
0.55
0.53
0.53
0.51
0.57
0.48
0.54
0.49
0.50
0.54
0.46
0.44
0.50
0.43
0.41
0.46
0.51
0.46
0.39
0.46
0.56
0.42
0.49
0.50
0.53
0.50
0.49
0.40
0.44
0.44
0.40
0.45
0.44
0.46
0.43
0.45
0.44
0.47
0.42
0.45
0.37
0.36
0.33
0.35
0.39
0.31
0.39
0.33
0.41
0.37
0.36
0.36
0.47
0.50
0.50
0.44
0.37
0.37
0.41
0.37
0.33
0.36
0.39
0.40
0.37
0.35
0.41
0.46
0.42
0.45
0.38
0.39
0.37
0.43
0.50
0.45
0.44
0.34
0.37
0.47
0.46
0.39
0.44
0.42
0.41
0.25
0.34
0.36
0.35
0.32
0.29
0.41
0.45
0.28
0.35
0.32
0.37
0.39
0.41
0.40
0.31
0.48
0.40
0.33
0.43
0.38
0.38
0.32
0.39
0.47
0.43
0.42
0.38
0.40
0.30
0.33
0.38
0.44
0.37
0.40
0.54
0.46
0.41
0.43
0.43
0.37
0.43
0.47
0.52
0.42
0.43
0.34
0.35
0.43
0.40
0.48
0.40
0.34
0.37
0.28
0.28
0.37
0.45
0.34
0.38
0.37
0.33
0.41
0.33
0.38
0.32
0.34
0.49
0.38
0.42
0.45
0.40
0.36
0.39
0.35
0.40
0.33
0.40
0.42
0.44
0.44
0.50
0.46
0.42
0.52
0.46
0.42
0.40
0.44
