0.011946
0.182273
0.147557
0.149536
0.139076
0.137120
0.138104
0.134270
0.146411
0.138602
0.167617
0.143093
0.149983
0.159214
0.148833
0.136551
0.156694
0.144412
0.166267
0.148238
0.164168
0.143741
0.146352
0.177950
0.144780
0.146291
0.151773
0.165505
0.141881
0.165737
0.143590
0.201232
0.144302
0.147753
0.136533
0.150592
0.183073
0.155599
0.164085
0.158102
0.137686
0.146938
0.154203
0.152049
0.132582
0.139719
0.161368
0.140842
0.151719
0.186540
0.151500
0.181418
0.166496
0.155382
0.139411
0.155115
0.135098
0.148121
0.138238
0.145351
0.141861
0.157873
0.143815
0.146521
0.145078
0.151061
0.155312
0.139636
0.143671
0.146715
0.154624
0.161097
0.160006
0.181002
0.142192
0.178605
0.162775
0.162464
0.153486
0.140054
0.160522
0.155617
0.153101
0.134147
0.149311
0.147046
0.157312
0.136614
0.157597
0.151713
0.154011
0.147466
0.150519
0.159290
0.143449
0.151588
0.159774
0.143186
0.160092
0.141590
0.144792
0.154483
0.142296
0.164708
0.186154
0.170813
0.135859
0.134071
0.141830
0.138729
0.149644
0.141817
0.148952
0.144040
0.164278
0.158665
0.155698
0.166864
0.148252
0.153281
0.151343
0.158434
0.152692
0.168423
0.156262
0.201236
0.156452
0.185507
0.166188
0.151178
0.152483
0.169604
0.187015
0.175347
0.156121
0.162506
0.150418
0.167844
0.154055
0.177724
0.199380
0.245867
0.195960
0.158962
0.155097
0.154514
0.150193
0.156584
0.151674
0.147729
0.154850
0.156874
0.160865
0.151973
0.152731
0.151440
0.154846
0.156034
0.158887
0.152212
0.151282
0.168036
0.210477
0.177917
