0.011245
0.151027
0.152166
0.153605
0.163771
0.141213
0.155160
0.134013
0.156095
0.150436
0.151937
0.149872
0.157834
0.151572
0.160267
0.148961
0.173388
0.146545
0.149892
0.145569
0.139673
0.152450
0.151554
0.155308
0.139928
0.144771
0.184013
0.149455
0.164884
0.149499
0.147516
0.164846
0.164228
0.171393
0.144482
0.148240
0.169738
0.155823
0.175898
0.138502
0.143589
0.179362
0.171878
0.145346
0.139728
0.166378
0.132156
0.161126
0.150515
0.138468
0.151604
0.148011
0.135761
0.146065
0.150080
0.149720
0.176108
0.138321
0.181077
0.168450
0.137529
0.148165
0.177584
0.142987
0.166660
0.139234
0.148968
0.156407
0.159428
0.147007
0.153560
0.155855
0.201283
0.164750
0.143767
0.142311
0.147177
0.158906
0.160960
0.155650
0.153292
0.143594
0.157551
0.140287
0.143400
0.175114
0.143358
0.143377
0.148424
0.152254
0.142635
0.164053
0.147968
0.160802
0.159654
0.183373
0.177372
0.169897
0.164700
0.140850
0.138711
0.175730
0.139436
0.149607
0.157100
0.139129
0.154025
0.156410
0.142223
0.140654
0.146391
0.149348
0.156312
0.150073
0.154144
0.141985
0.148078
0.136411
0.145740
0.153217
0.149818
0.168572
0.139103
0.157907
0.166210
0.219942
0.236980
0.167350
0.153832
0.146190
0.142800
0.151979
0.163580
0.142375
0.163036
0.151601
0.158245
0.143053
0.193318
0.183428
0.165882
0.165941
0.136324
0.145362
0.161944
0.162057
0.148272
0.150880
0.182921
0.165465
0.156711
0.136808
0.152287
0.136858
0.153951
0.142869
0.147034
0.177166
0.148513
0.168441
0.207635
0.145113
0.150805
0.149472
0.138744
0.163128
0.221409
0.158838
0.140502
0.144892
0.148868
0.164555
0.158860
0.182359
0.142511
0.155507
0.142542
0.146317
0.160574
0.146208
0.156026
0.178920
0.143899
0.146069
0.153042
0.170094
0.151412
0.161959
0.143668
0.151311
0.148716
0.162953
0.141896
0.148711
0.160514
0.235602
0.246813
0.236957
0.178823
0.143274
0.156967
0.159681
0.142512
0.142805
0.139951
0.138045
0.155561
0.152236
0.153224
0.151628
0.150444
0.145634
0.143277
0.156600
0.144055
0.154114
0.163117
0.161826
0.150074
0.145338
0.142211
0.146884
0.141098
0.137858
0.139857
0.135777
0.158334
0.165408
0.180950
0.156460
0.144424
0.190301
0.162169
0.155949
0.137155
0.162257
0.138397
0.150859
0.151488
0.148449
0.147699
