0.00
217.50
278.30
270.32
231.75
229.51
228.61
234.76
273.42
229.09
280.62
160.38
229.84
228.41
215.83
194.66
276.63
220.40
158.33
200.95
234.89
211.65
236.32
205.26
181.47
148.03
263.72
190.92
240.00
217.14
302.22
210.33
257.52
187.88
158.61
203.02
278.28
190.48
162.17
219.89
181.83
183.00
196.39
295.86
247.95
240.78
173.97
169.78
136.83
166.51
213.28
224.41
260.75
146.22
309.62
224.64
132.86
238.53
186.14
160.54
260.03
238.45
274.29
249.65
208.09
258.48
222.25
154.13
179.39
265.72
250.61
185.63
196.27
166.99
125.65
239.22
188.72
256.12
214.84
156.50
226.13
180.73
155.80
257.62
204.50
278.41
175.82
199.16
300.54
106.52
166.02
190.64
154.09
187.74
147.88
134.39
111.31
203.80
154.46
201.99
148.20
152.32
221.81
181.43
213.63
203.95
186.63
185.53
171.04
125.72
194.90
157.80
172.74
242.26
