0.042288
0.133736
0.137827
0.140036
0.222786
0.210419
0.150017
0.135138
0.145054
0.138691
0.144907
0.144053
0.144681
0.131523
0.156666
0.150370
0.154970
0.166171
0.165692
0.137322
0.150729
0.149516
0.134763
0.154652
0.134973
0.132065
0.154745
0.161319
0.143378
0.152357
0.136487
0.140978
0.141011
0.153736
0.139190
0.148463
0.135693
0.148931
0.145841
0.142386
0.148538
0.148630
0.134315
0.149272
0.149870
0.142254
0.143634
0.150854
0.158871
0.146265
0.149022
0.157752
0.148037
0.141816
0.145427
0.153296
0.154716
0.143961
0.152304
0.136663
0.138429
0.178941
0.141554
0.133930
0.135721
0.136705
0.155540
0.169761
0.135540
0.161272
0.147502
0.137570
0.148718
0.144747
0.136778
0.138482
0.140261
0.185839
0.153859
0.135188
0.133258
0.151077
0.151866
0.163849
0.150104
0.153948
0.136124
0.151209
0.145058
0.151243
0.195686
0.147304
0.131536
0.185960
0.142722
0.161672
0.146600
0.140914
0.148675
0.156090
0.157674
0.148599
0.138242
0.138037
0.154722
0.213919
0.177411
0.146573
0.159794
0.143146
0.151600
0.140569
0.152216
0.152026
