0.00
292.88
274.02
279.81
315.42
254.07
284.67
256.88
266.50
218.31
175.99
224.31
192.55
237.04
228.50
183.64
190.77
160.18
203.34
182.87
186.80
206.64
224.69
295.47
310.35
226.95
274.45
241.44
255.85
273.63
289.25
265.00
305.82
242.42
325.48
260.12
268.79
305.99
243.62
248.90
269.83
288.75
258.52
311.95
242.81
245.27
309.16
262.98
399.15
453.99
311.08
336.15
497.19
345.92
452.59
440.09
519.72
469.19
439.04
490.23
473.21
478.30
476.44
462.36
441.82
440.44
437.11
459.95
312.61
364.43
410.75
363.03
272.94
295.62
312.44
305.77
312.86
235.85
166.64
253.48
263.22
237.99
185.22
206.06
97.60
181.15
105.88
216.39
236.91
222.70
120.10
176.57
185.84
122.44
179.75
152.96
115.80
168.57
106.78
112.84
112.49
90.21
160.29
136.89
88.46
106.66
201.92
280.84
174.91
198.69
189.98
159.08
161.39
153.20
155.41
169.50
170.45
203.00
145.70
166.77
160.41
102.92
96.13
117.87
189.47
210.25
199.41
241.73
193.56
251.33
271.54
239.56
210.60
181.14
221.91
226.66
244.11
192.09
341.95
182.62
197.38
220.95
127.67
143.68
175.08
152.42
167.53
217.55
221.94
204.73
187.14
146.16
186.93
197.87
159.91
192.43
144.76
218.76
191.09
185.80
213.38
233.44
214.37
174.00
173.26
226.95
169.58
215.54
206.60
146.74
216.90
203.41
152.80
173.43
195.10
222.41
180.22
249.91
250.20
198.40
212.75
168.48
163.18
224.26
140.28
234.86
158.27
152.19
144.46
179.03
125.38
145.17
167.82
134.94
189.39
132.17
129.89
107.63
191.59
124.26
130.20
138.27
116.40
103.11
111.62
133.73
120.52
117.80
124.17
106.78
141.86
115.79
189.69
227.23
179.62
138.51
133.96
177.82
163.66
171.24
130.57
231.17
204.85
154.96
171.06
224.28
195.42
156.68
246.53
177.38
131.24
158.41
134.74
159.47
181.39
130.96
114.67
148.43
143.18
166.74
194.14
141.14
129.20
146.03
120.30
184.91
130.97
126.70
121.77
130.14
118.80
120.99
193.98
93.83
163.81
43.78
49.37
97.93
164.62
91.29
140.82
112.14
109.66
116.27
172.61
116.96
123.00
99.30
123.07
126.49
121.69
179.13
112.69
149.24
161.30
179.74
173.71
132.83
166.90
196.91
167.78
212.32
149.52
157.67
244.66
203.60
171.31
213.55
179.96
226.28
225.16
210.04
134.94
234.46
238.91
202.26
191.34
234.42
223.29
192.15
231.62
332.55
279.32
276.33
199.17
180.51
246.77
207.93
245.94
309.19
279.27
326.81
376.68
306.29
238.31
344.01
271.49
204.55
252.37
258.72
281.99
267.36
251.35
255.41
233.98
392.71
294.41
215.15
260.36
233.50
188.30
209.43
209.63
163.80
217.19
163.74
198.35
159.84
232.55
175.82
165.55
169.55
81.50
89.69
30.83
172.91
46.19
69.18
153.04
84.02
120.89
119.10
131.61
113.62
126.22
77.66
46.96
112.35
49.77
90.99
95.54
86.90
108.33
178.29
149.29
153.77
171.64
125.44
199.71
141.26
159.47
123.06
130.66
169.87
191.01
199.11
172.71
185.82
183.18
141.56
104.73
88.72
55.35
85.91
161.30
91.52
58.99
155.70
83.08
101.38
109.13
204.45
203.88
131.77
223.14
141.03
63.23
115.85
198.21
210.38
163.30
301.73
344.34
269.44
377.00
229.60
449.21
198.93
287.66
197.74
187.34
190.82
187.53
216.26
208.38
216.93
284.55
221.16
280.89
238.68
356.12
273.54
260.95
301.91
399.27
304.23
259.09
336.74
312.53
247.14
230.45
238.78
230.87
197.06
221.13
253.94
268.71
281.57
294.16
169.36
204.47
214.01
224.29
328.09
265.20
258.27
231.63
228.80
296.50
251.81
194.90
255.47
203.10
289.85
319.50
281.14
291.00
270.85
323.20
373.07
352.79
372.90
402.48
360.07
248.71
268.98
299.32
355.92
260.73
350.71
381.71
396.61
344.50
313.22
315.57
414.30
345.12
353.80
429.79
421.87
416.31
463.42
484.65
339.73
438.24
448.66
459.78
423.23
419.50
408.99
442.97
439.95
439.84
460.92
392.69
354.72
372.64
367.57
274.24
323.35
391.54
