0.00
0.55
0.60
0.59
0.58
0.55
0.55
0.57
0.59
0.57
0.60
0.44
0.54
0.53
0.53
0.51
0.59
0.54
0.46
0.52
0.50
0.52
0.49
0.49
0.36
0.43
0.55
0.48
0.54
0.50
0.62
0.52
0.54
0.49
0.35
0.43
0.57
0.40
0.23
0.33
0.48
0.48
0.48
0.61
0.48
0.48
0.47
0.47
0.38
0.37
0.51
0.48
0.51
0.40
0.58
0.49
0.38
0.54
0.37
0.43
0.55
0.44
0.54
0.52
0.51
0.55
0.47
0.32
0.41
0.53
0.52
0.48
0.48
0.33
0.30
0.40
0.43
0.52
0.39
0.35
0.45
0.40
0.37
0.46
0.50
0.58
0.48
0.51
0.60
0.28
0.36
0.44
0.38
0.48
0.33
0.30
0.34
0.54
0.41
0.51
0.42
0.36
0.53
0.46
0.52
0.48
0.52
0.42
0.51
0.45
0.51
0.47
0.50
0.57
