0.00
0.16
0.28
0.30
0.26
0.37
0.35
0.37
0.36
0.36
0.36
0.33
0.44
0.43
0.48
0.46
0.55
0.53
0.44
0.51
0.48
0.45
0.50
0.52
0.37
0.48
0.55
0.53
0.45
0.38
0.40
0.42
0.40
0.41
0.46
0.43
0.39
0.54
0.53
0.52
0.47
0.51
0.55
0.53
0.44
0.47
0.55
0.52
0.61
0.55
0.66
0.60
0.47
0.56
0.54
0.62
0.62
0.58
0.51
0.42
0.43
0.32
0.42
0.36
0.37
0.35
0.41
0.50
0.41
0.56
0.49
0.51
0.50
0.39
0.44
0.42
0.46
0.43
0.35
0.41
0.34
0.51
0.27
0.26
0.36
0.40
0.30
0.56
0.46
0.35
0.48
0.38
0.44
0.44
0.32
0.50
0.52
0.54
0.49
0.53
0.51
0.56
0.52
0.40
0.43
0.53
0.54
0.57
0.52
0.57
0.52
0.46
0.54
0.57
0.58
0.54
0.48
0.39
0.41
0.40
0.37
0.37
0.49
0.44
0.53
0.40
0.36
0.30
0.30
0.49
0.37
0.20
0.35
0.24
0.31
0.36
0.37
0.40
0.34
0.37
0.37
0.54
0.40
0.46
0.46
0.41
0.51
0.46
0.37
0.47
0.34
0.41
0.52
0.46
0.48
0.59
0.52
0.42
0.48
0.47
0.62
0.51
0.47
0.47
0.52
0.47
0.49
0.56
0.54
0.47
0.50
0.58
0.50
0.59
0.55
0.57
0.52
0.58
0.56
0.50
0.60
0.56
0.67
0.49
0.45
0.43
0.60
0.64
0.49
0.47
0.42
0.42
0.42
0.15
0.18
0.48
0.35
0.40
0.22
0.26
0.45
0.39
0.20
0.45
0.44
0.50
0.48
0.50
0.44
0.45
0.55
0.50
0.51
0.56
0.45
0.59
0.63
0.44
0.49
0.52
0.41
0.42
0.49
0.42
0.34
0.41
0.42
0.44
0.50
0.26
0.32
0.35
0.28
0.42
0.45
0.28
0.43
0.34
0.36
0.24
0.30
