0.013376
0.135226
0.160526
0.142500
0.146322
0.154072
0.148462
0.149382
0.139492
0.153778
0.148898
0.177124
0.152007
0.138288
0.139884
0.145272
0.154520
0.149051
0.143610
0.186691
0.155558
0.139716
0.164274
0.165179
0.133265
0.149905
0.138367
0.144017
0.186590
0.212841
0.140036
0.138917
0.149952
0.139104
0.152404
0.150851
0.142013
0.151432
0.147664
0.197630
0.181446
0.143920
0.142988
0.140733
0.145098
0.142663
0.151693
0.139732
0.166204
0.198033
0.151540
0.151737
0.138772
0.143317
0.153640
0.143324
0.144365
0.151730
0.155276
0.163048
0.174411
0.136892
0.139576
0.140421
0.139006
0.148267
0.157928
0.149022
0.158084
0.164770
0.192020
0.157994
0.170530
0.164311
0.143131
0.142564
0.162500
0.177746
0.151446
0.148704
0.144612
0.148454
0.145379
0.152477
0.142286
0.154058
0.146130
0.152539
0.149331
0.143882
0.143642
0.143200
0.145287
0.144528
0.154390
0.167884
0.150398
0.152534
0.142118
0.151908
0.158006
0.150894
0.140583
0.154057
0.140388
0.161726
0.143233
0.149067
0.146841
0.200100
0.147337
0.150600
0.162438
0.150043
0.151083
0.176800
0.139948
0.152574
0.143975
0.147418
0.138303
0.150460
0.133983
0.154893
0.135554
0.147039
0.168096
0.150750
0.140796
0.145540
0.140270
0.186179
0.149540
