0.00
410.44
336.20
205.45
325.34
270.79
265.08
209.61
243.90
228.03
244.68
272.63
277.33
271.38
239.64
178.41
159.93
170.09
206.63
209.42
192.14
181.30
183.64
145.69
166.62
157.18
172.22
150.70
156.69
213.86
145.98
159.50
163.92
175.32
145.71
199.49
142.75
144.61
232.26
206.23
205.73
183.28
152.96
169.73
94.29
138.63
139.51
183.59
176.07
245.17
269.74
233.47
200.12
273.75
215.99
240.78
203.88
250.45
251.69
243.37
252.03
179.62
246.40
191.92
227.53
224.94
170.44
253.55
145.85
310.09
187.62
210.71
194.10
174.29
180.33
174.07
175.67
269.10
223.01
249.77
286.37
315.61
356.81
340.88
338.28
293.91
240.36
337.09
281.35
262.12
247.30
196.31
236.15
271.03
268.43
252.63
260.48
246.11
316.58
296.05
281.13
332.97
347.62
291.40
292.46
341.04
280.48
250.52
241.81
292.74
318.94
311.88
346.58
303.07
319.20
283.08
318.85
284.53
313.24
340.06
338.26
388.55
372.00
312.39
332.97
270.41
323.47
312.37
337.54
234.81
275.03
305.18
328.74
