0.00
0.65
0.64
0.68
0.65
0.61
0.63
0.61
0.58
0.56
0.53
0.53
0.51
0.58
0.62
0.62
0.60
0.60
0.59
0.61
0.58
0.59
0.61
0.57
0.56
0.53
0.57
0.58
0.62
0.65
0.56
0.52
0.54
0.63
0.67
0.67
0.65
0.67
0.65
0.64
0.64
0.62
0.58
0.59
0.56
0.55
0.62
0.64
0.62
0.62
0.58
0.50
0.60
0.63
0.64
0.58
0.58
0.51
0.58
0.45
0.55
0.57
0.49
0.58
0.58
0.58
0.58
0.67
0.59
0.60
0.57
0.52
0.63
0.63
0.50
0.55
0.53
0.48
0.48
0.45
0.45
0.48
0.45
0.45
0.53
0.51
0.46
0.51
0.46
0.41
0.43
0.49
0.46
0.45
0.52
0.57
0.61
0.49
0.55
0.47
0.59
0.47
0.56
0.56
0.52
0.51
0.51
0.57
0.64
0.51
0.62
0.52
0.65
0.57
0.58
0.50
0.59
0.68
0.59
0.62
0.68
0.65
0.71
0.71
0.72
0.72
0.74
0.75
0.75
0.72
0.73
0.72
0.73
0.73
0.71
0.74
0.74
0.72
0.73
0.70
0.66
0.52
0.59
0.58
0.52
0.54
0.52
0.50
0.48
0.45
0.38
0.43
0.53
0.43
0.44
0.45
0.48
0.46
0.46
0.49
0.59
0.47
0.48
0.48
0.65
0.48
0.47
0.46
0.59
0.57
0.56
0.64
0.52
0.54
0.65
0.61
0.52
0.46
0.48
0.51
0.58
0.58
0.53
0.58
0.54
0.56
0.58
0.56
0.55
0.60
0.58
0.66
0.55
0.60
0.59
0.56
0.49
0.61
0.47
0.51
0.49
0.58
0.58
0.49
0.49
0.48
0.51
0.45
0.42
0.56
0.51
0.51
0.62
0.58
0.49
0.57
0.51
0.52
0.49
0.46
0.50
0.47
0.44
0.46
0.47
0.55
0.54
0.43
0.52
0.56
0.55
0.47
0.62
0.54
0.52
0.64
0.55
0.55
0.58
0.62
0.59
0.56
0.60
0.56
0.55
0.62
0.61
0.63
0.66
0.68
0.63
0.63
0.66
0.63
0.65
0.67
0.68
0.64
0.65
0.66
0.63
0.66
0.61
0.63
0.62
0.71
0.67
0.68
0.69
0.66
0.69
0.70
0.69
0.67
0.63
0.59
0.57
0.59
0.53
0.58
0.50
0.54
0.54
0.53
0.50
0.55
0.53
0.53
0.50
0.52
0.59
0.58
0.51
0.58
0.54
