0.033317
0.201368
0.138534
0.146487
0.142673
0.150304
0.135814
0.149411
0.162288
0.144557
0.137690
0.136962
0.168339
0.171834
0.145854
0.164746
0.166592
0.159127
0.141642
0.143393
0.158759
0.172071
0.153188
0.143373
0.149495
0.142508
0.152260
0.143602
0.162649
0.163798
0.148179
0.168353
0.139631
0.152314
0.154154
0.135989
0.135952
0.157609
0.145991
0.144573
0.172430
0.184116
0.142876
0.141201
0.140193
0.146808
0.151844
0.153197
0.144218
0.159270
0.148643
0.186614
0.133785
0.137668
0.147502
0.140013
0.146273
0.141693
0.136722
0.147288
0.147492
0.134356
0.141906
0.140322
0.132157
0.147674
0.136250
0.139737
0.148378
0.140359
0.148778
0.135690
0.136868
0.141204
0.161006
0.142722
0.158761
0.155684
0.151468
0.156304
0.143238
0.149599
0.172031
0.144994
0.174488
0.168523
0.138408
0.146425
0.141424
0.142840
0.142545
0.139329
0.141227
0.141219
0.146946
0.148372
0.144259
0.142043
0.150876
0.143060
0.141274
0.142389
0.142551
0.144526
0.146256
0.142792
0.173295
0.196390
0.152611
0.157641
0.165549
0.154213
0.141597
0.153332
0.157083
0.146619
0.145405
0.148584
0.150325
0.152793
0.149992
0.152229
0.148381
0.152024
0.151688
0.154892
0.147960
0.153355
0.148035
0.180189
0.147994
0.146207
0.147305
0.170657
0.142003
0.146338
0.145604
0.178061
0.160318
0.188973
0.142621
0.152000
0.165886
0.162575
0.144826
0.184101
0.167913
0.183774
0.151687
0.153400
0.148379
0.147231
0.145833
0.194463
0.214513
0.157512
0.154815
0.155181
0.163750
0.140036
0.153253
0.180029
0.152673
0.182278
0.153771
0.153115
0.140758
0.165930
0.153601
0.148402
0.149075
0.146721
0.164195
0.152484
0.139277
0.164936
0.150813
0.175966
0.146985
0.144594
0.141945
0.143034
0.150402
0.138014
0.185138
0.160843
0.162022
0.151123
0.144990
0.140916
0.138661
0.139607
0.186863
0.135878
0.143639
0.151026
0.147266
0.146053
0.140678
0.150472
0.140841
0.138478
0.144901
0.143021
0.145191
0.140303
0.147186
0.140790
0.149274
0.152506
0.162149
0.148325
0.190686
0.148669
0.184956
0.152592
0.190948
0.178280
0.143187
0.140728
0.166776
0.168162
0.155643
0.145535
0.140371
0.145077
0.145150
0.140755
0.145852
0.142094
0.162407
0.173809
0.196532
0.171359
0.137833
0.204561
0.140301
0.140778
0.143661
0.142195
0.140956
0.146123
0.149755
0.169421
0.160977
0.160752
0.171635
0.158208
0.147382
0.147367
0.141396
0.142278
0.142745
0.157975
0.151008
0.168571
0.136461
0.142046
0.147636
0.143351
0.143101
0.155710
0.142008
0.143796
0.144475
0.150809
0.154372
0.160347
0.139548
0.156314
0.152550
0.152361
0.163314
0.169131
0.160392
0.155900
0.145653
0.147514
0.148536
0.153190
0.143492
0.158118
0.148176
0.151790
0.145967
0.156332
0.147840
0.146704
0.145745
0.143743
0.146797
0.151918
0.149507
0.147665
0.159910
