0.00
0.44
0.48
0.44
0.41
0.28
0.38
0.41
0.20
0.10
0.24
0.09
0.24
0.40
0.49
0.44
0.25
0.36
0.37
0.23
0.24
0.13
0.28
0.23
0.37
0.31
0.27
0.30
0.26
0.29
0.19
0.28
0.44
0.39
0.36
0.40
0.37
0.41
0.40
0.45
0.43
0.23
0.19
0.10
0.18
0.22
0.22
0.24
0.31
0.23
0.22
0.27
0.20
0.29
0.22
0.25
0.22
0.17
0.21
0.15
0.18
0.17
0.18
0.18
0.18
0.15
0.25
0.27
0.16
0.17
0.20
0.20
0.33
0.29
0.25
0.30
0.25
0.34
0.39
0.38
0.38
0.42
0.41
0.37
0.39
0.37
0.29
0.31
0.30
0.39
0.39
0.34
0.31
0.29
0.29
0.37
0.39
0.32
0.33
0.29
0.25
0.38
0.36
0.37
0.31
0.37
0.26
0.36
0.30
0.31
0.30
0.45
0.19
0.31
0.26
0.24
0.28
0.18
0.32
0.32
0.20
0.23
0.13
0.31
0.22
0.13
0.25
0.29
0.43
0.45
0.36
0.40
0.31
0.39
0.31
