0.035574
0.236000
0.158936
0.148135
0.156611
0.168168
0.145527
0.147057
0.149470
0.146620
0.144498
0.155115
0.139326
0.138928
0.155761
0.161347
0.147898
0.146879
0.167711
0.155220
0.158944
0.149919
0.163034
0.161780
0.175678
0.144770
0.173259
0.176471
0.173016
0.146486
0.151359
0.144097
0.145677
0.150769
0.145928
0.153856
0.149453
0.149125
0.159913
0.157131
0.148275
0.152756
0.144010
0.160962
0.160897
0.181517
0.154856
0.144990
0.154965
0.164406
0.144727
0.208709
0.242185
0.246596
0.194977
0.149249
0.148075
0.188842
0.147175
0.155007
0.149173
0.162501
0.161508
0.159833
0.157544
0.158434
0.162609
0.149491
0.180575
0.169691
0.160564
0.164311
0.159839
0.153473
0.168829
0.142127
0.159915
0.155082
0.165867
0.162277
0.151296
0.142130
0.150540
0.148941
0.157803
0.144942
0.148816
0.147556
0.155145
0.144278
0.151114
0.148730
0.156446
0.140780
0.141500
0.124313
0.169137
0.137069
0.162524
0.124956
0.141923
0.141265
0.133348
0.129565
0.128011
0.131798
0.126230
0.144373
0.141834
0.159216
0.146803
0.118190
0.153386
0.136136
0.119685
0.119669
0.120424
