0.00
129.46
162.29
139.13
160.53
150.54
134.23
156.91
194.56
191.15
185.12
122.84
166.16
186.82
199.91
151.39
101.01
156.06
162.24
91.37
88.96
69.45
135.96
74.48
125.46
112.99
85.42
104.20
99.12
109.19
89.02
119.06
179.81
142.79
151.12
195.21
159.58
180.34
188.92
162.53
160.32
94.57
81.08
66.24
119.24
74.64
100.40
83.07
120.15
94.39
86.76
114.78
73.67
129.37
88.79
111.70
89.99
55.03
100.18
50.36
53.76
53.50
59.65
60.22
74.18
69.17
105.68
114.37
57.91
58.02
91.97
74.62
141.38
106.14
78.27
108.07
74.89
153.03
158.56
167.19
161.76
163.84
179.91
137.62
154.31
149.00
104.50
124.82
108.06
153.21
174.19
121.53
115.58
90.69
118.65
156.35
176.76
132.46
140.91
90.90
93.30
181.03
135.41
110.27
86.05
124.22
79.79
123.39
104.94
101.10
105.14
256.77
102.94
186.65
92.77
97.65
102.58
76.92
139.08
96.29
87.18
118.78
42.23
113.14
59.28
61.59
87.41
121.72
195.03
202.77
137.58
136.00
130.02
148.73
119.73
