0.011651
0.146652
0.151091
0.158270
0.145296
0.152741
0.147776
0.137392
0.150600
0.136252
0.139868
0.149237
0.183285
0.177047
0.161369
0.142951
0.143503
0.181851
0.149118
0.140227
0.141154
0.152889
0.141741
0.137522
0.148791
0.165303
0.136518
0.150636
0.171280
0.143613
0.161328
0.174897
0.143943
0.154039
0.149246
0.145903
0.167072
0.139012
0.141034
0.155369
0.153472
0.138256
0.138524
0.140626
0.140618
0.161336
0.139406
0.143897
0.157206
0.141288
0.140797
0.141768
0.147171
0.144637
0.145926
0.146647
0.191018
0.145623
0.142922
0.146031
0.148538
0.160595
0.140220
0.136506
0.162008
0.144329
0.141323
0.153316
0.140878
0.151595
0.146590
0.160513
0.164272
0.156194
0.149743
0.148760
0.153790
0.168167
0.151607
0.144406
0.152029
0.148097
0.146908
0.142445
0.168208
0.163879
0.144703
0.144475
0.149414
0.166996
0.140249
0.140355
0.153564
0.143034
0.152967
0.144813
0.150725
0.144608
0.152263
0.176329
0.145027
0.159830
0.153668
0.150629
0.144377
0.150715
0.144943
0.140049
0.155592
0.191401
0.157514
0.196507
0.151136
0.140395
0.147478
0.160717
0.150339
0.217638
0.155114
0.148157
0.144731
0.160558
0.146059
0.140580
0.157453
0.143650
0.144671
0.142175
0.149935
0.158924
0.170435
0.158070
0.145666
0.143573
0.142775
0.166047
0.198100
0.150193
0.145465
0.153918
0.172706
0.147199
0.147815
0.144238
0.143436
0.142022
0.141160
0.152115
0.148866
0.156954
0.159952
0.143359
0.150820
0.145826
0.141067
0.152338
0.151559
0.143614
