0.00
215.21
220.93
215.19
212.69
209.02
217.59
277.70
242.05
188.45
243.83
266.96
242.29
247.30
244.77
299.01
339.39
255.17
182.81
274.03
297.14
369.99
265.28
233.70
152.71
206.03
294.47
90.52
154.88
176.78
235.40
186.81
216.03
172.69
192.01
257.97
270.73
253.09
177.18
183.42
188.49
201.64
204.36
146.34
162.45
154.74
191.40
179.05
238.19
374.64
299.78
268.40
222.97
213.40
341.21
232.68
356.03
185.17
152.60
132.11
106.20
102.95
136.34
152.38
199.61
157.01
195.38
174.14
278.70
340.05
266.60
336.13
387.08
375.86
366.52
357.75
298.17
367.31
336.17
349.21
387.24
414.13
394.74
436.86
405.70
383.31
433.83
452.81
409.89
420.41
398.34
312.30
375.51
348.47
297.08
322.57
317.90
365.47
372.22
347.48
313.11
314.11
355.34
330.07
300.16
338.86
268.07
271.89
292.82
291.04
255.17
316.18
352.18
363.77
313.03
309.57
332.76
