0.00
478.80
527.06
320.85
361.05
455.27
459.24
515.68
487.68
424.38
452.97
480.23
419.13
342.71
472.39
369.10
482.36
406.25
456.49
395.20
462.64
451.22
436.43
437.92
455.33
478.73
387.47
333.47
308.23
398.21
404.81
427.24
460.67
423.68
403.97
410.38
290.84
400.53
477.53
322.69
322.75
313.02
324.09
348.99
324.21
141.05
319.14
145.14
173.64
377.07
299.54
376.10
166.28
160.93
232.06
192.41
220.66
246.63
194.10
226.87
106.92
200.44
139.63
186.98
182.13
140.62
248.08
195.34
189.36
162.81
219.43
293.30
402.86
269.90
322.75
314.24
319.29
260.90
255.07
242.86
322.33
218.28
195.26
205.65
197.64
251.05
221.45
208.58
158.16
192.51
193.30
133.48
203.08
233.89
317.65
236.73
169.26
179.87
176.98
224.61
250.74
188.47
354.97
370.70
383.10
409.52
423.07
452.05
415.52
423.51
440.95
371.81
270.26
276.53
338.98
296.45
319.60
284.37
168.35
397.85
440.48
407.12
443.10
420.97
409.90
408.27
412.03
445.01
465.82
468.20
497.21
398.98
459.77
490.35
444.51
453.06
436.15
424.47
383.33
364.79
266.43
247.48
201.54
322.67
236.60
187.70
201.92
355.92
261.02
228.82
327.66
274.14
286.89
171.12
198.95
352.30
186.03
182.48
192.60
193.17
202.22
305.00
218.76
202.01
211.63
190.71
194.28
261.90
217.27
202.20
368.97
