0.00
0.75
0.82
0.60
0.66
0.74
0.74
0.79
0.75
0.66
0.77
0.78
0.70
0.66
0.75
0.67
0.77
0.70
0.78
0.70
0.75
0.75
0.74
0.70
0.75
0.79
0.71
0.63
0.63
0.69
0.70
0.73
0.77
0.72
0.71
0.71
0.60
0.71
0.77
0.61
0.61
0.62
0.65
0.64
0.61
0.47
0.63
0.44
0.45
0.67
0.54
0.63
0.43
0.37
0.53
0.52
0.60
0.59
0.48
0.49
0.31
0.50
0.38
0.48
0.48
0.39
0.53
0.50
0.46
0.44
0.49
0.60
0.65
0.59
0.62
0.64
0.59
0.56
0.59
0.55
0.61
0.57
0.53
0.50
0.50
0.57
0.53
0.54
0.43
0.51
0.45
0.42
0.50
0.54
0.63
0.52
0.48
0.50
0.47
0.52
0.56
0.52
0.69
0.71
0.72
0.74
0.73
0.75
0.72
0.71
0.75
0.68
0.58
0.53
0.59
0.55
0.50
0.43
0.30
0.64
0.72
0.70
0.72
0.71
0.63
0.69
0.69
0.65
0.70
0.59
0.74
0.57
0.71
0.72
0.71
0.76
0.71
0.73
0.70
0.64
0.57
0.51
0.49
0.62
0.48
0.46
0.43
0.63
0.53
0.46
0.65
0.54
0.58
0.44
0.47
0.59
0.47
0.44
0.45
0.49
0.51
0.63
0.48
0.49
0.53
0.49
0.48
0.60
0.50
0.50
0.64
