0.00
259.57
211.38
223.46
239.61
146.41
177.30
164.78
219.67
250.13
265.09
179.98
271.30
271.72
185.85
255.04
276.28
255.40
205.56
235.01
211.88
176.66
184.15
207.16
158.34
213.11
167.92
189.71
153.27
205.35
233.95
178.27
313.98
169.53
199.37
201.50
165.04
171.35
180.06
173.26
224.56
278.73
278.40
153.14
165.13
191.68
179.30
178.90
270.12
211.37
227.45
239.59
220.28
236.89
234.14
188.09
245.50
227.03
238.38
205.05
259.96
181.66
265.96
328.10
223.01
202.32
279.12
163.50
272.90
176.85
262.64
192.57
251.78
143.25
144.23
165.77
129.65
