0.00
212.34
261.51
258.12
448.24
346.48
435.82
325.36
355.67
470.53
479.94
396.19
469.34
491.03
471.68
480.63
453.38
480.18
405.93
421.78
445.02
422.62
463.93
448.91
461.86
465.50
472.44
456.53
433.93
473.66
449.20
455.15
475.03
477.75
434.57
469.15
422.53
458.12
434.75
465.26
465.80
465.27
457.95
386.75
432.75
435.26
401.95
465.83
353.75
362.19
391.85
427.40
349.72
344.93
278.87
312.69
342.57
258.07
396.64
372.24
382.74
305.14
412.00
449.14
439.85
458.40
427.41
447.37
446.60
444.82
435.79
473.55
478.36
478.15
465.21
452.96
420.27
411.48
418.44
383.55
391.16
416.48
401.96
410.30
407.31
414.87
389.93
382.34
376.31
323.17
364.01
231.54
268.12
332.48
290.61
257.84
308.01
328.74
281.74
293.31
244.61
362.97
327.80
284.84
247.00
301.95
289.76
320.99
322.61
324.21
304.77
300.95
292.94
306.41
328.84
326.31
315.61
314.76
309.69
281.89
341.41
331.05
329.23
358.68
284.04
294.23
220.92
226.15
275.62
245.99
241.23
288.64
307.18
279.61
270.18
291.03
297.11
295.60
289.37
287.77
305.67
309.96
288.68
307.01
286.24
299.48
302.55
350.58
287.00
261.39
269.89
205.65
245.11
282.60
264.69
216.85
198.66
191.80
232.80
284.68
345.09
327.17
232.76
296.95
250.45
227.83
289.60
197.57
216.79
239.58
289.70
232.86
219.53
224.15
198.65
152.90
210.56
183.43
203.14
212.75
201.17
146.79
178.47
203.17
196.07
128.97
129.84
216.99
230.43
259.15
149.34
135.72
242.09
241.25
211.87
208.55
259.62
267.90
164.49
156.63
188.22
233.31
196.03
315.49
255.67
141.09
250.90
252.99
278.92
286.31
233.21
161.69
218.92
249.75
209.45
194.63
329.47
255.85
210.69
224.98
260.24
191.87
249.55
271.27
227.59
262.49
248.28
252.84
325.82
259.93
242.34
331.05
288.33
218.52
213.67
260.81
267.41
253.23
244.68
266.60
309.99
177.47
266.96
187.30
149.64
211.37
205.40
206.52
202.96
192.50
224.22
274.58
261.01
293.01
308.31
283.07
335.86
290.87
225.03
382.55
212.06
362.61
413.10
387.48
397.65
364.50
272.20
338.29
388.97
297.56
231.90
223.94
301.56
204.69
333.11
399.85
295.93
223.33
309.17
226.95
129.40
193.17
229.60
228.53
193.46
208.36
176.79
163.14
234.44
296.33
298.34
374.40
418.93
357.38
381.87
338.01
355.16
286.28
176.78
359.84
370.12
395.05
396.53
394.89
417.27
409.58
380.89
398.15
344.78
370.85
390.04
333.85
255.10
332.10
352.27
258.36
379.27
389.17
410.79
418.89
409.69
416.20
409.77
409.35
387.38
373.47
380.50
357.16
255.70
391.50
367.47
314.70
408.50
413.66
446.31
402.10
409.77
383.81
416.17
415.43
431.66
366.43
278.49
362.94
409.95
382.43
384.43
450.36
432.40
402.94
394.43
369.91
366.37
408.80
390.27
344.48
334.29
336.22
443.65
443.44
446.29
357.98
392.13
308.43
277.01
349.94
257.46
322.22
387.01
369.79
371.89
257.54
230.82
259.94
276.24
246.67
200.66
311.52
203.14
208.08
172.30
225.42
146.70
213.27
158.81
165.37
187.75
118.12
226.21
138.14
154.17
152.30
167.58
189.81
117.85
