0.00
0.53
0.55
0.55
0.73
0.64
0.67
0.53
0.55
0.63
0.75
0.70
0.79
0.79
0.77
0.78
0.75
0.78
0.70
0.73
0.74
0.74
0.78
0.75
0.76
0.78
0.77
0.76
0.74
0.77
0.76
0.76
0.78
0.79
0.75
0.78
0.75
0.77
0.75
0.78
0.78
0.78
0.77
0.71
0.74
0.73
0.72
0.77
0.69
0.71
0.72
0.74
0.69
0.67
0.59
0.62
0.67
0.54
0.70
0.69
0.69
0.62
0.74
0.77
0.76
0.77
0.75
0.78
0.77
0.76
0.76
0.78
0.79
0.79
0.78
0.76
0.75
0.73
0.74
0.70
0.72
0.73
0.72
0.72
0.73
0.73
0.72
0.72
0.71
0.65
0.70
0.56
0.57
0.67
0.62
0.58
0.62
0.66
0.60
0.62
0.57
0.69
0.66
0.63
0.59
0.63
0.63
0.65
0.65
0.64
0.63
0.62
0.63
0.63
0.67
0.66
0.65
0.65
0.64
0.60
0.65
0.65
0.65
0.68
0.60
0.63
0.54
0.54
0.60
0.57
0.57
0.60
0.61
0.59
0.59
0.60
0.59
0.60
0.61
0.59
0.62
0.62
0.61
0.62
0.61
0.61
0.61
0.68
0.59
0.57
0.58
0.50
0.56
0.55
0.56
0.51
0.50
0.51
0.53
0.58
0.64
0.63
0.52
0.58
0.56
0.53
0.59
0.49
0.51
0.54
0.61
0.55
0.55
0.55
0.51
0.43
0.53
0.50
0.50
0.49
0.48
0.43
0.43
0.49
0.51
0.42
0.43
0.52
0.54
0.56
0.44
0.44
0.57
0.54
0.54
0.53
0.60
0.61
0.49
0.43
0.49
0.50
0.51
0.64
0.60
0.45
0.58
0.57
0.61
0.60
0.53
0.45
0.50
0.54
0.50
0.47
0.64
0.57
0.53
0.56
0.60
0.53
0.58
0.60
0.56
0.57
0.57
0.59
0.62
0.55
0.55
0.63
0.58
0.53
0.53
0.57
0.57
0.55
0.53
0.58
0.60
0.44
0.55
0.43
0.43
0.45
0.48
0.47
0.50
0.50
0.53
0.60
0.56
0.64
0.63
0.61
0.65
0.60
0.58
0.68
0.50
0.69
0.72
0.71
0.68
0.63
0.57
0.64
0.68
0.59
0.51
0.52
0.59
0.50
0.66
0.68
0.60
0.53
0.64
0.53
0.42
0.51
0.54
0.54
0.50
0.50
0.48
0.48
0.56
0.62
0.64
0.71
0.72
0.69
0.67
0.67
0.60
0.51
0.49
0.68
0.70
0.72
0.73
0.72
0.73
0.73
0.69
0.70
0.61
0.68
0.71
0.63
0.54
0.65
0.68
0.59
0.66
0.68
0.70
0.70
0.69
0.69
0.67
0.68
0.66
0.66
0.66
0.66
0.57
0.67
0.65
0.62
0.68
0.70
0.73
0.71
0.64
0.66
0.72
0.71
0.72
0.65
0.58
0.66
0.71
0.66
0.66
0.73
0.69
0.68
0.66
0.62
0.65
0.68
0.67
0.64
0.63
0.59
0.69
0.68
0.71
0.67
0.63
0.52
0.55
0.61
0.49
0.57
0.66
0.63
0.64
0.55
0.53
0.55
0.59
0.51
0.44
0.59
0.52
0.50
0.45
0.45
0.39
0.47
0.39
0.38
0.41
0.31
0.43
0.39
0.36
0.37
0.35
0.43
0.34
