0.00
0.75
0.79
0.76
0.78
0.80
0.79
0.81
0.82
0.83
0.77
0.78
0.76
0.79
0.81
0.81
0.80
0.78
0.77
0.77
0.77
0.80
0.75
0.78
0.79
0.75
0.76
0.71
0.66
0.55
0.67
0.61
0.72
0.65
0.60
0.70
0.61
0.63
0.73
0.80
0.78
0.77
0.77
0.76
0.77
0.75
0.76
0.76
0.76
0.75
0.76
0.73
0.74
0.70
0.75
0.70
0.76
0.74
0.72
0.72
0.74
0.71
0.75
0.63
0.71
0.59
0.72
0.69
0.72
0.67
0.72
0.72
0.67
0.69
0.63
0.66
0.71
0.66
0.67
0.63
0.64
0.66
0.69
0.71
0.66
0.72
0.71
0.73
0.72
0.69
0.71
0.62
0.66
0.55
0.64
0.60
0.61
0.69
0.64
0.67
0.54
0.58
0.59
0.54
0.59
0.56
0.61
0.53
0.49
0.60
0.60
0.62
0.58
0.55
0.56
0.56
0.48
0.58
0.53
0.48
0.59
0.50
0.52
0.59
0.50
0.59
0.49
0.59
0.56
0.50
0.58
0.60
0.58
0.60
0.62
0.57
0.57
0.42
0.54
0.52
0.49
0.50
0.45
0.37
0.58
0.61
0.58
0.64
0.60
0.55
0.45
0.55
0.52
0.53
0.53
0.54
0.54
0.44
0.41
0.52
0.48
0.41
0.32
0.46
0.53
0.52
0.47
0.36
0.52
0.35
0.36
0.29
0.45
0.41
0.37
0.38
0.44
0.45
0.45
0.47
0.53
0.40
0.46
0.55
0.55
0.52
0.53
0.45
0.42
0.41
0.43
0.48
0.43
0.53
0.45
0.45
0.38
0.43
0.40
0.44
0.46
0.44
0.41
0.40
0.37
0.40
0.37
0.39
0.39
0.33
0.33
0.37
0.42
0.36
0.39
0.37
0.42
0.38
0.41
0.38
0.41
0.36
0.36
0.36
0.27
0.28
0.45
0.43
0.40
0.42
0.47
0.46
0.36
0.28
0.36
0.31
0.29
0.20
0.26
