0.014656
0.168005
0.143825
0.161862
0.148858
0.147571
0.149645
0.168829
0.136583
0.143370
0.134709
0.180119
0.165723
0.141890
0.163382
0.183114
0.165855
0.168197
0.153356
0.196668
0.171536
0.164203
0.144993
0.155265
0.176918
0.168177
0.143882
0.155128
0.158205
0.141373
0.167287
0.149916
0.146302
0.124716
0.153095
0.132058
0.117874
0.115988
0.114751
0.119758
0.119064
0.118693
0.117195
0.112618
0.123129
0.114748
0.128076
0.121668
0.138178
0.192122
0.122081
0.116933
0.129441
0.169617
0.121263
0.127896
0.132087
0.119494
0.164945
0.150915
0.150705
0.138258
0.138960
0.116769
0.115431
0.120264
0.115152
0.124286
0.121628
0.121988
0.122731
0.137369
0.123877
0.138899
0.112161
0.146369
0.132629
0.165246
0.144781
0.140061
0.139664
0.135089
0.183123
0.134243
0.146520
0.135574
0.149498
0.133222
0.139323
0.172006
0.154767
0.147481
0.142563
0.138994
0.144034
0.172395
0.200836
0.165800
0.149543
0.144286
0.144807
0.155260
0.207285
0.177520
0.164135
0.168558
0.154662
0.152839
0.169992
0.153368
0.173578
0.171111
0.140992
0.143896
0.168530
0.141454
0.145775
0.141711
0.141670
0.157822
0.142168
0.140852
0.141008
0.146811
0.161089
0.167951
0.163491
0.144918
0.138406
0.159214
0.145513
0.154541
0.155112
0.144711
0.155051
0.146721
0.167134
0.148334
0.146624
0.147990
0.191207
0.153201
0.151669
0.147094
0.197418
0.176209
0.192502
0.210624
0.192727
0.161625
0.157219
0.148106
0.140859
0.139049
0.145098
0.141155
0.141612
0.142348
0.142964
0.140366
0.139442
0.156565
0.149686
0.153234
0.159488
0.144459
0.170093
0.170129
0.148121
0.140603
0.203860
0.152859
0.135200
0.179109
0.141377
0.181485
0.154291
