0.025719
0.098148
0.099489
0.096200
0.108250
0.107216
0.108364
0.104886
0.117980
0.108685
0.096287
0.101777
0.098039
0.113559
0.102076
0.108005
0.093289
0.094659
0.097784
0.097132
0.097540
0.103362
0.118939
0.097627
0.099927
0.092418
0.100853
0.098555
0.103801
0.098799
0.111129
0.107956
0.101888
0.106285
0.097510
0.110743
0.104028
0.101231
0.095285
0.097528
0.096921
0.095150
0.098739
0.097967
0.094564
0.102597
0.102660
0.090487
0.119590
0.093925
0.094831
0.099077
0.096150
0.097265
0.095384
0.103517
0.102931
0.097725
0.095473
0.098220
0.097704
0.098669
0.091178
0.090903
0.112821
0.102212
0.095672
0.096264
0.093440
0.099186
0.115214
0.117840
0.093864
0.097659
0.100923
0.101446
0.117252
0.104686
0.101847
0.104457
0.104814
0.090314
0.119386
0.113842
0.094268
0.103637
0.111239
0.100087
0.106591
0.094388
0.100023
0.102503
0.110736
0.106513
0.093996
0.117674
0.104927
0.096000
0.101735
0.130178
0.113813
0.104020
0.109836
0.113295
0.119479
0.115478
0.102198
0.097310
0.095106
0.106140
0.096458
0.102799
0.092244
0.103663
0.115868
0.114402
0.131682
0.114994
0.110078
0.113718
0.107111
0.098280
0.115939
0.127313
0.112782
0.093731
0.097090
0.091977
0.093104
0.091910
0.097967
0.090638
0.096450
0.108443
0.099081
0.110160
0.101175
0.111918
0.122585
0.126823
0.102834
0.110103
0.122054
0.116115
0.103062
0.107683
0.088340
0.122340
0.091179
0.096133
0.095757
0.092073
0.090396
0.100296
0.113618
0.141922
0.101627
0.105664
0.115653
0.100121
0.094586
0.098283
0.098548
0.113532
0.116822
0.118532
0.108861
0.113332
0.125511
0.103155
0.124792
0.112943
0.139201
0.109809
0.092108
0.090244
0.093265
0.095159
0.092355
0.091269
0.100501
0.103940
0.119003
0.123128
0.128952
0.115955
0.122288
0.114810
0.109276
0.112087
0.122836
0.110463
0.088396
0.093465
0.105522
0.115805
0.089388
0.088269
0.129243
0.108586
0.117256
0.117736
0.099188
0.094515
0.095063
0.093566
0.088309
0.094682
0.116481
0.108505
0.101419
0.124903
0.122229
0.114371
0.117945
0.123558
0.104970
0.104920
0.100807
0.097719
0.089365
0.090820
0.092434
0.101873
0.116488
0.134363
0.107225
0.114368
0.117943
0.113746
0.116570
0.124348
0.109300
0.102792
0.106860
0.124501
0.107272
0.094246
0.103644
0.104680
0.108380
0.095365
0.118964
0.090975
0.110058
0.097969
0.116749
0.105315
0.109923
0.097190
0.095566
0.095485
0.110255
0.102158
0.106539
0.109926
0.098922
0.106979
0.104256
0.101301
0.101898
0.095364
0.142103
0.138162
0.118023
0.119755
0.092354
0.107349
0.093108
0.101952
0.178998
0.106248
0.108226
0.097636
0.112088
0.116351
0.120846
0.093329
0.096506
0.118887
0.107777
0.092202
0.098173
0.099243
0.101326
0.090550
0.096114
0.111379
0.095485
0.101188
0.096750
0.091741
0.105932
0.112619
0.116100
0.116802
0.113794
0.103922
0.096295
0.094553
0.101009
0.096461
0.102938
0.108042
0.089729
0.096448
0.101762
0.096571
0.106749
0.119196
0.105203
0.094467
0.091444
0.096453
0.108492
0.100356
0.111963
0.110744
0.113899
0.097287
0.095372
0.098191
0.095010
0.107504
0.099296
0.105790
0.103363
0.132779
0.120815
0.115051
0.112658
0.121843
0.111628
0.119811
0.138269
0.119442
0.120050
0.113853
0.127060
0.119025
0.122904
0.116367
0.116259
0.118674
0.128779
0.125411
0.120744
0.112507
0.124969
0.125042
0.110953
0.110518
0.111256
0.115804
0.116531
0.110976
0.115483
0.118447
0.109909
0.105160
0.114976
0.109714
0.104654
0.116569
0.123293
0.124001
0.117764
0.150172
0.124974
0.139007
0.120106
0.122759
0.135846
0.119407
0.122542
0.128950
0.107515
0.114261
0.107890
0.117388
0.107120
0.117070
0.122321
0.113429
0.125633
0.110727
0.115023
0.123039
0.139347
0.130613
0.133450
0.109704
0.118417
0.123030
0.116397
0.117342
0.110832
0.122229
0.117693
0.107780
0.104605
0.111047
0.130057
0.124736
0.118938
0.125365
0.120975
0.122428
0.119252
0.156063
0.120527
0.113450
0.110052
0.111948
0.113757
0.119977
0.118658
0.116600
0.118675
0.100431
0.125648
0.119305
0.127437
0.123482
0.115829
0.151694
0.135718
0.132348
0.111744
0.113486
0.124120
0.107259
0.119132
0.115973
0.110426
0.109274
0.113507
0.110341
0.117996
0.127116
0.120841
0.104278
0.118623
0.114976
0.117623
0.115200
0.112713
0.121797
0.121544
0.126973
0.114828
0.117992
0.118257
0.122454
0.109498
0.113600
0.109879
0.110658
0.111848
0.112658
0.114153
0.117658
0.121692
0.129904
0.128339
0.145004
0.137825
0.131806
0.127860
0.119300
0.131530
0.122129
0.125376
0.112868
0.123868
0.112190
0.111974
0.125223
0.120248
0.126869
0.134488
0.124972
0.141309
0.135062
0.141556
0.138940
0.127090
0.142754
0.112900
0.107688
0.116445
0.114824
0.106364
0.117399
0.114758
0.116800
0.124561
0.110436
0.109579
0.108398
0.112678
0.109913
0.103324
0.104099
0.112826
0.112158
0.108373
0.115380
0.145837
0.126626
0.119711
0.113504
0.133904
0.114089
0.125580
0.134592
0.124454
0.121345
0.119359
0.131941
0.136729
0.116739
0.134393
0.144305
0.139557
0.142126
0.142295
0.137599
0.150631
0.143220
0.131064
0.121832
0.122907
0.124482
0.138864
0.127930
0.111986
0.140671
0.110894
0.104055
0.111595
0.115025
0.117131
0.113793
0.114779
0.121932
0.123931
0.149424
0.120303
0.134654
0.140791
0.132276
0.134446
0.121443
0.114740
0.110497
0.114626
0.118708
0.111230
0.118506
0.112999
0.131139
0.115365
0.119157
0.154099
0.128337
0.128400
0.121425
0.125749
0.128454
0.121462
0.108670
0.113639
0.112616
0.119482
0.112881
0.110583
0.110568
0.106321
0.096036
0.112658
0.106715
0.091769
0.111675
0.106640
0.095554
0.097727
0.111426
0.117217
0.099320
0.104651
0.095086
0.103585
0.093637
0.106819
0.098998
0.098593
0.099507
0.097886
0.110287
0.110399
0.100869
0.098224
0.111839
0.117813
0.102450
0.100865
0.117144
0.103607
0.108947
0.102613
0.098275
0.110246
0.114549
0.106125
0.123626
0.114915
0.105329
0.105458
0.129976
0.101241
0.100397
0.100009
0.104451
0.099861
0.095702
0.098241
0.095235
0.098149
0.115406
0.098608
0.112302
0.115741
0.097216
0.106484
0.128951
0.100871
0.114306
0.105858
0.096383
0.142272
0.100070
0.094505
0.107243
0.115043
0.090430
0.106670
0.110897
0.110469
0.099344
0.101811
0.126793
0.097667
0.104309
0.123970
0.110353
0.105913
0.115090
0.122284
0.119395
0.130229
0.113232
0.124246
0.111056
0.125253
0.121184
0.113090
0.124573
0.129658
0.124718
0.134008
0.111214
0.128645
0.117321
0.115517
0.114680
0.115181
0.118217
0.113240
0.142678
0.123826
0.115467
0.114189
0.146217
0.110955
0.111230
0.124526
0.131036
0.125932
0.136317
0.110401
0.117580
0.124057
0.116825
0.119928
0.115257
0.137044
0.124310
0.105444
0.116508
0.112709
0.134274
0.130983
0.110906
0.137574
0.125864
0.120431
0.116663
0.119390
0.126580
0.128784
0.133330
0.115463
0.127970
0.113586
0.130119
0.123369
0.119446
0.119159
0.115074
0.119195
0.109229
0.125548
0.125994
0.121910
0.135356
0.119853
0.124095
0.114157
0.134687
0.120558
0.134778
0.106769
0.107857
0.117097
0.118354
0.129682
0.108532
0.127836
0.105730
0.106904
0.113709
0.113982
0.117930
0.119061
0.113893
0.106258
0.120121
0.116193
0.121297
0.112255
0.109210
0.130702
0.126125
0.116310
0.126553
0.112451
0.117342
0.120835
0.103018
0.113009
0.123252
0.135545
0.129383
0.106331
0.122249
0.113225
0.133744
0.121350
0.122196
0.121590
0.118178
0.118744
0.120290
0.130262
0.118106
0.120487
0.113026
0.121783
0.128205
0.134600
0.104380
0.123616
0.121196
0.125990
0.116885
0.106794
0.123142
0.125693
0.111776
0.118709
0.107215
0.111761
0.120946
0.123795
0.114241
0.115747
0.110155
0.112450
0.107243
0.113397
0.119310
0.117770
0.110057
0.117941
0.119477
0.117599
0.119970
0.113575
0.123018
0.110300
0.115704
0.115244
0.123564
0.110147
0.119442
0.120490
0.123089
0.112927
0.113317
0.118069
0.126472
0.113242
0.122364
0.123548
0.124716
0.111096
0.116347
0.112423
0.126042
0.112382
0.115322
0.112851
0.120800
0.118366
0.132325
0.120223
0.106546
0.111847
0.112376
0.115436
0.126266
0.106735
0.120324
0.114455
0.120163
0.113901
0.114538
0.126309
0.121352
0.125938
0.123870
0.111012
0.116106
0.112727
0.124634
0.118551
0.117529
0.118048
0.120062
0.111980
0.123803
0.113652
0.112990
0.139425
0.125921
0.113884
0.114024
0.131627
0.158005
0.123791
0.114587
0.118935
0.112929
0.115988
0.113372
0.110697
0.114032
0.109450
0.120511
0.109430
0.124247
0.116350
0.113838
0.109797
0.107694
0.115330
0.111209
0.110794
0.109981
0.108486
0.107733
0.110804
0.141804
0.134282
0.140209
0.125330
0.119965
0.135424
0.135167
0.131410
0.133307
0.126754
0.105733
0.103005
0.111033
0.104881
0.120892
0.111072
0.107797
0.129783
0.149545
0.120534
0.116220
0.116114
0.146088
0.135130
0.116565
0.115265
0.106820
0.111947
0.116325
0.123966
0.120394
0.119598
0.119928
0.117747
0.104690
0.161946
0.102257
0.131528
0.112779
0.116176
0.107862
0.116550
0.128244
0.148156
0.161157
0.149595
0.155581
0.155126
0.158924
0.137542
0.166019
0.142510
0.155728
0.182031
0.143068
