0.012248
0.112456
0.117677
0.107438
0.112538
0.111032
0.114674
0.107041
0.113549
0.106562
0.131955
0.103102
0.095092
0.092187
0.087546
0.090849
0.091677
0.091496
0.092057
0.094390
0.112536
0.092013
0.088931
0.106936
0.108178
0.094903
0.092400
0.092524
0.097868
0.103605
0.107629
0.093495
0.091039
0.090645
0.094101
0.095863
0.094642
0.095147
0.094003
0.090865
0.090629
0.090218
0.092331
0.090627
0.094566
0.090616
0.092406
0.100339
0.089958
0.090534
0.090926
0.090603
0.087408
0.088450
0.087733
0.088124
0.089224
0.092046
0.092032
0.093910
0.096857
0.103113
0.094978
0.089897
0.090197
0.090189
0.092690
0.090386
0.089799
0.092618
0.086827
0.093523
0.096810
0.097275
0.093521
0.094604
0.103393
0.091393
0.093249
0.091171
0.091070
0.093862
0.091341
0.112636
0.094438
0.091279
0.090272
0.089879
0.089852
0.087737
0.087650
0.088821
0.086891
0.090436
0.088232
0.088692
0.086899
0.087804
0.089891
0.090047
0.089882
0.088589
0.090026
0.091602
0.092550
0.090120
0.090129
0.091257
0.108163
0.098044
0.091199
0.092883
0.092845
0.089314
0.091054
0.092716
0.089332
0.089239
0.090149
0.088840
0.091001
0.091270
0.091905
0.090855
0.091068
0.091787
0.091105
0.091476
0.094392
0.100543
0.108971
0.106342
0.105249
0.109281
0.108726
0.105021
0.106411
0.107129
0.106374
0.111216
0.112284
0.105725
0.106029
0.106116
0.105550
0.106174
0.105483
0.104915
0.106174
0.102857
0.101979
0.103245
0.102319
0.102854
0.102684
0.102376
0.102501
0.105119
0.103878
0.103098
0.103257
0.102504
0.099162
0.098326
0.098428
0.097840
0.098337
0.098787
0.100640
0.102418
0.113863
0.114143
0.110683
0.110118
0.122655
0.139296
0.108489
0.129353
0.100891
0.100766
0.101198
0.101648
0.101123
0.102274
0.103906
0.103435
0.112341
0.113485
0.113792
0.111560
0.110319
0.140320
0.123838
0.097872
0.101792
0.101336
0.100790
0.100458
0.101931
0.102825
0.102014
0.101889
0.095992
0.090324
0.089280
0.086521
0.090686
0.085943
0.086168
0.086236
0.092589
0.091465
0.092239
0.086235
0.093657
0.097933
0.086292
0.092591
0.086569
0.085937
0.086100
0.086134
0.086758
0.085961
0.091657
0.095380
0.113515
0.115209
0.124961
0.120160
0.119862
0.122949
0.111554
0.101243
0.098940
0.098461
0.099949
0.099838
0.118041
0.098485
0.099468
0.108213
0.098810
0.101565
0.103871
0.101179
0.108405
0.107066
0.118479
0.115275
0.106570
0.118808
0.109908
0.122613
0.115587
0.106352
0.105054
0.108180
0.103299
0.103722
0.108089
0.120385
0.122913
0.103171
0.116160
0.109570
0.120208
0.119625
0.103512
0.101046
0.102863
0.103051
0.102606
0.101945
0.102770
0.101790
0.102808
0.100791
0.108942
0.108820
0.120422
0.120059
0.104527
0.112315
0.111013
0.118843
0.111715
0.113686
0.109888
0.104547
0.135160
0.115785
0.109761
0.114877
0.118956
0.112073
0.104752
0.105714
0.106977
0.106092
0.109289
0.113919
0.112829
0.104782
0.106558
0.110438
0.112935
0.107005
0.106717
0.110712
0.131001
0.138148
0.103092
0.108381
0.102422
0.101823
0.110167
0.135775
0.109909
