0.011257
0.122539
0.112067
0.124498
0.111084
0.120831
0.139029
0.146109
0.118879
0.118093
0.117516
0.126746
0.115514
0.122760
0.123260
0.114451
0.118967
0.114782
0.134841
0.113911
0.111835
0.129163
0.129040
0.121029
0.123158
0.110618
0.108779
0.115014
0.119512
0.118795
0.126294
0.130224
0.112827
0.130546
0.130054
0.128915
0.127973
0.129199
0.121015
0.126888
0.122508
0.130845
0.110887
0.116935
0.120673
0.117458
0.123655
0.119871
0.118814
0.122945
0.121078
0.125101
0.117500
0.113475
0.123457
0.115172
0.119960
0.118472
0.114643
0.124230
0.115889
0.120562
0.119102
0.112730
0.113458
0.122023
0.131844
0.111934
0.119591
0.117239
0.128717
0.122788
0.124358
0.170477
0.120998
0.110106
0.118167
0.146259
0.146316
0.118119
0.116155
0.121626
0.114067
0.133481
0.152966
0.123128
0.109295
0.131230
0.120439
0.119030
0.131427
0.121104
0.124318
0.126022
0.124795
0.113996
0.123702
0.120120
0.120736
0.119924
0.127582
0.119482
0.116844
0.115783
0.122923
0.151708
0.128865
0.124226
0.117550
0.123377
0.127777
0.136794
0.137671
0.117037
0.127540
0.112979
0.122769
0.121797
0.133864
0.120615
0.118237
0.119698
0.150692
0.117691
0.121477
0.125181
0.128541
0.128341
0.121098
0.114958
0.123525
0.107196
0.127227
0.119064
0.114253
0.112826
0.123587
0.134848
0.119034
0.118989
0.120930
0.115238
0.122028
0.120416
0.119795
0.113891
0.124636
0.121372
0.153248
0.114367
0.135782
0.132622
0.146477
0.137246
0.110422
0.114072
0.133837
0.116888
0.126085
0.129628
0.136671
0.126604
0.118925
0.120772
0.127185
0.117679
0.125137
0.111499
0.127365
0.134358
0.121473
0.113680
0.149486
0.123597
0.128523
0.144496
0.125506
0.124317
0.117761
0.110505
0.120487
0.122131
0.117300
0.129208
0.120706
0.125964
0.122210
0.118129
0.134001
0.116340
0.116935
0.115179
0.117179
0.115732
0.110696
0.150110
0.125535
0.125643
0.136729
0.131380
0.134464
0.123849
0.125917
0.126117
0.122948
0.116696
0.121341
0.125916
0.118557
0.125868
0.122712
0.126081
0.122932
0.108391
0.110484
0.112570
0.113149
0.121906
0.111823
0.118489
0.123820
0.128149
0.125335
0.133508
0.125018
0.126691
0.127595
0.114189
0.127189
0.132025
0.120094
0.121315
0.123753
0.120340
0.124674
0.123290
0.124337
0.130142
0.138625
0.188899
0.118797
0.120869
0.141288
0.127434
0.118237
0.130491
0.111919
0.118829
0.117866
0.121455
0.126903
0.119789
0.115111
0.127672
0.146626
0.131102
0.130901
0.119800
0.130423
0.133392
0.125862
0.126730
0.130835
0.122984
0.128681
0.127633
0.113747
0.119105
0.117323
0.118155
0.113988
0.112810
0.119593
0.121049
0.147541
0.137533
0.128543
0.134399
0.118885
0.127119
0.120997
0.118335
0.127499
0.127052
0.135040
0.123269
0.128229
0.130771
0.144673
0.133482
0.124366
0.120883
0.117925
0.123828
0.117158
