0.015138
0.133124
0.139092
0.175401
0.126840
0.131868
0.126650
0.124490
0.112010
0.115012
0.126651
0.111263
0.144688
0.122082
0.125661
0.140977
0.135670
0.121283
0.147960
0.147165
0.136377
0.167988
0.128112
0.122097
0.133209
0.128048
0.112749
0.176760
0.131911
0.109236
0.112947
0.113537
0.122293
0.123059
0.114304
0.121940
0.123107
0.133561
0.119691
0.139817
0.138704
0.131602
0.122629
0.137533
0.129332
0.116623
0.136716
0.131900
0.116800
0.117381
0.125670
0.111626
0.116919
0.115867
0.133147
0.124609
0.123902
0.138059
0.138556
0.140181
0.120966
0.136415
0.133108
0.124784
0.119831
0.115962
0.124693
0.117062
0.114743
0.126904
0.123413
0.107087
0.132048
0.121575
0.119135
0.118880
0.119811
0.116147
0.152839
0.138319
0.133011
0.162725
0.137275
0.132052
0.139093
0.153136
0.157179
0.133190
0.112777
0.110372
0.095517
0.109242
0.094882
0.102797
0.098078
0.113566
0.124534
0.121515
0.126858
0.131824
0.118381
0.143614
0.135953
0.116342
0.147169
0.129402
0.120945
0.098063
0.108983
0.101182
0.107520
0.102169
0.110087
0.104046
0.131965
0.125719
0.107538
0.107812
0.096497
0.097328
0.100023
0.101183
0.123939
0.117288
0.131997
0.109949
0.131138
0.107451
0.107920
0.113231
0.106865
0.122452
0.098781
0.114090
0.108191
0.100886
0.104003
0.110707
0.118168
0.106373
0.112090
0.113424
0.118563
0.140724
0.108396
0.126184
0.120724
0.133856
0.112729
0.098446
0.101805
0.100676
0.115370
0.097348
0.106180
0.099011
0.116318
0.111076
0.094974
0.104771
0.106582
0.110669
0.106532
0.115711
0.114779
0.140147
0.120741
0.124239
0.127322
0.129185
0.123433
0.123407
0.120356
0.116401
0.117746
0.123030
0.136962
0.107708
0.117428
0.115358
0.127821
0.160817
0.129381
0.116762
0.130379
0.129433
0.138129
0.114869
0.121669
0.126847
0.122217
0.117340
0.167069
0.104681
0.113420
0.117560
0.135185
0.116084
0.113878
0.133494
