0.025694
0.100767
0.105786
0.127343
0.124673
0.114469
0.123363
0.123216
0.125940
0.121707
0.123841
0.119273
0.130248
0.120463
0.130992
0.119882
0.127745
0.117622
0.130874
0.124409
0.124660
0.127334
0.110922
0.108085
0.125065
0.124604
0.124922
0.111410
0.117948
0.113752
0.117460
0.114805
0.120976
0.121701
0.129590
0.125516
0.111475
0.125679
0.151345
0.119194
0.118870
0.122609
0.139225
0.126463
0.123216
0.146447
0.127875
0.138351
0.125180
0.130840
0.126402
0.127124
0.134173
0.144932
0.140254
0.124572
0.133644
0.130174
0.118317
0.116014
0.117662
0.138119
0.124306
0.150925
0.113852
0.115014
0.136557
0.109393
0.126931
0.112837
0.123236
0.139008
0.125296
0.116659
0.125181
0.121428
0.117595
0.116841
0.126815
0.110983
0.118725
0.116707
0.132438
0.121160
0.124459
0.125578
0.144739
0.129650
0.139175
0.121804
0.120711
0.133178
0.115681
0.132822
0.113498
0.132403
0.124726
0.115937
0.135503
0.124954
0.115404
0.124485
0.125155
0.123484
0.127982
0.107961
0.118807
0.116727
0.126138
0.104023
0.120790
0.120787
0.110214
0.117315
0.141178
0.115315
0.100998
0.112958
0.124696
0.116488
0.127040
0.120901
0.143855
0.122679
0.120617
0.118236
0.119640
0.111301
0.112863
0.121039
0.121538
0.130468
0.124619
0.138879
0.140424
0.130045
0.131975
0.136740
0.139445
0.121693
0.134523
0.118239
0.146686
0.114010
0.120258
0.115717
0.118036
0.124450
0.138634
0.126285
0.134298
0.146932
0.140969
0.152826
0.118861
0.120618
0.133406
0.132483
0.130292
0.116911
0.119671
0.145685
0.117661
0.118272
0.128781
0.106636
0.150248
0.119212
0.142909
0.108819
0.114150
0.117550
0.128932
0.139930
0.128388
0.147188
0.131294
0.155808
0.127826
0.128937
0.129845
0.111021
0.127621
0.112980
0.115163
0.128496
0.122575
0.132657
0.129666
0.112323
0.128652
0.142011
0.149824
0.135811
0.124749
0.130252
0.120540
0.110545
0.112029
0.112718
0.113344
0.118827
0.122008
0.124512
0.131279
0.109079
0.111832
0.123065
0.116757
0.107297
0.116972
0.121055
0.138499
0.178252
0.151822
0.146382
0.149015
0.131577
0.141761
0.139358
0.149158
0.130993
0.126364
0.126999
0.134991
0.124138
0.129924
0.147550
0.128945
0.139874
0.146193
0.147320
0.125581
0.141805
0.132256
0.140355
0.110169
0.120323
0.119381
0.117969
0.118954
0.120808
0.122840
0.130780
0.127756
0.140189
0.124832
0.114536
0.131407
0.129629
0.150111
0.134841
0.131420
0.144282
0.115699
0.123844
0.130119
0.121199
0.126439
0.119872
0.122754
0.132087
0.129432
0.116215
0.118717
0.120271
0.140727
0.125600
0.131012
0.138086
0.148678
0.121490
0.117736
0.126116
0.143582
0.150370
0.143559
0.132813
0.121463
0.127686
0.139500
0.116200
0.130533
0.126573
0.121040
0.120055
0.122285
0.115971
0.131506
0.124364
0.121125
0.117683
0.124876
0.147553
0.120125
0.118127
0.117753
0.122214
0.116712
0.120908
0.129273
0.116222
0.136769
0.113331
0.114108
0.125312
0.107332
0.126241
0.159834
0.146365
0.149105
0.118616
0.138108
0.115562
0.119068
0.124239
0.121826
0.118854
0.122526
0.141854
0.133526
0.133610
0.134281
0.120036
0.117612
0.129098
0.159522
0.169440
0.130952
0.131418
0.125858
0.119148
0.141477
0.127432
0.122843
0.125696
0.128292
0.132596
0.132355
0.142026
0.119244
0.122846
0.127827
0.131730
0.126047
0.119687
0.125894
0.124230
0.136250
0.117205
0.131668
0.115323
0.123267
0.124916
0.114952
0.132435
0.120777
0.120218
0.140527
0.133094
0.132584
0.134912
0.111202
0.114823
0.127688
0.129102
0.115281
0.134091
0.142230
0.132475
0.130092
0.119579
0.141088
0.118882
0.125772
0.119720
0.113797
0.114289
0.131616
0.136490
0.115137
0.127564
0.134948
0.130230
0.147943
0.150725
0.120462
0.124105
0.114120
0.119655
0.119630
0.138173
0.127935
0.115432
0.122149
0.114883
0.118199
0.124228
0.118459
0.118783
0.121346
0.126345
0.131329
0.161620
0.131965
0.124264
0.119891
0.125917
0.133595
0.122501
0.124837
0.146225
0.137700
0.116935
0.117310
0.130393
0.133564
0.134179
0.118672
0.124480
0.134131
0.123897
0.130682
0.120015
0.112999
0.115722
0.125359
0.114101
0.128117
0.151675
0.128027
0.122268
0.136811
0.133013
0.115680
0.107399
0.111365
0.107930
0.114403
0.112996
0.136812
0.122320
0.116925
0.127204
0.123700
0.116474
0.115515
0.112008
0.121978
0.136133
0.120316
0.126320
0.134617
0.108434
0.135405
0.135391
0.130051
0.132470
0.147568
0.132575
0.135991
0.123364
0.117541
0.126188
0.132657
0.113217
0.116717
0.118035
0.115466
0.111081
0.137497
0.118615
0.129092
0.132098
0.137463
0.141531
0.137920
0.122921
0.127659
0.142938
0.106843
0.108560
0.107589
0.113007
0.107915
0.112923
0.107332
0.107084
0.105384
0.119668
0.096828
0.118996
0.137881
0.124460
0.118793
0.138911
0.134145
0.127589
0.125280
0.132834
0.148890
0.137767
0.137065
0.126279
0.121760
0.117714
0.122577
0.141298
0.131746
0.126075
0.137465
0.147480
0.131044
0.135676
0.143325
0.142618
0.128371
0.139302
0.155060
0.120687
0.120474
0.118855
0.119521
0.114345
0.143903
0.135566
0.151885
0.141686
0.119383
0.114855
0.120295
0.120072
0.121740
0.142471
0.138968
0.154358
0.155516
0.142022
0.178018
0.139719
0.157538
0.131471
0.125407
0.132901
0.119253
0.127080
0.121264
0.134443
0.139991
0.137420
0.138695
0.122117
0.116262
0.129132
0.136313
0.129196
0.125580
0.116763
0.106501
0.108761
0.115350
0.123207
0.113096
0.108178
0.110884
0.122258
0.109149
0.162995
0.119010
0.125384
0.112141
0.112878
0.113524
0.110917
0.110219
0.113820
0.120632
0.105082
0.108664
0.119619
0.123958
0.124805
0.127743
0.113580
0.110869
0.119916
0.111479
0.118861
0.106871
0.107649
0.104425
0.114500
0.118873
0.115709
0.125922
0.150286
0.126693
0.147269
0.136283
0.136925
0.150638
0.147416
0.158403
0.134911
0.120572
0.117348
0.141233
0.116038
0.119049
0.113522
0.152168
0.144156
0.147281
0.151778
0.155190
0.142789
0.139221
0.140080
0.121431
0.118798
0.113925
0.117371
0.119173
0.118717
0.116211
0.117553
0.117402
0.146683
0.156780
0.128522
0.131884
0.119495
0.120186
0.130903
0.149382
0.145227
0.145133
0.142834
0.141736
0.134048
0.145272
0.126790
0.152970
0.127120
0.130388
0.120786
0.119826
0.144158
0.153438
0.122044
0.145702
0.156916
0.161126
0.139981
0.137851
0.136771
0.149053
0.116544
0.114333
0.121820
0.120739
0.122483
0.123702
0.124350
0.134683
0.122513
0.120775
0.128494
0.129910
0.132350
0.155211
0.134260
0.151218
0.130663
0.160458
0.154509
0.129953
0.119936
0.120836
0.121767
0.118714
0.116239
0.123363
0.120520
0.136633
0.131634
0.133752
0.149983
0.148291
0.144712
0.118817
0.167922
0.144763
0.123773
0.129617
0.119040
0.121028
0.123887
0.125951
0.110155
0.121008
0.130980
0.120702
0.137617
0.130332
0.133966
