0.015838
0.123000
0.131845
0.122973
0.137290
0.136703
0.117353
0.114506
0.131719
0.127275
0.125926
0.148281
0.141782
0.124049
0.130415
0.137246
0.114585
0.126634
0.113892
0.120667
0.114279
0.126938
0.119940
0.130684
0.115799
0.119843
0.135573
0.122672
0.114574
0.115948
0.116534
0.129006
0.142365
0.120070
0.126486
0.116939
0.117660
0.126481
0.138811
0.113873
0.122823
0.110022
0.122782
0.120208
0.107382
0.116152
0.124684
0.141496
0.123577
0.119977
0.116376
0.123773
0.123316
0.108621
0.125804
0.123153
0.132984
0.126271
0.111907
0.134319
0.112875
0.125607
0.123683
0.131120
0.167356
0.126384
0.121656
0.130843
0.123647
0.128167
0.120869
0.115067
0.134333
0.140501
0.107019
0.119842
0.110533
0.119914
0.131699
0.126460
0.123943
0.115243
0.108278
0.120057
0.115312
0.132427
0.132115
0.118527
0.119107
0.123051
0.127806
0.125401
0.183846
0.116453
0.129292
0.132077
0.119859
0.121421
0.111448
0.127682
0.123500
0.132341
0.130401
0.118661
0.120306
0.118155
0.119616
0.142989
0.142392
0.117792
0.116108
0.128580
0.122491
0.118852
0.119834
0.128580
0.118695
0.124930
0.111845
0.133197
0.128039
0.126808
0.119151
0.139536
0.129310
0.126271
0.126640
0.124210
0.136199
0.129916
0.121229
0.128116
0.124826
0.117956
0.125395
0.114372
0.130343
0.124434
0.115806
0.122665
0.134157
0.118158
0.126083
0.120775
0.125665
0.130696
0.128867
0.121748
0.123059
0.132950
0.129530
0.127594
0.118893
0.132875
0.118730
0.133921
0.121487
0.117217
0.139877
0.120650
0.130651
0.140548
0.120179
0.124901
0.123281
0.123839
0.112586
0.125613
0.147450
0.116867
0.121216
0.113719
0.125346
0.118605
0.133260
0.134930
0.117338
0.122329
0.115348
0.112483
0.110686
0.100753
0.102105
0.127878
0.104693
0.115811
0.115005
0.099108
0.107110
0.099733
0.117383
0.115973
0.110342
0.110850
0.105569
0.105240
0.110075
0.115363
0.124931
0.109273
0.102551
0.108999
0.110101
0.100655
0.114775
0.109457
0.103320
0.125662
0.122413
0.109897
0.095821
0.111922
0.100482
0.105300
0.109828
0.104497
0.125924
0.133786
0.120468
0.100506
0.107748
0.113664
0.104967
0.109198
0.108066
0.100541
0.105407
0.112306
0.106437
0.107013
0.100395
0.104939
0.106462
0.106133
0.121347
0.103534
0.108073
0.111229
0.097913
0.121442
0.113746
0.107539
0.105365
0.105816
0.102621
0.100146
0.107007
0.118771
0.120509
0.119859
0.116670
0.121450
0.125553
0.172056
0.115939
0.119121
0.112054
0.122135
0.124322
0.130320
0.107413
0.130288
0.130372
0.136741
0.135904
0.121659
0.125825
0.144438
0.113117
0.125504
0.118447
0.112697
0.126157
0.130501
0.123491
0.146700
0.119478
0.120406
0.117057
0.114654
0.115038
0.124705
0.124677
0.134609
0.131016
0.121311
0.114030
0.119420
0.113456
0.124597
0.128678
0.128084
0.121058
0.135614
0.120061
0.124595
0.148275
0.113834
0.114527
0.122214
0.141906
0.127362
0.124426
0.115783
0.144083
0.110974
0.100953
0.110288
0.118939
0.118248
0.113021
0.098112
0.111070
0.096886
0.120198
0.106958
0.105216
0.121934
0.114284
0.117275
0.103588
0.110145
0.129431
0.109432
0.111980
0.104123
0.125505
0.097020
0.131531
0.106977
0.111343
0.114317
0.097242
0.126605
0.115733
0.102728
0.107306
0.110253
0.102421
0.116270
0.107336
0.106641
0.100049
0.102786
0.110514
0.096914
0.101735
0.109293
0.113934
0.097950
0.115605
0.109525
0.102513
0.112202
0.100389
0.109634
0.100490
0.100574
0.109041
0.112868
0.104310
0.120510
0.114388
0.114340
0.108585
0.101789
0.099536
0.112041
0.102762
0.120248
0.103898
0.117382
0.102139
0.111468
0.102076
0.114170
0.120143
0.102972
0.097972
0.120367
0.112714
0.102811
0.122918
0.111333
0.107871
0.103576
0.105395
0.114591
0.126942
0.117132
0.117527
0.136070
0.110874
0.112718
0.120661
0.100179
0.111996
0.127791
0.123613
0.110805
0.108585
0.111452
0.104171
0.122243
0.106292
0.137802
0.115427
0.103461
0.107525
0.107998
0.117811
0.121553
0.176366
0.136837
0.131731
0.125999
0.126218
0.126390
0.140174
0.167980
0.133776
0.154796
0.138870
0.129962
0.136056
0.118662
0.114525
0.121246
0.130288
0.152969
0.123460
0.122706
0.128403
0.122039
0.129091
0.124101
0.132219
0.117193
0.146724
0.162745
0.126543
0.133637
0.127490
0.113956
0.119014
0.121423
0.118874
0.116945
0.109658
0.124152
0.107480
0.123857
0.115433
0.131370
0.119429
0.110224
0.134035
0.143591
0.146101
0.136892
0.123621
0.139556
0.137321
0.127687
0.145771
0.123427
0.120829
0.121480
0.112973
0.114188
0.111472
0.134690
0.134276
0.131078
0.132150
0.119099
0.130410
0.121579
0.131773
0.124784
0.133594
0.117262
0.146476
0.135770
0.122040
0.133781
0.119729
0.120459
0.108566
0.110498
0.130489
0.118749
0.114966
0.126696
0.120524
0.121731
0.132348
0.134224
0.131944
0.132582
0.119871
0.148364
0.132722
0.116965
0.116559
0.122545
0.127191
0.155044
0.128363
0.138098
0.131179
0.132989
0.127284
0.125631
0.138804
0.143385
0.160506
0.110403
0.111490
0.116626
0.117116
0.120362
0.110956
0.133977
0.132925
0.152543
0.153895
0.168736
0.162025
0.161154
0.132303
0.138629
0.123166
0.109036
0.119561
0.108691
0.116536
0.115984
0.111898
0.134523
0.153001
0.141707
0.169259
0.154962
0.125677
0.140644
0.157180
0.145694
0.137068
0.120120
0.119971
0.114855
0.115389
0.128608
0.134133
0.113459
0.170342
0.117436
0.120348
0.121693
0.126548
0.124090
0.140049
0.116219
0.129608
0.125810
0.121325
0.123606
0.129871
0.151764
0.128593
0.127062
0.134084
0.129741
0.129667
0.107065
0.111935
0.124880
0.183013
0.122680
0.112810
0.136631
0.115716
0.118048
0.119572
0.118316
0.158688
0.120526
0.116533
0.119030
0.123232
0.108562
0.114039
0.110681
0.115442
0.111845
0.129520
0.121165
0.118270
0.111511
0.116811
0.115851
0.120079
0.117634
0.124573
0.142404
0.123782
0.134176
0.133983
0.153970
0.144614
0.134327
0.138350
0.127758
0.110118
0.118274
0.137548
0.120466
0.124079
0.147171
0.125188
0.139591
0.125840
0.131657
0.136458
0.136058
0.122717
0.123214
0.119893
0.136036
0.121217
0.112950
0.122254
0.125220
0.113942
0.108941
0.130836
0.117060
0.107861
0.136687
0.121745
0.119489
0.113548
0.125724
0.116457
0.119172
0.110136
0.120648
0.118254
0.130928
0.127978
0.119797
0.124329
0.136308
0.122753
0.122698
0.115415
0.124089
0.145391
0.126698
0.114878
0.124966
0.137014
0.135250
0.127451
0.134643
0.130055
0.134020
0.133277
0.119697
0.117934
0.120507
0.113515
0.119771
0.144130
0.125449
0.117112
0.140503
0.109806
0.113818
0.114936
0.118008
0.113199
0.127737
0.122349
0.123309
0.122631
0.124286
0.118488
0.136451
0.123059
0.123497
0.125377
0.109596
0.110777
