0.035619
0.105745
0.112476
0.110066
0.112008
0.150733
0.117933
0.112165
0.140416
0.129246
0.105480
0.108515
0.105788
0.114032
0.132285
0.100026
0.120246
0.111759
0.101582
0.118256
0.106478
0.126271
0.120297
0.105945
0.116121
0.131075
0.110141
0.119279
0.111892
0.119187
0.120183
0.115108
0.113867
0.118424
0.104468
0.122481
0.119363
0.113728
0.112729
0.124632
0.133320
0.115013
0.114768
0.122007
0.110254
0.120169
0.114423
0.111634
0.126199
0.122308
0.126809
0.115095
0.111157
0.131985
0.105874
0.109166
0.106245
0.105477
0.121706
0.121508
0.126674
0.145841
0.118945
0.109744
0.110599
0.110388
0.105370
0.131789
0.141517
0.112510
0.111362
0.106395
0.111570
0.107513
0.110645
0.106600
0.101833
0.113768
0.131398
0.106399
0.107797
0.113677
0.126842
0.112338
0.115580
0.118284
0.127362
0.129839
0.111738
0.111990
0.116296
0.122372
0.112021
0.118378
0.127559
0.116069
0.119685
0.123743
0.120918
0.129442
0.103780
0.118805
0.130432
0.128643
0.135091
0.116206
0.114392
0.126097
0.121307
0.116295
0.104901
0.108257
0.125123
0.127524
0.134801
0.115092
0.123191
0.122877
