0.009462
0.111464
0.115731
0.112065
0.113665
0.113809
0.124672
0.125897
0.121098
0.115800
0.123246
0.115324
0.127531
0.119960
0.126683
0.134705
0.121870
0.125493
0.126701
0.123775
0.116476
0.113712
0.117762
0.144841
0.112580
0.121436
0.120341
0.108337
0.120897
0.120344
0.115578
0.116149
0.110810
0.119557
0.109228
0.113455
0.117564
0.131511
0.123527
0.112990
0.119017
0.159769
0.120406
0.110781
0.125845
0.117830
0.132551
0.107571
0.112823
0.134696
0.121971
0.112324
0.148227
0.116915
0.126853
0.127812
0.124877
0.129544
0.141527
0.127400
0.129295
0.132225
0.119565
0.129723
0.118322
0.121091
0.121999
0.122287
0.120324
0.115669
0.124845
0.121611
0.131112
0.123567
0.116288
0.115280
0.107989
0.132996
0.121905
0.127022
0.128292
0.130958
0.119108
0.122455
0.111286
0.118326
0.122869
0.113230
0.119705
0.121339
0.110644
0.124414
0.114123
0.174277
0.120706
0.133724
0.113763
0.105659
0.116961
0.116259
0.114154
0.121706
0.112167
0.133352
0.114141
0.119958
0.115877
0.114655
0.126647
0.156363
0.141097
0.135493
0.113701
0.116793
0.111632
0.112822
0.109845
0.143441
0.127283
0.107841
0.114440
0.122141
0.118599
0.140640
0.122181
0.123775
0.155240
0.132718
0.126767
0.124805
0.119990
0.112382
0.117150
0.115452
0.116714
0.119332
0.124320
0.127479
0.122185
0.117000
0.125339
0.118293
0.120903
0.113550
0.122231
0.129175
0.119034
0.125665
0.118788
0.116783
0.125627
0.114171
0.112731
0.124228
0.108063
0.125535
0.123141
0.112470
0.127637
0.127804
0.121352
0.125433
0.111076
0.120275
0.119302
0.129936
0.117044
0.121222
0.146960
0.123153
0.132268
0.122795
0.121207
0.125741
0.115161
0.135409
0.119058
0.114283
0.110562
0.098688
0.094288
0.105134
0.133413
0.107586
0.105931
0.126101
0.111338
0.100410
0.102684
0.110316
0.121799
0.100398
0.102766
0.106569
0.103960
0.101107
0.135666
0.109084
0.124232
0.111217
0.107901
0.102720
0.109523
0.099341
0.097110
0.110627
0.127561
0.107803
0.123793
0.110131
0.118298
0.118814
0.097508
0.120044
0.133239
0.125068
0.108169
0.102576
0.108645
0.125947
0.115280
0.125257
0.094842
0.118638
0.103382
0.096894
0.097355
0.099292
0.096573
0.103464
0.104085
0.101717
0.103721
0.100488
0.103821
0.113050
0.104370
0.103638
0.104086
0.123781
0.109416
0.103390
0.108159
0.112372
0.125386
0.134599
0.115992
0.122804
0.170049
0.134000
0.105614
0.111641
0.114259
0.122109
0.139073
0.124367
0.116025
0.126499
0.170182
0.123849
0.124623
0.121204
0.133639
0.113358
0.118525
0.133688
0.131721
0.123721
0.111669
0.116741
0.146288
0.125662
0.134835
0.118800
0.136158
0.110809
0.115968
0.139518
0.120564
0.126565
0.119311
0.122428
0.134643
0.119956
0.113137
0.125992
0.126102
0.110984
0.116732
0.117379
0.129688
0.107579
0.112931
0.122958
0.109399
0.122627
0.121109
0.151688
0.113525
0.103209
0.125405
0.115883
0.137998
0.111395
0.102348
0.103479
0.098973
0.102401
0.102844
0.103300
0.105714
0.123220
0.106682
0.103752
0.110667
0.108087
0.129250
0.101962
0.109379
0.122002
0.104529
0.105201
0.124947
0.110648
0.121863
0.114196
0.102859
0.102945
0.098779
0.100598
0.131351
0.111383
0.101017
0.112209
0.122663
0.116899
0.108227
0.100616
0.102417
0.108730
0.097560
0.116427
0.107330
0.101462
0.113312
0.096267
0.110010
0.111154
0.099279
0.112903
0.099470
0.100359
0.111538
0.108880
0.102648
0.111132
0.105702
0.110294
0.108370
0.119704
0.114589
0.101603
0.109726
0.105768
0.104339
0.100290
0.102049
0.116491
0.127464
0.118920
0.098151
0.156357
0.120522
0.104825
0.099873
0.098697
0.114301
0.108196
0.099200
0.122565
0.114220
0.103706
0.096798
0.111624
0.110075
0.108818
0.118671
0.111222
0.113401
0.123398
0.102666
0.115882
0.127600
0.140145
0.121525
0.096780
0.113806
0.113467
0.123471
0.153459
0.176512
0.129995
0.115763
0.117477
0.115513
0.133755
0.149040
0.121512
0.132339
0.131516
0.142090
0.147006
0.112502
0.106781
0.112956
0.110244
0.134086
0.112065
0.125956
0.142280
0.126637
0.122271
0.120544
0.132901
0.123496
0.139196
0.121184
0.171782
0.130651
0.117745
0.114731
0.112653
0.113074
0.111371
0.112742
0.120044
0.110158
0.105235
0.124389
0.121147
0.121779
0.110097
0.165282
0.139863
0.149473
0.130902
0.124032
0.134253
0.124422
0.128162
0.134046
0.119038
0.115262
0.124833
0.130780
0.115882
0.125772
0.156728
0.124486
0.133659
0.118875
0.135881
0.116618
0.137653
0.131217
0.107975
0.110204
0.114089
0.124371
0.110759
0.117770
0.112643
0.111874
0.103348
0.105579
0.111892
0.120656
0.112177
0.122007
0.111087
0.125627
0.125245
0.123614
0.125702
0.123447
0.119682
0.163118
0.121350
0.113820
0.109783
0.112691
0.123275
0.130191
0.122807
0.129736
0.147424
0.129117
0.120353
0.118857
0.133389
0.194437
