0.019008
0.147515
0.125571
0.126870
0.111399
0.125636
0.127652
0.118073
0.119967
0.135584
0.121374
0.125636
0.131354
0.144428
0.125621
0.129433
0.114003
0.124248
0.111815
0.121846
0.119261
0.120120
0.124220
0.124727
0.124974
0.112404
0.115774
0.127161
0.112962
0.113431
0.120976
0.149280
0.118011
0.119510
0.131147
0.112764
0.115847
0.126513
0.116365
0.118462
0.120724
0.131300
0.137605
0.110459
0.117218
0.121460
0.110672
0.124994
0.112688
0.127336
0.116335
0.122510
0.119453
0.117401
0.133774
0.137646
0.114894
0.121737
0.121443
0.109751
0.110419
0.114071
0.120569
0.125496
0.126407
0.120299
0.147111
0.136847
0.112198
0.132982
0.114853
0.126733
0.141967
0.116031
0.133440
0.123049
0.132946
0.111864
0.115549
0.120928
0.118828
0.127328
0.136314
0.126546
0.135166
0.120038
0.110290
0.127430
0.127305
0.124798
0.116293
0.111757
0.110591
0.119575
0.112819
0.120743
0.110502
0.130261
0.119903
0.116999
0.126359
0.114131
0.118034
0.117297
0.108157
0.152962
0.128973
0.126601
0.128891
0.123509
0.136713
0.135267
0.128392
0.116711
0.124127
0.122789
0.112199
0.112414
0.132360
0.111331
0.119244
0.108343
0.127414
0.115066
0.115267
0.125389
0.117917
0.130968
0.116687
0.128758
0.130036
0.139824
0.121355
0.163458
0.123054
0.122086
0.117733
0.115682
0.120484
0.127901
0.161277
0.114680
0.111750
0.129176
0.119897
0.146462
0.141601
0.129861
0.123518
0.145361
0.113087
0.110855
0.111779
0.125954
0.124177
0.119723
0.129622
0.111117
0.118544
0.123493
0.117388
0.116245
0.127552
0.116330
0.124984
0.117742
0.121570
0.132205
0.122164
0.119899
0.129710
0.128998
0.115566
0.160226
0.125256
0.105144
0.112335
0.119778
0.117746
0.115119
0.121640
0.118188
0.120337
0.109875
0.115254
0.122128
0.113677
0.132213
0.109938
0.140025
0.117023
0.114898
0.130080
0.124907
0.122658
0.127317
0.107577
0.116866
0.122536
0.113019
0.127945
0.197367
0.192792
0.133307
0.127077
0.121663
0.107611
0.116642
0.126451
0.118875
0.113873
0.132666
0.117707
0.123548
0.120843
0.138903
0.116846
0.123042
0.135860
0.111254
0.111169
0.121475
0.109394
0.150607
0.130978
0.122681
0.124440
0.120553
0.122178
0.120129
0.133153
0.124182
