0.009514
0.105333
0.116974
0.138006
0.107758
0.113516
0.132180
0.118045
0.120829
0.118104
0.119261
0.119397
0.129217
0.140069
0.130529
0.141153
0.116995
0.128250
0.125840
0.112295
0.128117
0.124015
0.115336
0.148402
0.162935
0.129015
0.123725
0.117725
0.135282
0.122897
0.123292
0.120673
0.118200
0.125572
0.114368
0.139539
0.135988
0.132089
0.111153
0.110972
0.122047
0.147146
0.137435
0.127063
0.124567
0.109196
0.116449
0.112489
0.120485
0.126667
0.119944
0.112924
0.117946
0.122932
0.129211
0.112249
0.119325
0.108659
0.120888
0.127334
0.112289
0.115920
0.109603
0.110743
0.120628
0.112894
0.115134
0.120301
0.120752
0.123181
0.114825
0.109074
0.118345
0.117248
0.128253
0.112941
0.128476
0.117795
0.108666
0.112089
0.116910
0.118788
