0.010321
0.121125
0.124747
0.124730
0.127163
0.124370
0.140784
0.128198
0.109627
0.126742
0.109180
0.121516
0.116677
0.126581
0.115991
0.119603
0.109287
0.118413
0.120705
0.116594
0.119215
0.108829
0.118849
0.110875
0.119467
0.122900
0.123214
0.115743
0.119557
0.133916
0.124846
0.129112
0.117632
0.123449
0.122087
0.122230
0.141404
0.115528
0.116087
0.110816
0.121453
0.116590
0.124967
0.116783
0.112137
0.112425
0.130985
0.126756
0.120996
0.122303
0.123921
0.122700
0.121595
0.125129
0.124550
0.116213
0.117149
0.124546
0.122100
0.116606
0.111918
0.118185
0.105297
0.113230
0.113533
0.115087
0.113478
0.113105
0.120325
0.125343
0.121958
0.128923
0.150360
0.137261
0.135850
0.124461
0.139007
0.124671
0.116308
0.123333
0.118337
0.120753
0.122587
0.112565
0.109174
0.131978
0.141667
0.121022
0.166457
0.159367
0.139276
0.150548
0.149045
0.144941
0.134666
0.132503
0.116630
0.118524
0.110170
0.113519
0.113407
0.122878
0.114656
0.123885
0.110507
0.119305
0.122411
0.178114
0.191767
0.149177
0.132935
0.131694
0.134870
0.141737
0.140178
0.133954
0.138901
0.128690
0.126315
0.104872
0.118538
0.116877
0.108214
0.109687
0.116702
0.113607
0.112751
0.129866
0.137406
0.124124
0.127580
0.139807
0.119743
0.143549
0.157786
0.130731
0.136000
0.118084
0.111606
0.118204
0.114651
0.112821
0.110211
0.108554
0.114941
0.118182
0.119366
0.102161
0.109837
0.129950
0.116395
0.107571
0.111775
0.115637
0.127614
0.141598
0.132746
0.136451
0.117389
0.137257
0.136779
0.133313
0.120327
0.114393
0.105447
0.115299
0.107109
0.104266
0.097571
0.096308
0.124616
0.116316
0.108965
0.106306
0.136671
0.130230
0.120688
0.123563
0.104026
0.115563
0.115322
0.106381
0.093956
0.102860
0.097634
0.096433
0.095608
0.096630
0.099554
0.102846
0.133723
0.110051
0.130236
0.101737
0.105669
0.109461
0.100968
0.109022
0.108093
0.107222
0.113319
0.097110
0.107716
0.091769
0.104741
0.100641
0.114491
0.094247
0.104202
0.096942
0.097807
0.108259
0.099845
0.096721
0.096360
0.102905
0.100512
0.098054
0.103509
0.103588
0.105854
0.104235
0.106135
0.122699
0.104981
0.099193
0.099915
0.103162
0.102209
0.114608
0.104050
0.110081
0.115380
0.113251
0.107846
0.111725
0.114713
0.097215
0.106677
0.112685
0.101130
0.116897
0.101869
0.104923
0.101721
0.096204
0.104836
0.105836
0.108845
0.114544
0.148499
0.109383
0.104527
0.102380
0.114551
0.102478
0.103425
0.100850
0.104913
0.122671
0.118772
0.113228
0.092343
0.118053
0.110203
0.104316
0.111415
0.112421
0.097698
0.113551
0.106185
0.099885
0.110716
0.119040
0.138134
0.116753
0.108603
0.103713
0.100590
0.106312
0.108796
0.131654
0.119497
0.109116
0.122552
0.127334
0.099564
0.135412
0.100863
0.102692
0.107866
0.102031
0.113562
0.102654
0.096745
0.102654
0.107715
0.095142
0.107862
0.109086
0.097465
0.104406
0.103699
0.104929
0.108804
0.108662
0.102813
0.109214
0.117347
0.105505
0.111979
0.119148
0.107487
0.096856
0.114286
0.116451
0.125541
0.114905
0.103851
0.099657
0.097999
0.099376
0.102103
0.106074
0.108754
0.099437
0.109921
0.109168
0.097330
0.109077
0.110152
0.152710
0.092119
0.098154
0.115695
0.102008
0.110147
0.113252
0.103043
0.101373
0.101823
0.103017
0.099697
0.105848
0.101431
0.104593
0.101306
0.100837
0.111004
0.108059
