0.010272
0.116969
0.120839
0.117321
0.112469
0.111812
0.107826
0.121915
0.117926
0.124961
0.114902
0.114774
0.117031
0.113602
0.116272
0.133367
0.121884
0.115660
0.121347
0.137452
0.109577
0.116966
0.123354
0.116442
0.138402
0.128483
0.108279
0.109830
0.127429
0.137789
0.115547
0.144918
0.117026
0.120545
0.121993
0.113808
0.113556
0.108035
0.110466
0.114694
0.121470
0.111835
0.118038
0.101974
0.107686
0.100137
0.113961
0.117474
0.115878
0.127013
0.112415
0.124655
0.120936
0.107908
0.115456
0.115630
0.115447
0.128837
0.131217
0.115652
0.113151
0.109938
0.120615
0.123586
0.120530
0.120459
0.111914
0.109639
0.123709
0.121577
0.112150
0.113157
0.142828
0.130345
0.126938
0.117492
0.128062
0.123013
0.124767
0.133315
0.128515
0.122573
0.122974
0.113507
0.116977
0.117815
0.120517
0.113670
0.108838
0.121421
0.116224
0.114989
0.122517
0.111519
0.119370
0.131023
0.115998
0.123184
0.111187
0.113729
0.115001
0.129206
0.118405
0.107486
0.116989
0.103367
0.117234
0.107781
0.123475
0.119547
0.118065
0.128926
0.133819
0.128522
0.114682
0.120671
0.128062
0.118050
0.118311
0.121755
0.112626
0.114530
0.115166
0.116549
0.113094
0.118760
0.122057
0.113357
0.111562
0.117362
0.118025
0.122559
0.131930
0.126829
0.118172
0.119730
0.134546
0.124808
0.133004
0.151751
0.119595
0.115341
0.124062
0.126603
0.113035
0.118332
0.134417
0.118883
0.122483
0.134683
0.112561
0.120161
0.117409
0.119486
0.120121
0.124060
0.122946
0.121096
0.115421
0.119255
0.111393
0.119536
0.130141
0.110315
0.103563
0.129426
0.121148
0.119425
0.114421
0.112978
0.122504
0.118912
0.119720
0.121656
0.117460
0.119653
0.116636
0.121326
0.113606
0.111748
0.105412
0.115980
0.119557
0.124446
0.122396
0.122353
0.126574
0.127968
0.118108
0.118423
0.120949
0.113411
0.123044
0.120730
0.112875
0.115917
0.117689
0.114248
0.120295
0.126163
0.122223
0.120894
0.128636
0.117851
0.121368
0.119813
0.120215
0.141674
0.130941
0.104072
0.115579
0.120670
0.116118
0.123719
0.116196
0.112774
0.120138
0.117365
0.119029
0.125324
0.121455
0.110960
0.129215
0.125328
0.119486
0.108789
0.123150
0.123055
0.116349
0.121815
0.115588
0.127740
0.138592
0.120645
0.114370
0.126040
0.114188
0.113007
0.115798
0.123410
0.113970
0.121608
0.115844
0.117116
0.109822
0.131406
0.137503
0.120398
0.111253
0.103884
0.134580
0.116570
0.112190
0.123485
0.120797
0.126400
0.119319
0.116827
0.121887
0.177076
0.120441
0.126061
0.122719
0.109887
0.137549
0.122510
0.135408
0.116804
0.123050
0.134957
0.127266
0.122031
0.118388
0.125159
0.125315
0.115538
0.122239
0.122674
0.118610
0.119704
0.120257
0.127045
0.120581
0.120146
0.107909
0.130724
0.123604
0.118924
0.161057
0.115477
0.118114
0.136677
0.115143
0.130923
0.121284
0.119565
0.117700
0.118830
0.122432
0.127538
0.117856
0.123023
0.112825
0.123677
0.113934
0.121390
0.119935
0.125543
0.112748
0.121734
0.116651
0.118090
0.108734
0.120888
0.127514
0.115716
0.123143
0.125625
0.119466
0.123083
0.118966
0.130525
0.125645
0.108827
0.143109
0.110159
0.181407
0.115494
0.115266
