0.009605
0.113977
0.145048
0.113928
0.109941
0.124595
0.108259
0.141276
0.122640
0.110439
0.124323
0.126350
0.113508
0.122596
0.117497
0.115701
0.129443
0.110577
0.142845
0.111295
0.121881
0.126983
0.157841
0.124616
0.112501
0.111564
0.115821
0.114259
0.121305
0.112272
0.120524
0.121527
0.117506
0.144819
0.125220
0.137746
0.115181
0.135628
0.113359
0.129098
0.121538
0.105965
0.119012
0.140518
0.122083
0.110801
0.120022
0.122977
0.113842
0.112993
0.135808
0.122020
0.131308
0.114212
0.121806
0.114178
0.115403
0.116945
0.132061
0.135555
0.138499
0.125574
0.112586
0.113144
0.111467
0.112883
0.119031
0.115483
0.103172
0.130193
0.124683
0.122014
0.127935
0.119750
0.119838
0.112655
0.119099
0.117673
0.133679
0.121818
0.140620
0.126926
0.119596
0.112784
0.106695
0.111562
0.108747
0.113734
0.108191
0.112870
0.126931
0.129908
0.114339
0.114634
0.110564
0.128569
0.134213
0.133441
0.138291
0.111269
0.125796
0.113328
0.118939
0.117724
0.113468
0.135371
0.121933
0.120808
0.106945
0.100608
0.120246
0.120093
0.126472
0.119751
0.123487
0.109128
0.112705
0.119547
0.118131
0.115219
0.120445
0.126685
0.135691
0.150288
0.119682
0.153696
0.137390
0.130474
0.133204
0.122874
0.113061
0.127219
0.118770
0.129162
0.113619
0.117300
0.116122
0.116435
0.120608
0.109286
0.112125
0.110602
0.107996
0.133027
0.134734
0.123632
0.137062
0.136963
0.134634
0.121021
0.143966
0.119962
0.137725
0.117328
0.115145
0.113816
0.123610
0.124762
0.116008
0.112794
0.129599
0.118690
0.117633
0.130164
0.136270
0.117392
0.137343
0.130985
0.105339
0.107058
0.126390
0.115800
0.137694
0.113830
0.112728
0.123183
0.127992
0.131840
0.115566
0.134914
0.117529
0.109681
0.113316
0.118968
0.113448
0.112283
0.123889
0.128550
0.144774
0.118258
0.118612
0.125353
0.109094
0.123916
0.110487
0.123490
0.150870
0.108522
0.104784
0.123989
0.126771
0.119174
0.126188
0.124502
0.140814
0.135737
0.124426
0.123734
0.116089
0.123965
0.105566
0.115943
0.104329
0.102626
0.127066
0.130680
0.118994
0.123308
0.123268
0.133634
0.118116
0.123785
0.117068
0.123409
0.116592
0.119198
0.107840
0.117139
0.106050
0.115182
0.118419
0.120046
0.112048
0.125365
0.118901
0.123800
0.190540
0.136746
0.122562
0.127524
0.129577
0.120930
0.122170
0.140841
0.111858
0.121711
0.119078
0.129162
0.137214
0.126093
0.124964
0.120973
0.119604
0.107768
0.124153
0.127420
0.131035
0.123130
0.119685
0.118285
0.134018
0.120546
0.115315
0.140847
0.136616
0.122922
0.115427
0.119087
0.124774
0.119615
0.110862
0.119979
0.111713
0.113251
0.112546
0.117463
0.118496
0.123480
0.124486
0.108520
0.120137
0.122023
0.111592
0.108772
0.122487
0.116118
0.118422
0.122574
0.117362
0.118375
0.110307
0.128159
0.107823
0.121716
0.130812
0.124562
0.139412
0.123529
0.130799
0.120090
0.124798
0.133171
0.145352
0.124783
0.107193
0.115354
0.106661
0.103546
0.105119
0.095951
0.098711
0.121350
0.130055
0.130624
0.120828
0.125113
0.106508
0.124383
0.121315
0.139753
0.118692
0.119303
0.117649
0.094541
0.104971
0.101116
0.102909
0.088367
0.095076
0.099810
0.095196
0.119722
0.111058
0.108076
0.102239
0.094123
0.097913
0.099296
0.091247
0.101417
0.095359
0.100627
0.111985
0.117728
0.116035
0.101001
0.115839
0.115649
0.132096
0.117720
0.110154
0.118309
0.131759
0.090514
0.088377
0.097697
0.104544
0.098256
0.092721
0.101123
0.099047
0.114424
0.112144
0.129493
0.112165
0.104103
0.116229
0.105699
0.114845
0.114774
0.112688
0.112343
0.090989
0.092713
0.102554
0.096227
0.105535
0.101545
0.095382
0.119103
0.110026
0.097129
0.088795
0.100263
0.097385
0.105557
0.099113
0.108544
0.120465
0.116970
0.116322
0.123952
0.106869
0.108806
0.126936
0.117414
0.109469
0.117053
0.115157
0.120973
0.106550
0.097472
0.100048
0.099220
0.097152
0.112922
0.107736
0.115494
0.117115
0.103027
0.122226
0.120834
0.129283
0.127800
0.138088
0.123053
0.107238
0.103597
0.093685
0.110931
0.103471
0.096091
0.097663
0.116248
0.110504
0.105190
0.104142
0.101797
0.108057
0.102309
0.111188
0.104962
0.117093
0.105758
0.108906
0.109497
0.108626
0.112371
0.107524
0.136645
0.108407
0.121874
0.120400
0.105063
0.101110
0.109216
0.104606
0.098273
0.105175
0.121587
0.108590
0.097736
0.119699
0.105546
0.116949
0.098519
0.101473
0.104934
0.099880
0.115636
0.109771
0.122396
0.103763
0.100806
0.091026
0.109682
0.109428
0.094247
0.101715
0.095918
0.109891
0.100109
0.114271
0.110643
0.100012
0.101500
0.103058
0.104350
0.109545
0.091904
0.113681
0.102298
0.113652
0.105172
0.091177
0.103457
0.104789
0.105992
0.095678
0.114866
0.094810
0.102609
0.120983
0.097814
0.100136
0.108747
0.111875
0.092590
0.127814
0.101140
0.102764
0.100648
0.103121
0.116558
0.101090
0.105819
0.108219
0.123034
0.102608
0.108598
0.100088
0.115435
0.099991
0.098543
0.117136
0.108952
0.106019
0.103949
0.099746
0.098663
0.097441
0.111225
0.103648
0.099970
0.108651
0.095408
0.109814
0.109609
0.099306
0.095451
0.107134
0.100613
0.103305
0.114218
0.097850
0.110801
0.102393
0.095244
0.122741
0.101888
0.124421
0.102252
0.128732
0.104409
0.106508
0.102063
0.092017
0.107394
0.113479
0.143824
0.105934
0.117646
0.098951
0.100285
0.106469
0.112425
0.110511
0.102429
0.103785
0.106870
0.123674
0.126710
0.119273
0.106764
0.123213
0.116152
0.105183
0.109905
0.105349
0.114580
0.104437
0.099502
0.105935
0.100084
0.105539
0.107335
0.095849
0.111849
0.114406
0.099713
0.109464
0.106379
0.114652
0.107556
0.103549
0.121878
0.105573
0.103306
0.111075
0.104073
0.095121
0.100043
0.109815
0.098431
0.114508
0.103079
0.107610
0.121006
0.103610
0.105690
0.113743
0.101958
0.103641
0.098835
0.105373
0.112593
0.103878
0.108100
0.104628
0.109732
0.134435
0.100692
0.108956
0.113540
0.095896
0.111687
0.102524
0.113246
0.098833
0.107143
0.124411
0.111263
0.117684
0.106351
0.123432
0.104520
0.109148
0.110055
0.107090
0.133346
0.110730
0.094624
0.101566
0.102722
0.103823
0.121785
0.104539
0.117315
0.112490
0.104880
0.098584
0.111182
0.118234
0.106967
0.111859
0.099850
0.101345
0.110378
0.094029
0.102172
0.104590
0.104752
0.114275
0.099671
0.109900
0.106147
0.102120
0.101520
0.108013
0.110708
0.100032
0.111459
0.118063
0.126858
0.112885
0.115830
0.127144
0.123216
0.121729
0.119001
0.113840
0.111285
0.123455
0.126108
0.113693
0.113226
0.116885
0.126037
0.120320
0.127025
0.151844
0.126395
0.122281
0.128618
0.120956
0.125741
0.141532
0.119474
0.129283
0.122266
0.121515
0.123231
0.121670
0.115881
0.121437
0.123590
0.129630
0.120648
0.112272
0.132633
0.134726
0.117648
0.117451
0.120528
0.113696
0.118286
0.131932
0.116720
0.125572
0.126465
0.118576
0.110572
0.145974
0.141924
0.120856
0.112326
0.118396
0.111372
0.127157
0.124057
0.132627
0.121288
0.121698
0.122425
0.131007
0.115924
0.121892
0.111650
0.136442
0.115201
0.105275
0.124813
0.127812
0.128910
0.129694
0.118516
0.113626
0.121386
0.121420
0.115411
0.121865
0.129402
0.107322
0.126858
0.122190
0.115574
0.124449
0.123875
0.122934
0.117955
0.131159
0.104373
0.120248
0.111166
0.118411
0.134910
0.119042
0.126573
0.119465
0.129092
0.114110
0.124569
0.119530
0.113668
0.116309
0.118780
0.130111
0.115306
0.121094
0.120046
0.132155
0.122241
0.121288
0.109111
0.110124
0.120310
0.119752
0.120175
0.108894
0.113033
0.116692
0.116962
0.129452
0.117768
0.137202
0.121093
0.130731
0.125042
0.139966
0.137455
0.115019
0.115730
0.124308
0.127935
0.123632
0.108243
0.120108
0.119140
0.104511
0.142831
0.121307
0.125748
0.119686
0.121467
0.127735
0.119923
0.122334
0.126537
0.120993
0.121704
0.128581
0.110077
0.127836
0.129343
0.121218
0.118767
0.114170
0.105865
0.126199
0.128105
0.126759
0.123590
0.126503
0.122206
0.132428
0.141700
0.125575
0.119639
0.124390
0.126355
0.125905
0.139338
0.119320
0.126431
0.110725
0.151863
0.124454
0.103984
0.124604
0.118388
0.120067
0.129313
0.137532
0.118793
0.119243
0.112355
0.118915
0.114308
0.112651
0.136278
0.134701
0.105507
0.123517
0.113136
0.142409
0.111765
0.120578
0.122663
0.110840
0.116885
0.126662
0.110584
0.136157
0.127760
0.134070
0.121059
0.121434
0.128608
0.115103
0.106871
0.119824
0.133101
0.114540
0.117693
0.121723
0.120941
0.131103
0.130518
0.116958
0.115610
0.128064
0.115051
0.121622
0.122478
0.127675
0.132109
0.123010
0.119771
0.121100
0.127346
0.139137
0.136474
0.142781
0.123587
0.133921
0.115459
0.131361
0.112246
0.122664
0.115649
0.114884
0.113621
0.122700
0.134339
0.126338
0.117979
0.142521
0.121008
0.121632
0.117078
0.165561
0.111335
0.115288
0.120982
0.114346
0.122688
0.143130
0.117864
0.123395
0.124754
0.117974
0.123411
0.109844
0.116141
0.112973
0.110958
0.136581
0.118007
0.120326
0.123788
0.110813
0.115416
0.120704
0.117729
0.124669
0.126235
0.110229
0.113913
0.126826
0.113628
0.125400
0.104728
0.124334
0.116428
0.129065
0.113527
0.113324
0.122098
0.119306
0.120918
0.116080
0.119408
0.118346
0.127766
0.116382
0.126363
0.130678
0.117468
0.123110
0.115967
0.124799
0.127378
0.141916
0.116596
0.136335
0.110694
0.121636
0.119032
0.104186
0.114632
0.112939
0.121898
0.118959
0.117095
0.117584
0.128453
0.115384
0.120094
0.123170
0.146599
0.119887
0.133414
0.121738
0.117239
0.120163
0.119543
0.123470
0.120939
0.119364
0.118914
0.127072
0.127208
0.125777
0.115052
0.118683
0.126678
0.133257
0.121220
0.120690
0.119478
0.127112
0.116692
0.121616
0.120648
0.124600
0.121692
0.116032
0.133856
0.120438
0.121546
0.118189
0.115842
0.129632
0.121339
0.130255
0.138109
0.126778
0.132658
0.124047
0.147281
0.123972
0.128119
0.118810
0.115664
0.122085
0.134139
0.142501
0.116241
0.122924
0.117198
0.124838
0.126626
0.128600
0.110100
0.136504
0.123875
0.113751
0.125005
0.137764
0.125794
0.116945
0.115484
0.119068
0.121428
0.116302
0.123824
0.110117
0.113908
0.121248
0.119080
0.113356
0.118909
0.120265
0.107992
0.109004
0.120361
0.108853
0.121152
0.147752
0.153002
0.133602
0.122985
0.145022
0.137640
0.122007
0.114748
0.108200
0.107488
0.104617
0.107568
0.104623
0.104606
0.103746
0.122794
0.121346
0.124548
0.122729
0.121635
0.133102
0.132441
0.124742
0.109892
0.113876
0.106764
0.107439
0.107045
0.118359
0.110396
0.114789
0.122857
0.106250
0.107100
0.107330
0.112490
0.108132
0.105954
0.114637
0.107033
0.119202
0.116426
0.112851
0.125912
0.128250
0.121571
0.138295
0.119701
0.119257
0.110245
0.111019
0.110740
0.118433
0.125588
0.130531
0.134126
0.139847
0.125013
0.119060
0.118766
0.136649
0.109212
0.113598
0.106157
0.112246
0.114399
0.106682
0.103241
0.106486
0.127324
0.113804
0.106933
0.104505
0.118992
0.114167
0.101083
0.103850
0.117704
0.130414
0.119261
0.113183
0.117593
0.114274
0.132295
0.127361
0.112189
0.116944
0.105381
0.107513
0.106911
0.122568
0.111714
0.124732
0.123156
0.124895
0.120433
0.124072
0.139184
0.107026
0.100090
0.102356
0.106129
0.106680
0.102837
0.099886
0.116576
0.104109
0.124144
0.132909
0.121854
0.123756
0.116482
0.119232
0.116729
0.113915
0.122267
0.120193
0.120809
0.119337
0.119456
0.134750
0.133926
0.122364
0.121492
0.113496
0.112721
0.120170
0.124490
0.107289
0.112765
0.116079
0.122314
0.133372
0.130659
0.132539
0.124914
0.114743
0.115639
0.119012
0.111949
0.116340
0.116774
0.118712
0.118936
0.114680
0.122263
0.112627
0.115038
0.118806
0.107186
0.112037
0.117751
0.118365
0.138579
0.129449
0.128543
0.120773
0.116238
0.116262
0.116873
0.120438
0.113012
0.114780
0.131238
0.126678
0.115848
0.117656
0.113616
0.109554
0.119171
0.109487
0.122768
0.128655
0.108513
0.114735
0.115915
0.120211
0.119452
0.108871
0.110566
0.115242
0.111381
0.112109
0.115644
0.111746
0.114062
0.115207
0.109581
0.111826
0.109898
0.116698
0.123923
0.116462
0.110381
0.111083
0.110425
0.112860
0.115637
0.116607
0.115383
0.115000
0.115696
0.110942
0.106650
0.115855
0.108862
0.112993
0.113164
0.103880
0.115976
0.107215
0.108887
0.114075
0.113336
0.123874
0.128365
0.114303
0.123415
0.139078
0.124088
0.108289
0.116431
0.105340
0.116568
0.109460
0.108990
0.113146
0.110512
0.108757
0.109788
0.109646
0.112435
0.111544
0.117788
0.103782
0.117483
0.098017
0.119147
0.110374
0.107106
0.115234
0.110763
0.112990
0.114314
