0.016159
0.105066
0.114586
0.131482
0.124083
0.123454
0.111717
0.130817
0.120391
0.132560
0.116668
0.121402
0.148783
0.125064
0.146775
0.118759
0.122848
0.132050
0.116752
0.115614
0.118565
0.127874
0.123613
0.129279
0.138914
0.120777
0.112508
0.116325
0.161528
0.115777
0.119101
0.116879
0.138857
0.117236
0.113073
0.121849
0.116456
0.113439
0.115701
0.121834
0.124348
0.114481
0.124976
0.113141
0.122784
0.123317
0.137980
0.122126
0.118521
0.110790
0.126364
0.118044
0.130846
0.113585
0.124776
0.143195
0.130508
0.126841
0.130104
0.133326
0.123542
0.122196
0.113566
0.117429
0.126137
0.128140
0.128041
0.126345
0.128674
0.129812
0.116433
0.123891
0.115568
0.114107
0.139590
0.139669
0.128895
0.118541
0.140456
0.141086
0.121070
0.115288
0.126041
0.119886
0.129689
0.125433
0.133030
0.121212
0.120905
0.129967
0.137924
0.149635
0.125063
0.141420
0.120889
0.140746
0.127088
0.136338
0.176181
0.132416
0.121258
0.118467
0.117209
0.125601
0.114483
0.116300
0.125844
0.123244
0.118990
0.117069
0.118062
0.127357
0.133157
0.119973
0.143546
0.126398
0.146415
0.114559
0.114604
0.138045
0.115630
0.133895
0.134737
0.142360
0.121613
0.116462
0.122486
0.115994
0.140191
0.140008
0.133984
0.123164
0.110574
0.134645
0.133713
0.137455
0.131626
0.130152
0.126772
0.116441
0.129789
0.125694
0.108367
0.115427
0.128289
0.137463
0.120697
0.127016
0.122949
0.131244
0.116008
0.122952
0.124712
0.118279
0.105780
0.120913
0.117715
0.112801
0.106400
0.122077
0.132490
0.149658
0.127157
0.123448
0.155972
0.135953
0.156959
0.174687
0.125491
0.119218
0.112254
0.122607
0.133757
0.114948
0.112345
0.123569
0.121194
0.130057
0.118299
0.122427
0.119789
0.140812
0.113213
0.107540
0.114707
0.130952
0.130034
0.125036
0.147012
0.125870
0.110044
0.118508
0.114534
0.124673
0.121571
0.159519
0.123686
0.114478
0.123173
0.121100
0.122449
0.124485
0.118740
0.123914
0.122946
0.137737
0.113640
0.114329
0.126836
0.135952
0.128699
0.136184
0.133045
0.140464
0.128110
0.118409
0.120741
0.144080
0.116548
0.111678
0.116467
0.119962
0.115155
0.115682
0.114635
0.159967
0.128591
0.111077
0.114916
0.114457
0.115623
0.113739
0.122982
0.166387
0.147081
0.111440
0.126621
0.134773
0.107680
0.111087
0.129505
0.121333
0.120580
0.122085
0.123699
0.118321
0.128596
0.128241
0.120706
0.130838
0.136459
0.126066
0.121809
0.149760
0.118392
0.125123
0.129925
0.117366
0.133867
0.133326
0.129436
0.118398
0.145397
0.135299
0.120131
0.123319
0.134018
0.113112
0.119738
0.115957
0.130610
0.116864
0.125624
0.123668
0.134086
0.123121
0.123931
0.158731
0.115782
0.138373
0.123321
0.123733
0.114076
0.116853
0.119999
0.124609
0.121900
0.155302
0.144563
0.138346
0.160306
0.130723
0.144950
0.139893
0.141070
0.135365
0.129696
0.126473
0.117541
0.120825
0.105634
0.100390
0.099279
0.099180
0.144822
0.119383
0.127326
0.122288
0.123717
0.139138
0.137743
0.121842
0.122794
0.120083
0.137258
0.100424
0.097726
0.103682
0.096471
0.110701
0.116825
0.103212
0.115180
0.138541
0.127950
0.124811
0.107143
0.108511
0.091258
0.102803
0.091504
0.137684
0.130881
0.121759
0.109782
0.124808
0.129997
0.112649
0.129263
0.127940
0.112091
0.117864
0.139930
0.097454
0.096469
0.100061
0.090340
0.098577
0.091835
0.101105
0.096159
0.118529
0.120910
0.143520
0.125010
0.123917
0.120681
0.119093
0.122794
0.126100
0.116466
0.107924
0.105645
0.094758
0.108084
0.090040
0.097533
0.097234
0.120361
0.103667
0.096310
0.098764
0.106193
0.099949
0.103415
0.102237
0.106363
0.133216
0.139751
0.133991
0.129363
0.113297
0.144552
0.121057
0.121858
0.104488
0.119097
0.111435
0.106357
0.113487
0.098150
0.099687
0.103117
0.117107
0.122505
0.123364
0.123045
0.127117
0.111329
0.120902
0.125312
0.124439
0.141211
0.118280
0.106735
0.101519
0.098962
0.107864
0.096900
0.107283
0.103045
0.096997
0.114048
0.114733
0.095442
0.114649
0.096899
0.116549
0.103852
0.110787
0.107645
0.107189
0.117457
0.110641
0.110425
0.104797
0.124101
0.138920
0.112841
0.122525
0.097637
0.109524
0.114533
0.102417
0.127496
0.117053
0.134345
0.123535
0.139335
0.159123
0.109623
0.106211
0.101912
0.107230
0.100193
0.128419
0.119584
0.112265
0.112880
0.112747
0.095650
0.109908
0.093835
0.103599
0.106204
0.100721
0.105950
0.101744
0.115318
0.127954
0.105489
0.107323
0.103407
0.103566
0.114332
0.121446
0.113530
0.109258
0.104816
0.103956
0.104463
0.095260
0.105778
0.111983
0.102615
0.106287
0.096480
0.140835
0.102654
0.104767
0.101404
0.138403
0.106184
0.105468
0.102664
0.108936
0.110213
0.126495
0.092403
0.110863
0.113212
0.112756
0.143695
0.117079
0.113158
0.109595
0.099049
0.105870
0.113353
0.101828
0.115854
0.100194
0.106117
0.093426
0.105682
0.097527
0.109759
0.099027
0.114890
0.097705
0.102041
0.098940
0.116693
0.099633
0.107109
0.109658
0.101412
0.095829
0.109430
0.106983
0.094548
0.124588
0.112845
0.106372
0.115144
0.113816
0.108016
0.107388
0.112752
0.102399
0.103723
0.093930
0.112956
0.104184
0.116168
0.108706
0.102446
0.104743
0.101381
0.115746
0.110027
0.106484
0.097408
0.105094
0.117642
0.104982
0.110815
0.110708
0.097296
0.116080
0.098133
0.106702
0.102866
0.107938
0.114988
0.113168
0.101600
0.107481
0.107702
0.106806
0.100376
0.100559
0.110612
0.110598
0.100427
0.119741
0.103948
0.128000
0.110351
0.103875
0.107028
0.107765
0.103954
0.114386
0.112206
0.103059
0.111862
0.100203
0.110451
0.101773
0.096872
0.113425
0.121894
0.114655
0.106161
0.103292
0.109174
0.116722
0.109741
0.108641
0.120751
0.107356
0.127120
0.106735
0.119732
0.118629
0.125513
0.115304
0.109409
0.107839
0.117928
0.108145
0.097200
0.092946
0.110719
0.104640
0.104858
0.104949
0.109856
0.114008
0.099852
0.114962
0.112030
0.121838
0.124994
0.131691
0.099224
0.111054
0.104239
0.114101
0.107577
0.103981
0.128471
0.111869
0.102316
0.105607
0.116623
0.100854
0.108070
0.102478
0.108069
0.102120
0.100569
0.091466
0.114027
0.115100
0.107614
0.108231
0.098493
0.108870
0.102698
0.129695
0.098697
0.097723
0.106023
0.106795
0.109969
0.137373
0.117332
0.123911
0.123010
0.122164
0.119301
0.120943
0.113701
0.123334
0.121039
0.113750
0.123152
0.115768
0.117617
0.124000
0.115633
0.125908
0.120522
0.120146
0.127472
0.124055
0.127336
0.118329
0.133558
0.123263
0.139066
0.121517
0.132070
0.118980
0.128453
0.113450
0.114279
0.121276
0.118849
0.132296
0.130803
0.136062
0.118887
0.117250
0.146267
0.114160
0.117923
0.130879
0.130468
0.127598
0.120386
0.134851
0.117988
0.123343
0.159167
0.117670
0.189664
0.134429
0.137657
0.116145
0.149400
0.129883
0.126271
0.116628
0.134264
0.127724
0.122419
0.116864
0.119485
0.113560
0.127397
0.120235
0.120749
0.112482
0.131251
0.121627
0.144632
0.113399
0.124575
0.123385
0.115639
0.118288
0.127515
0.113962
0.128426
0.119125
0.135374
0.129196
0.125366
0.140135
0.119179
0.139131
0.133096
0.114755
0.126280
0.122541
0.125476
0.127791
0.120052
0.135470
0.133922
0.124692
0.127944
0.133909
0.119691
0.117501
0.120255
0.125803
0.128188
0.157968
0.120176
0.129690
0.121848
0.125251
0.119145
0.127512
0.125961
0.137568
0.124761
0.113276
0.113944
0.137612
0.128386
0.130480
0.120816
0.131789
0.113068
0.127777
0.122922
0.134082
0.129522
0.124318
0.152119
0.108334
0.116063
0.110835
0.110613
0.119232
0.131763
0.125257
0.123252
0.121825
0.120970
0.126450
0.128585
0.128849
0.118971
0.120889
0.125425
0.124897
0.128025
0.137347
0.121132
0.121540
0.124381
0.132870
0.120600
0.115888
0.124859
0.125992
0.129125
0.125447
0.114555
0.155790
0.124216
0.122714
0.126978
0.126262
0.124085
0.127431
0.125278
0.154645
0.134416
0.112092
0.120209
0.150452
0.127430
0.122402
0.120697
0.118646
0.127293
0.113248
0.132998
0.115232
0.115666
0.132684
0.128362
0.130979
0.112161
0.115172
0.118963
0.126968
0.124099
0.129014
0.131459
0.131681
0.117229
0.127641
0.116112
0.121150
0.123059
0.138372
0.126523
0.119454
0.121434
0.149557
0.122737
0.123342
0.118233
0.165558
0.141185
0.130055
0.114607
0.118341
0.136184
0.129246
0.146420
0.121737
0.115694
0.127762
0.135488
0.114629
0.122694
0.125044
0.123487
0.117610
0.132230
0.141432
0.147794
0.130695
0.153789
0.119822
0.121788
0.123110
0.128220
0.113290
0.121201
0.114539
0.106583
0.139783
0.141932
0.134671
0.119781
0.108856
0.117797
0.120446
0.113515
0.130545
0.124065
0.118720
0.122295
0.127311
0.125455
0.122919
0.123811
0.122555
0.124946
0.129934
0.137568
0.133355
0.124374
0.125626
0.121850
0.132224
0.120792
0.128692
0.132376
0.124195
0.119107
0.122757
0.112932
0.126359
0.115572
0.115635
0.117299
0.118885
0.118828
0.117997
0.131707
0.132280
0.138068
0.131401
0.114226
0.124676
0.120804
0.131626
0.113071
0.128361
0.129854
0.121065
0.124744
0.127734
0.127248
0.131410
0.126993
0.118040
0.131944
0.120689
0.120103
0.139081
0.133414
0.117100
0.120144
0.120596
0.121685
0.130281
0.123093
0.123394
0.139602
0.122620
0.124763
0.118603
0.122554
0.111735
0.170136
0.126176
0.119046
0.122135
0.117238
0.127935
0.119381
0.115844
0.130241
0.118829
0.123079
0.123842
0.116542
0.151347
0.118978
0.125151
0.118355
0.122342
0.118352
0.122084
0.123162
0.125146
0.112251
0.123718
0.117874
0.127671
0.121728
0.119328
0.127000
0.116833
0.121159
0.127769
0.118432
0.122108
0.130751
0.133592
0.157961
0.140033
0.121397
0.119748
0.127848
0.121166
0.115679
0.127085
0.116607
0.127641
0.125607
0.118179
0.127231
0.122353
0.116303
0.120558
0.113029
0.132268
0.117356
0.123473
0.117613
0.119705
0.126268
0.115033
0.125776
0.117684
0.163888
0.122572
0.125428
0.116970
0.110528
0.116017
0.116995
0.120517
0.121024
0.112799
0.126036
0.110193
0.109638
0.113003
0.119340
0.109009
0.126215
0.130288
0.138996
0.142507
0.138896
0.130670
0.131368
0.130306
0.119105
0.109418
0.111087
0.104961
0.104498
0.105019
0.103224
0.103341
0.124429
0.116182
0.129992
0.116918
0.121186
0.130505
0.121256
0.122797
0.113930
0.117156
0.110087
0.107673
0.112360
0.108804
0.111886
0.111506
0.127200
0.114716
0.110594
0.112080
0.112017
0.108912
0.108769
0.126461
0.120661
0.117339
0.116189
0.116162
0.110765
0.127856
0.124945
0.128292
0.105674
0.104681
0.127415
0.116441
0.112203
0.123923
0.125124
0.112472
0.121269
0.124002
0.118333
0.124135
0.137823
0.114720
0.110085
0.112386
0.113271
0.111408
0.112832
0.114098
0.110578
0.114889
0.107636
0.113612
0.109728
0.120176
0.113321
0.147586
0.107725
0.106728
0.115221
0.131084
0.108164
0.113445
0.128378
0.111441
0.141902
0.128849
0.106788
0.116425
0.107147
0.107489
0.107128
0.109642
0.125851
0.122957
0.113925
0.123219
0.120931
0.123753
0.131792
0.114944
0.102708
0.098435
0.104290
0.107091
0.106822
0.104715
0.120147
0.103270
0.123082
0.131769
0.115607
0.117342
0.119553
0.118447
0.108486
0.115442
0.117689
0.114750
0.108587
0.128598
0.108074
0.120879
0.127362
0.120026
0.108460
0.116564
0.114003
0.138760
0.111950
0.109744
0.110843
0.113262
0.116924
0.118450
0.117023
0.124424
0.118919
0.121710
0.135025
0.114503
0.117517
0.124511
0.115858
0.115959
0.117605
0.115585
0.116818
0.118202
0.112881
0.115160
0.123189
0.122347
0.129671
0.122787
0.126082
0.122650
0.115741
0.123124
0.120140
0.119475
0.119124
0.117428
0.117907
0.113370
0.114630
0.129350
0.110344
0.115088
0.125639
0.109098
0.107013
0.111393
0.111050
0.118453
0.121415
0.113132
0.111308
0.122472
0.125562
0.111630
0.108523
0.108920
0.119560
0.109118
0.116608
0.108890
0.108746
0.110894
0.111318
0.111882
0.107424
0.107532
0.120189
0.121232
0.111043
0.111526
0.110795
0.112041
0.110671
0.110106
0.120237
0.116184
0.114318
0.133371
0.116395
0.109413
0.118611
0.110199
0.109166
0.116206
0.116142
0.109891
0.138239
0.114628
0.115010
0.124405
0.124129
0.119195
0.123106
0.133398
0.122726
0.112746
0.122068
0.118755
0.112108
0.121990
0.110219
0.108939
0.110015
0.108265
0.109116
0.110785
0.109689
0.108642
0.107563
0.114509
0.125144
0.120090
0.107726
0.121471
0.113348
0.114542
0.113647
0.136190
0.107346
0.104420
0.104904
0.108949
0.110646
0.107938
0.135254
0.138706
0.106155
0.106385
0.108383
0.124900
0.108058
0.113501
0.122285
0.104462
0.109093
0.105880
0.101779
0.106654
0.105165
0.105555
0.107220
0.106882
0.107336
0.106578
0.107835
0.106866
0.107786
0.110229
0.108801
0.108951
0.108651
0.109308
0.108989
0.108510
0.109145
0.109243
0.108870
0.118097
0.107211
0.105813
0.106293
0.104637
0.107161
0.106941
0.109001
0.109529
0.107795
0.114249
0.109265
0.106976
0.107730
0.105572
0.105005
0.105926
0.107803
0.107410
0.107255
0.106909
0.111907
0.117835
0.106744
0.107031
0.116598
0.115225
0.109421
0.117043
0.111643
0.110532
0.110831
0.111264
0.104154
0.095814
0.093846
0.093404
0.094992
0.095699
0.093405
0.093158
0.092705
0.095987
0.100751
0.092417
0.091585
0.091931
0.094837
0.095898
0.093628
0.093041
0.096994
0.118044
0.109902
0.104267
0.108115
0.116972
0.115853
0.110431
0.108214
0.122118
