0.131793
0.124825
0.117772
0.116625
0.134788
0.143194
0.118326
0.099310
0.104886
0.092500
0.107073
0.107060
0.107890
0.108166
0.105538
0.100346
0.117008
0.135607
0.114102
0.130574
0.113344
0.143709
0.125519
0.122018
0.109940
0.112379
0.120216
0.128338
0.094321
0.090349
0.094359
0.110691
0.097806
0.099521
0.099261
0.101236
0.110010
0.123496
0.104131
0.096869
0.100696
0.095575
0.091221
0.099075
0.089900
0.124862
0.107466
0.124458
0.135487
0.105620
0.132912
0.120657
0.099101
0.117215
0.112958
0.110008
0.119829
0.101674
0.100191
0.102905
0.098064
0.097961
0.129264
0.109389
0.113357
0.115707
0.112417
0.122361
0.111144
0.111754
0.118759
0.114915
0.104584
0.130369
0.102521
0.105077
0.103055
0.093644
0.112151
0.096318
0.110471
0.104593
0.137311
0.121519
0.110778
0.126359
0.121030
0.111498
0.125276
0.100639
0.107813
0.110393
0.096467
0.108078
0.117156
0.105375
0.110925
0.109388
0.112839
0.104839
0.100165
0.099651
0.106475
0.105456
0.114214
0.111651
0.117126
0.105504
0.115436
0.097191
0.123226
0.101454
0.103401
0.095955
0.099403
0.100987
0.101533
0.110764
0.103033
0.102538
0.108063
0.110415
0.101867
0.110126
0.108130
0.100659
0.101392
0.103751
0.105531
0.097477
0.098519
0.109238
0.115777
0.097575
0.105289
0.102236
0.099096
0.103657
0.105757
0.099467
0.092986
0.112426
0.096869
0.097297
0.098116
0.095014
0.101165
0.114894
0.099440
0.113910
0.116379
0.104010
0.116639
0.114119
0.112898
0.098457
0.116704
0.123314
0.102433
0.099142
0.098304
0.101662
0.102652
0.103944
0.096545
0.111138
0.102885
0.102946
0.099886
0.099710
0.103107
0.110067
0.107789
0.120197
0.095484
0.107982
0.090563
0.097436
0.101517
0.099796
0.101271
0.118195
0.099700
0.107871
0.095642
0.101070
0.106985
0.098347
0.097723
0.103586
0.115981
0.101260
0.122442
0.104873
0.103820
0.096032
0.102609
0.106846
0.108709
0.101171
0.123789
0.113783
0.112844
0.123857
0.113298
0.117888
0.113118
0.114367
0.121090
0.121577
0.123941
0.121991
0.110507
0.140576
0.131022
0.122098
0.109336
0.122382
0.107063
0.134380
0.153500
0.121448
0.125039
0.125884
0.113047
0.119628
0.125110
0.147075
0.121566
0.107307
0.117554
0.118717
0.128941
0.143810
0.126396
0.139163
0.112659
0.115599
0.125877
0.122482
0.120236
0.125643
0.125149
0.116556
0.116643
0.120119
0.120970
0.121065
0.140721
0.140563
0.120633
0.128990
0.147077
0.131052
0.122020
0.117349
0.125878
0.123761
0.117913
0.116453
0.110980
0.114144
0.113346
0.132024
0.112924
0.119813
0.113678
0.113261
0.109113
0.116014
0.137518
0.144038
0.112137
0.140970
0.120921
0.133277
0.146864
0.117332
0.139722
0.130611
0.134076
0.146177
0.111952
0.111870
0.101972
0.109128
0.120063
0.132709
0.109083
0.116189
0.121954
0.120847
0.130219
0.128523
0.122120
0.108767
0.122164
0.142670
0.134448
0.121203
0.123001
0.122658
0.161530
0.141948
0.155437
0.118118
0.116985
0.106124
0.140152
0.106962
0.105288
0.116243
0.135237
0.118093
0.113716
0.121725
0.123165
0.128004
0.130981
0.153752
0.135453
0.123000
0.118580
0.124171
0.121644
0.123581
0.102147
0.105571
0.108017
0.128308
0.111078
0.111139
0.121659
0.107581
0.125828
0.129321
0.126420
0.117550
0.143362
0.156027
0.138815
0.131585
0.130937
0.138123
0.126667
0.107484
0.108188
0.130048
0.105073
0.107021
0.112698
0.107677
0.117668
0.119639
0.143617
0.124665
0.124994
0.115116
0.125914
0.117219
0.102438
0.112515
0.118822
0.119545
0.117463
0.159368
0.141449
0.134345
0.123863
0.127209
0.134603
0.132139
0.155499
0.152552
0.163546
0.112979
0.116049
0.116834
0.105981
0.140523
0.122091
0.141020
0.128826
0.133629
0.121730
0.127431
0.139206
0.129562
0.104649
0.108830
0.117289
0.111021
0.101994
0.115839
0.102774
0.121217
0.106170
0.110085
0.128098
0.166343
0.110800
0.134705
0.115487
0.115610
0.125848
0.118855
0.123217
0.109706
0.116190
0.112440
0.102417
0.124655
0.129961
0.113075
0.114964
0.124338
0.109476
0.116318
0.123157
0.122724
0.119615
0.110134
0.116962
0.114717
0.128994
0.117380
0.123564
0.131779
0.127868
0.130453
0.116603
0.131536
0.141472
0.120100
0.103609
0.138246
0.126415
0.128549
0.129697
0.107799
0.123505
0.121254
0.118807
0.110456
0.121357
0.143854
0.117307
0.112083
0.131397
0.100985
0.135774
0.145820
0.117675
0.111266
0.124049
0.142616
0.121802
0.128211
0.138287
0.112722
0.121182
0.137724
0.110552
0.122616
0.121622
0.122469
0.124047
0.119032
0.134625
0.125498
0.136810
0.122699
0.116845
0.129488
0.117338
0.112280
0.143583
0.139027
0.128267
0.131458
0.112399
0.120181
0.129822
0.134394
0.134826
0.124031
0.126591
0.131634
0.113747
0.117704
0.137326
0.138712
0.108024
0.121797
0.148468
0.112890
0.116462
0.111894
0.131651
0.135856
0.123227
0.121570
0.129179
0.114736
0.147863
0.127309
0.146571
0.132566
0.131346
0.138152
0.124189
0.125254
0.122660
0.117031
0.116883
0.123550
0.149365
0.144422
0.115296
