0.174331
3.383960
0.071891
0.071557
0.071716
0.071902
0.072270
0.075295
0.085067
0.077885
0.077682
0.076134
0.075917
0.076099
0.076984
0.077491
0.078537
0.076386
0.080216
0.077399
0.097959
0.088232
0.097709
0.100945
0.091771
0.094137
0.108559
0.115113
0.122468
0.106680
0.112027
0.095243
0.105114
0.111783
0.104609
0.103603
0.103432
0.092206
0.115041
0.091887
0.105478
0.111353
0.094794
0.109647
0.111396
0.109056
0.091685
0.130966
0.125343
0.114484
0.101319
0.100106
0.103559
0.096427
0.108287
0.096667
0.110437
0.099618
0.106082
0.111736
0.117181
0.118026
0.101522
0.104769
0.108941
0.114178
0.125609
0.112233
0.110508
0.109279
0.097923
0.102596
0.103458
0.105221
0.100292
0.104609
0.119975
0.118713
0.097049
0.114121
0.110367
0.096727
0.111678
0.125907
0.111078
0.105319
0.126238
0.106004
0.109897
0.094194
0.104918
0.107897
0.095152
0.102852
0.102952
0.096869
0.103740
0.114931
0.102773
0.101048
0.101988
0.135932
0.117326
0.089992
0.096336
0.097689
0.110858
0.106906
0.096465
0.098659
0.084600
0.109887
0.109665
0.112437
0.100219
0.105857
0.106402
0.114811
0.115005
0.116402
0.096259
0.100374
0.107838
0.109104
0.122856
0.102616
0.095530
0.095906
0.098939
0.101833
0.101267
0.099038
0.100015
0.105920
0.101040
0.119371
0.099846
0.133509
0.100247
0.100273
0.094487
0.099029
0.099564
0.098586
0.102451
0.106671
0.093447
0.094155
0.106431
0.107542
0.103473
0.117913
0.123191
0.102864
0.107991
0.106339
0.110042
0.087601
0.113124
0.124232
0.104224
0.105067
0.091763
0.116637
0.100565
0.102031
0.100725
0.115212
0.106914
0.126085
0.118587
0.108240
0.105288
0.103609
0.119243
0.106596
0.100124
0.111078
0.119826
0.111488
0.105361
0.095778
0.100490
0.099674
0.099801
0.110999
0.098552
0.109775
0.096726
0.099199
0.117084
0.096896
0.086058
0.113274
0.111252
0.124719
0.094260
0.104337
0.084134
0.117448
0.095927
0.094243
0.110579
0.095040
0.098305
0.107465
0.105240
0.099733
0.118422
0.098220
0.110670
0.102735
0.088522
0.099613
0.106648
0.101436
0.109299
0.112706
0.105450
0.108607
0.114038
0.104230
0.109144
0.099711
0.119831
0.108360
0.114653
0.097842
0.099450
0.108686
0.121020
0.120271
0.162022
0.127452
0.109901
0.109200
0.095262
0.113861
0.147064
0.108865
0.101621
0.114954
0.094683
0.107291
0.114178
0.133801
0.106064
0.104782
0.100034
0.102820
0.099904
0.112202
0.100389
0.105186
0.100176
0.112086
0.112210
0.104279
0.099523
0.110820
0.098828
0.096948
0.117179
0.109596
0.119539
0.120250
0.137989
0.100497
0.113826
0.116780
0.118085
0.114423
0.132759
0.098691
0.107320
0.099169
0.095277
0.116490
0.102996
0.113498
0.128879
0.106740
0.115263
0.125055
0.134618
0.119107
0.106311
0.104358
0.115475
0.109426
0.099283
0.125938
0.114867
0.091281
0.105466
0.097126
0.105178
0.120466
0.112684
0.094723
0.100444
0.118353
0.114412
0.113928
0.106926
0.095257
0.108153
0.117268
0.117505
0.099005
0.104011
0.112918
0.113400
0.094095
0.100437
0.100599
0.095903
0.099732
0.094538
0.093405
0.084565
0.100972
0.123262
0.105714
0.102344
0.124704
0.113135
0.107628
0.099311
0.101208
0.103437
0.097558
0.109417
0.090713
0.100566
0.114665
0.094802
0.109762
0.102652
0.101662
0.103563
0.108753
0.121357
0.103193
0.148174
0.099031
0.103653
0.098007
0.109998
0.094251
0.097942
0.106156
0.103096
0.107970
0.095201
0.107773
0.113390
0.123342
0.105574
0.108662
0.106664
0.103276
0.092211
0.145841
0.128880
0.093950
0.105300
0.116556
0.096971
0.106758
0.099269
0.110625
0.106241
0.141205
0.091875
0.108029
0.113396
0.114316
0.122936
0.104168
0.101924
0.096853
0.110265
0.106146
0.101762
0.103947
0.101156
0.105935
0.102882
0.111009
0.107861
0.110978
0.131710
0.121231
0.107723
0.104605
0.112806
0.109346
0.104810
0.099887
0.108989
0.117424
0.122235
