573	350	12	33
571	351	13	28
571	350	13	29
571	349	14	29
570	349	14	29
571	348	14	30
571	347	14	30
571	347	14	29
570	348	14	28
570	347	14	29
571	346	14	30
571	346	14	30
571	344	15	31
571	345	14	29
572	344	14	30
571	343	15	30
571	342	14	31
572	342	15	31
571	342	15	31
571	341	15	31
571	340	15	30
571	340	16	32
571	339	16	31
571	338	16	32
571	338	16	31
571	337	15	32
571	337	15	31
572	337	16	32
571	336	16	32
572	334	16	33
572	335	16	32
572	334	16	33
571	333	16	33
572	331	17	34
572	332	16	33
572	333	16	32
571	330	18	34
572	330	17	33
572	330	16	32
572	331	17	32
572	330	17	32
573	328	17	33
573	329	16	32
573	328	17	34
573	330	17	31
573	328	17	34
573	328	18	32
573	330	16	27
574	328	17	32
574	326	18	33
574	327	17	30
574	327	17	31
575	325	17	33
575	326	16	28
575	324	17	33
576	324	17	33
576	324	16	32
577	323	16	33
576	323	15	31
577	322	16	32
577	323	15	29
577	322	15	31
578	322	15	30
579	321	16	32
579	322	15	28
579	321	15	29
580	321	15	29
579	320	15	30
581	320	14	30
581	320	14	30
581	320	15	30
581	321	14	29
582	321	15	29
582	321	14	28
582	319	15	30
583	319	14	29
583	319	14	28
584	318	14	29
584	317	15	30
584	318	14	30
584	318	15	29
585	316	15	30
585	316	14	30
585	316	14	30
586	316	14	30
586	315	14	30
587	315	14	29
588	314	14	30
588	314	14	30
588	314	14	29
589	315	14	29
589	313	14	30
589	313	14	29
590	312	14	30
590	313	14	30
590	311	15	31
591	312	14	30
591	311	15	31
591	310	15	32
592	311	15	30
593	310	15	31
593	310	15	32
593	309	15	31
593	309	16	32
594	309	16	33
594	308	15	32
594	307	16	33
594	307	17	33
595	307	16	32
595	306	17	34
595	306	17	34
596	305	17	34
596	304	17	35
596	303	19	36
597	303	18	36
597	303	18	36
597	303	19	36
597	303	18	35
598	302	19	36
598	302	19	36
599	301	19	37
599	302	19	36
599	302	19	35
601	301	20	36
601	303	19	33
601	301	19	35
602	302	20	33
602	302	19	33
603	301	20	36
603	302	19	33
605	303	19	33
604	302	18	27
605	301	19	36
605	302	19	32
606	301	19	37
607	301	18	27
607	301	18	38
607	300	18	31
608	301	18	31
609	301	18	34
609	300	19	36
610	300	19	37
611	299	19	37
610	300	19	35
610	299	19	38
611	299	19	38
612	299	19	37
612	298	19	39
613	299	18	37
614	299	18	37
614	299	18	38
614	298	19	38
614	299	20	39
614	298	20	40
615	300	19	37
615	300	19	39
616	301	19	36
617	302	17	36
618	302	18	36
619	301	18	36
619	303	17	37
619	303	18	37
619	303	18	39
621	302	18	38
621	304	17	37
621	304	18	37
622	303	18	38
623	304	17	35
624	306	16	36
623	305	17	38
625	305	18	36
626	305	17	38
627	306	17	37
627	305	18	38
629	306	16	38
629	308	16	36
629	307	17	38
630	308	17	37
631	309	16	36
631	308	17	37
631	309	17	37
632	309	18	39
632	307	18	40
632	306	19	41
633	308	18	40
634	308	18	41
635	309	18	39
635	308	19	41
635	309	18	40
635	309	20	41
637	310	18	41
636	311	18	39
637	311	19	42
638	311	18	40
638	310	19	42
638	312	18	40
639	312	18	41
638	313	19	40
639	312	19	42
639	313	19	41
640	314	19	41
639	312	20	43
640	313	20	42
641	313	20	42
640	313	21	43
640	313	21	44
641	314	21	43
639	313	22	45
641	314	21	44
640	314	21	44
640	313	22	46
641	313	22	46
640	314	22	45
640	314	22	46
640	314	22	46
641	314	22	46
641	313	23	48
641	314	22	46
641	314	22	47
641	314	23	47
641	315	23	47
641	315	23	46
641	313	24	49
640	313	24	50
639	312	25	52
640	311	25	52
639	312	25	52
638	310	27	55
638	310	27	54
638	309	27	55
638	312	26	51
638	310	27	53
638	311	26	52
637	310	26	52
637	310	26	50
637	310	26	50
637	310	27	50
637	310	26	49
637	310	27	50
637	310	26	48
638	306	21	29
638	305	21	32
638	305	21	25
637	304	22	28
638	305	21	26
637	304	21	26
637	300	21	27
637	303	21	32
637	304	21	28
635	304	22	31
636	300	22	30
636	300	20	28
636	299	21	27
636	299	20	29
636	299	20	29
634	300	21	29
634	301	21	26
634	300	21	29
635	300	20	32
634	300	21	36
634	301	21	36
634	300	22	39
633	301	22	40
632	302	22	44
632	303	22	44
632	302	22	45
632	301	22	47
632	301	22	46
631	301	22	47
631	302	22	47
631	299	22	45
630	299	22	47
631	299	22	47
630	300	22	47
630	299	22	47
629	299	22	47
630	300	21	46
630	301	21	45
630	300	21	46
629	301	20	44
629	300	21	45
629	301	21	45
629	300	21	45
629	300	21	45
629	301	20	44
629	300	21	45
629	303	19	42
629	303	20	42
629	303	20	41
628	304	20	42
628	303	20	42
627	303	21	43
628	303	19	41
627	304	20	41
627	304	20	41
627	304	19	41
627	304	19	41
626	304	20	40
626	303	20	42
625	303	20	42
625	303	19	42
625	302	20	43
624	303	19	43
624	303	20	42
624	305	19	41
624	306	19	40
624	306	18	39
623	305	19	39
623	305	19	40
623	306	19	40
623	308	18	38
622	307	18	39
621	307	18	39
622	308	18	37
621	308	18	37
621	307	18	38
620	308	18	38
621	309	18	38
619	309	18	38
619	309	17	37
618	309	18	37
618	308	18	38
618	308	18	37
618	310	18	37
617	309	17	37
617	309	18	37
617	310	18	37
617	309	18	38
615	311	18	37
615	310	18	38
615	310	18	37
614	310	18	37
614	310	18	38
613	310	18	37
613	311	18	37
613	309	18	38
612	310	19	38
612	309	19	39
611	309	19	39
610	310	19	37
610	310	19	38
609	310	19	39
609	310	20	39
608	310	20	40
608	310	19	41
608	309	20	40
607	309	19	41
607	309	20	40
606	310	19	41
606	309	20	42
605	308	20	42
605	308	21	42
604	309	20	41
604	308	20	41
603	310	20	39
603	309	20	40
603	311	19	35
602	311	20	39
602	311	19	38
602	310	20	39
602	312	19	36
602	311	19	38
600	311	19	37
601	311	20	38
600	314	19	33
600	312	19	36
599	311	20	36
600	313	19	34
600	313	18	34
598	313	19	36
599	311	19	37
599	313	19	33
598	311	19	38
598	313	19	35
597	312	19	36
596	312	18	33
597	314	18	34
597	311	19	39
596	313	19	33
597	311	18	37
596	312	17	24
597	314	16	31
596	314	17	34
594	312	18	36
595	314	18	35
595	313	17	36
595	314	17	35
594	314	17	34
595	315	17	33
594	315	17	34
594	315	17	34
593	315	17	34
593	315	18	35
592	314	18	35
593	314	17	36
592	315	17	36
592	315	17	34
592	316	17	35
592	316	17	35
591	316	18	35
591	314	18	37
591	315	17	36
590	314	18	37
591	314	17	37
590	315	18	36
590	316	17	35
591	316	16	35
591	317	16	33
590	318	17	33
590	318	16	32
590	317	16	33
590	318	16	33
589	317	16	35
589	317	16	34
589	318	16	33
589	318	16	33
589	318	16	34
588	318	16	33
588	317	17	34
588	317	16	35
587	317	17	35
587	316	17	35
587	316	18	35
587	318	16	34
586	317	17	34
586	316	17	36
586	318	17	34
586	318	17	35
586	318	18	35
585	316	18	36
585	318	17	35
585	318	18	35
585	317	18	36
584	318	17	36
584	317	18	37
584	320	18	35
584	318	18	37
584	318	17	36
583	319	17	35
583	319	17	35
583	318	17	36
582	320	17	33
583	318	18	36
582	320	17	33
582	319	18	36
581	320	16	33
582	318	17	35
580	320	17	34
581	319	17	35
580	320	17	33
581	319	17	35
580	320	17	33
580	321	17	32
581	319	17	35
580	320	16	33
580	320	16	34
580	319	17	35
580	320	16	33
580	321	16	32
580	321	16	33
579	322	15	32
580	321	16	33
579	320	16	33
579	323	15	30
579	323	15	31
579	322	16	31
579	322	16	31
578	322	15	31
579	322	15	31
578	323	14	31
579	323	15	30
579	324	15	30
578	325	14	29
578	325	15	29
578	324	15	30
578	323	14	30
578	324	15	30
577	324	14	29
578	323	15	30
578	323	15	30
577	324	14	29
577	324	14	30
576	324	15	30
576	324	14	30
576	324	14	30
576	324	15	30
576	324	15	29
576	324	15	29
576	324	15	30
576	324	14	29
576	322	15	31
576	322	15	31
575	322	15	32
575	322	15	32
575	322	15	32
575	322	15	31
574	322	15	31
574	321	15	31
574	321	15	32
574	322	15	31
574	320	16	33
574	322	15	31
573	321	16	32
573	320	16	33
573	321	16	32
572	320	16	33
572	321	16	32
573	321	16	32
572	321	16	32
572	319	17	33
571	321	17	31
572	320	17	33
572	322	16	32
572	320	17	33
571	320	16	33
572	319	17	34
571	321	16	32
571	320	17	34
571	320	17	31
570	322	17	28
571	319	17	33
570	323	16	29
572	321	16	32
570	320	17	33
572	320	16	33
571	320	16	33
571	320	16	33
571	319	16	33
571	320	16	33
571	320	16	32
571	320	16	32
571	319	16	33
571	319	16	33
572	320	16	32
572	321	16	30
572	321	15	30
572	319	16	32
572	319	16	33
571	319	15	32
572	319	15	32
573	320	15	31
572	321	14	30
572	321	15	31
572	321	15	30
572	320	15	31
573	321	15	30
573	322	15	30
573	321	15	30
573	322	15	29
573	321	15	30
573	321	15	30
574	321	15	31
574	319	15	31
574	321	15	30
574	320	15	31
574	321	14	30
574	320	15	30
574	320	15	31
574	319	15	32
575	320	15	31
575	321	15	30
576	320	15	31
576	321	15	30
575	320	15	31
576	319	15	32
576	320	15	31
576	319	15	32
576	319	16	33
577	319	16	32
576	318	16	32
577	318	16	33
577	319	16	33
577	319	17	33
577	319	16	33
577	319	16	33
577	318	17	33
578	319	17	32
578	317	17	34
578	318	18	34
578	317	17	33
578	317	18	34
579	317	18	34
578	315	19	35
579	315	19	36
579	314	19	37
579	314	19	38
579	313	20	39
579	311	20	41
580	313	19	39
579	311	21	41
579	312	21	40
578	311	21	41
579	309	22	42
579	311	21	40
579	310	22	41
581	310	21	42
580	312	21	37
580	310	21	40
580	311	22	37
581	311	22	38
581	310	21	38
581	309	22	41
581	309	22	40
582	309	22	37
582	310	22	34
582	311	22	36
583	309	22	38
583	309	21	39
583	308	22	39
583	308	22	39
584	307	22	40
584	308	22	38
584	305	21	43
584	307	22	38
585	305	21	42
585	305	21	42
585	303	22	45
585	303	22	46
585	303	21	43
586	302	22	45
585	301	22	46
586	301	22	45
586	301	21	45
586	302	21	45
586	299	22	46
587	299	22	46
587	300	22	46
587	300	22	46
588	299	22	47
588	301	21	44
588	297	22	46
588	297	22	48
588	297	22	48
589	297	22	48
589	297	22	49
589	297	22	48
590	297	21	47
590	296	21	48
590	296	22	49
591	297	22	47
591	295	22	49
591	296	22	48
591	297	22	46
592	296	22	46
591	297	22	46
592	297	22	45
592	297	22	46
593	296	22	46
592	295	22	47
593	294	22	48
593	294	22	47
593	295	22	47
594	293	23	48
594	293	22	47
595	292	22	48
595	292	23	49
596	290	23	50
595	291	23	49
596	289	23	50
595	289	24	50
595	288	24	51
596	288	24	50
596	288	24	51
596	286	24	51
596	287	24	51
596	285	25	52
597	285	25	51
598	284	24	52
598	285	25	51
598	285	24	49
598	282	25	53
598	282	26	52
599	281	26	54
598	280	27	55
597	278	27	56
598	277	28	57
598	278	27	55
597	274	28	58
597	273	30	61
597	273	30	61
597	273	30	59
598	270	31	62
597	269	31	63
597	268	32	64
597	266	33	65
596	265	33	68
595	264	34	68
597	264	33	67
596	263	34	69
596	261	36	69
596	260	34	71
595	259	36	70
596	262	35	67
596	259	36	69
595	257	36	71
595	257	36	69
595	260	36	64
596	258	35	67
596	259	35	63
596	258	35	64
595	256	36	64
593	254	33	51
594	253	31	36
596	248	26	29
595	247	28	30
596	246	26	28
594	243	28	31
594	243	28	28
594	243	28	28
593	242	28	31
593	241	27	30
592	241	28	28
592	237	27	30
590	238	28	32
589	238	28	34
588	238	30	36
587	239	30	35
587	236	30	46
588	237	33	65
587	237	33	67
584	231	34	70
584	233	33	69
582	229	34	70
582	227	34	72
582	228	33	71
580	223	34	71
581	224	33	70
578	221	34	72
579	223	33	71
575	218	33	70
576	219	34	70
576	218	33	69
572	213	33	71
572	213	34	71
573	212	33	69
572	211	33	69
570	209	33	69
569	208	32	69
568	210	32	66
565	204	32	68
565	204	32	68
565	204	31	66
562	199	32	68
563	199	30	68
561	200	31	65
561	201	30	64
556	194	32	66
558	195	29	64
557	197	29	63
553	193	30	63
555	195	28	60
551	190	30	64
553	193	28	59
548	186	31	64
551	189	28	60
547	184	29	63
549	187	27	60
544	182	28	62
547	186	27	58
541	180	30	61
543	181	29	61
542	180	29	59
540	180	29	59
539	177	30	60
539	177	29	59
537	175	29	60
536	174	29	59
534	172	30	63
533	170	29	65
532	169	29	61
532	169	29	62
530	168	29	60
529	167	29	60
527	166	30	61
527	165	30	61
524	162	30	62
523	162	31	62
523	161	30	61
521	160	31	62
518	157	31	62
518	155	32	64
518	156	30	62
517	157	30	60
517	158	29	59
515	156	29	57
515	156	30	58
511	153	30	58
512	155	30	58
508	149	30	57
510	154	28	54
507	151	29	53
509	152	27	57
505	146	28	57
505	147	28	57
503	144	29	58
505	150	27	50
503	143	22	24
503	142	20	19
502	141	19	19
503	138	17	19
502	139	18	20
496	138	24	21
496	137	22	20
494	136	23	21
496	135	19	23
494	133	20	22
492	133	22	21
491	132	21	26
492	129	21	25
492	138	23	45
491	133	28	55
487	129	29	56
488	130	28	56
486	130	27	50
487	128	27	55
486	128	27	55
484	124	26	55
483	124	27	56
483	124	26	54
481	122	25	54
481	122	25	53
480	123	26	52
480	123	25	50
478	122	25	52
478	121	26	52
477	120	25	51
476	117	24	52
475	115	25	53
474	115	26	53
473	114	26	54
472	114	26	52
471	113	25	53
471	111	25	53
469	109	24	52
468	108	26	53
468	108	25	52
468	107	25	52
467	107	26	53
466	107	25	52
465	105	24	50
465	104	24	51
464	103	25	53
463	102	25	53
462	101	24	52
461	100	25	53
461	99	25	53
460	98	25	54
459	99	24	51
458	98	24	51
459	98	23	50
458	98	23	49
456	99	24	52
456	100	24	52
455	102	24	54
455	106	23	52
454	106	24	55
454	112	23	52
453	116	23	52
452	118	24	54
452	124	23	52
452	128	23	51
451	131	23	52
451	134	23	52
450	139	22	51
450	145	22	49
449	149	21	48
448	151	22	51
448	155	21	50
448	160	22	50
448	164	21	48
447	169	21	48
446	173	21	48
446	176	21	49
445	180	22	48
446	184	20	48
445	189	21	48
444	194	20	46
444	196	21	49
444	200	21	48
443	203	21	47
444	209	21	47
443	213	20	46
443	216	20	47
443	220	20	46
442	223	21	48
441	227	21	46
442	231	20	47
441	235	20	46
441	239	20	45
441	245	20	44
440	246	21	47
440	248	21	47
439	252	20	45
440	258	19	42
439	261	19	43
439	264	20	44
438	269	20	43
438	272	20	43
438	274	20	45
437	278	19	43
437	280	20	45
436	283	21	45
437	290	19	41
436	291	20	43
435	294	20	43
436	298	18	39
435	300	18	39
435	298	19	41
435	299	18	40
435	297	17	39
434	299	18	38
434	296	19	40
434	297	18	37
434	296	18	37
432	293	18	38
433	293	19	39
432	292	20	40
433	290	19	40
432	290	19	39
432	288	18	35
431	287	21	36
432	286	20	39
431	287	20	38
431	285	18	34
432	285	18	34
432	285	19	32
432	283	16	31
432	283	18	32
432	282	16	23
431	281	18	23
433	281	18	34
432	278	17	32
433	275	15	18
432	278	15	18
433	276	16	18
434	273	12	16
433	270	15	17
433	271	15	18
432	273	17	29
433	271	18	33
432	270	19	34
433	269	16	28
433	268	15	19
433	270	16	23
433	270	15	22
434	265	13	17
434	268	15	22
434	269	16	30
433	267	18	34
434	265	16	30
434	265	18	34
435	265	18	37
434	264	16	26
435	263	18	36
434	263	19	36
435	264	18	33
435	262	18	38
436	261	18	37
436	261	18	37
437	260	15	33
437	261	17	31
438	260	15	22
437	260	16	31
437	258	17	32
438	258	17	35
437	256	18	37
439	256	17	35
438	255	17	36
439	256	15	26
439	256	16	31
439	255	16	33
439	254	16	32
439	255	16	27
440	255	17	29
440	254	14	28
441	253	16	30
442	254	15	28
442	251	16	33
442	251	16	31
442	251	16	28
443	252	15	27
444	251	16	27
443	251	16	26
443	250	16	25
444	249	16	28
445	249	15	28
444	249	15	29
445	249	16	29
445	248	16	29
446	246	16	32
445	247	16	30
446	247	16	29
447	247	15	25
447	248	15	25
446	246	16	29
447	246	16	28
448	245	14	20
448	248	15	23
449	246	15	28
449	246	16	30
449	247	15	28
449	247	16	30
449	248	15	23
449	249	15	20
450	249	15	26
450	249	15	24
450	251	16	27
451	251	15	30
451	254	14	24
451	254	15	26
451	255	16	27
452	256	15	27
452	257	15	29
452	259	16	29
452	260	16	26
452	263	16	29
452	264	15	29
453	265	16	28
453	266	15	30
453	269	15	29
453	270	14	28
454	274	16	28
453	274	15	29
454	275	16	30
453	277	15	30
454	279	16	30
454	281	15	26
455	286	15	24
454	287	15	23
455	286	15	27
455	288	15	28
455	290	15	25
456	294	15	26
455	294	16	29
455	294	16	32
455	295	15	31
456	298	16	29
455	299	15	31
457	300	15	32
455	302	15	31
457	305	16	30
456	307	15	30
456	309	15	30
457	310	15	30
457	314	16	29
457	315	15	26
456	318	15	29
456	318	15	30
456	319	15	30
457	324	15	29
456	326	16	28
457	331	15	27
456	332	14	28
458	335	15	30
456	338	15	28
457	339	15	27
457	343	15	28
457	347	14	27
456	348	15	29
457	352	15	29
457	354	14	26
457	356	15	27
456	359	15	29
456	362	15	30
457	366	16	30
457	367	14	28
457	371	14	29
456	373	14	27
457	375	15	31
457	379	15	29
456	381	14	27
457	382	15	31
456	387	15	28
456	389	14	29
455	390	15	30
456	394	14	30
455	396	14	29
455	399	15	30
455	400	14	31
454	403	15	32
455	406	15	32
454	408	15	32
454	411	16	34
454	414	16	34
453	415	16	34
453	419	16	33
454	422	15	30
453	423	15	32
453	427	16	32
452	428	16	33
453	429	15	33
453	433	16	32
452	433	16	33
452	434	17	34
452	437	16	33
452	439	15	33
452	440	15	32
452	441	15	33
451	441	16	33
450	442	16	34
451	441	16	34
451	440	17	34
450	439	16	34
450	437	17	35
450	436	17	36
450	436	17	35
449	434	17	35
449	434	17	35
449	433	17	35
449	432	17	34
449	432	17	35
448	430	17	35
448	430	17	34
449	428	17	35
448	429	16	32
449	427	17	34
448	426	17	33
448	425	17	34
448	424	17	35
447	424	17	34
448	423	17	34
447	421	17	32
448	421	17	33
447	421	17	32
448	419	16	33
447	418	17	33
447	417	17	32
447	416	16	32
446	416	16	30
446	414	16	32
447	413	16	32
446	412	16	31
446	411	16	31
446	408	16	32
446	407	16	31
446	405	15	31
446	405	15	28
447	403	15	29
446	400	14	29
447	398	16	30
446	397	14	26
445	395	15	28
446	393	15	29
446	391	14	26
446	389	15	27
445	386	14	28
446	382	15	31
445	381	14	28
445	380	15	29
445	377	14	28
444	374	15	29
445	372	15	30
445	370	14	28
445	368	15	30
445	365	14	29
445	365	14	27
445	361	15	29
445	358	14	29
443	355	15	30
444	352	15	29
444	349	14	31
444	349	14	28
444	348	14	27
444	344	14	28
444	342	15	29
444	340	14	28
443	336	14	29
444	334	15	30
444	333	14	27
444	332	15	28
443	329	14	26
443	327	13	26
443	325	14	28
443	321	14	29
442	320	14	27
442	318	14	27
442	316	15	29
443	315	14	26
442	312	14	27
442	310	14	29
442	309	14	28
442	308	14	26
441	306	15	28
441	304	15	29
440	303	14	28
441	302	15	29
440	301	14	27
440	300	15	29
440	300	15	27
439	298	15	28
439	297	15	27
439	296	15	28
438	295	15	29
438	294	15	28
438	293	14	28
438	294	15	28
437	292	16	29
437	292	16	28
436	291	15	27
436	291	15	28
436	291	15	27
436	289	16	29
436	289	15	28
435	288	15	27
434	287	16	27
435	286	16	29
435	285	16	29
435	285	15	27
435	284	15	29
433	284	16	30
433	283	16	29
433	283	16	29
434	282	16	28
433	282	16	28
434	281	16	28
433	281	16	27
433	280	16	27
432	280	16	28
433	278	17	28
432	278	17	27
433	277	17	27
432	277	17	28
431	276	16	28
431	276	16	27
431	275	17	28
431	274	17	26
430	275	16	27
430	273	17	27
430	274	16	28
430	273	16	27
429	273	16	27
428	272	16	27
429	272	16	27
428	270	17	28
427	271	16	28
429	269	16	27
428	270	15	26
427	269	17	26
427	269	16	27
427	268	16	26
428	269	15	25
428	267	15	27
429	266	15	26
428	266	15	27
428	265	16	27
429	265	16	26
428	264	16	26
430	263	15	28
429	264	15	25
430	262	16	26
431	261	15	27
430	261	16	25
431	260	15	26
430	261	15	24
431	260	14	25
432	259	15	26
432	258	15	26
431	258	14	25
433	258	14	25
432	256	15	26
431	255	15	27
431	255	14	25
432	255	15	25
431	254	14	26
431	253	15	26
431	252	15	26
431	253	14	25
432	252	14	24
432	252	14	25
433	252	14	23
433	251	14	24
432	251	14	24
432	249	14	26
432	249	13	25
432	249	13	24
431	248	14	26
432	248	13	24
431	247	14	24
432	247	14	25
431	246	14	25
431	246	14	25
431	244	15	26
431	245	14	24
431	246	14	24
432	245	14	23
431	243	13	24
431	244	14	25
431	243	13	25
431	243	13	24
430	242	13	24
430	241	13	24
430	242	13	24
430	240	14	25
430	239	13	25
429	239	14	26
430	237	14	26
429	238	14	26
430	237	15	26
430	238	14	26
430	236	15	26
430	236	14	26
430	236	14	26
430	236	14	25
430	236	14	24
430	236	14	25
430	235	15	25
430	234	15	26
430	235	14	24
431	234	14	25
430	232	15	26
430	233	15	25
431	232	15	26
430	232	15	25
431	231	15	26
430	231	15	26
430	230	15	25
430	230	15	26
431	229	15	27
431	230	15	25
431	229	15	26
430	229	15	26
430	228	15	27
431	228	15	26
431	228	15	26
431	227	15	27
431	227	15	26
431	226	15	27
432	227	15	25
431	225	15	26
432	225	15	25
432	225	15	27
431	225	15	26
432	225	16	25
431	224	16	26
431	223	16	26
431	222	16	25
431	222	16	27
431	221	16	26
432	222	15	26
433	221	15	26
432	221	15	26
433	221	16	26
432	221	15	25
433	220	16	25
432	219	16	26
432	219	16	27
432	219	16	27
432	219	15	26
433	219	16	26
433	218	16	27
432	218	16	25
432	217	16	26
432	217	16	26
433	217	16	25
433	217	16	25
432	215	16	26
433	215	16	26
433	216	16	24
433	216	16	25
433	214	16	25
433	214	15	25
433	214	15	25
433	214	15	25
434	214	14	24
433	213	14	23
434	213	14	22
434	213	14	22
434	213	13	23
435	213	14	24
434	213	14	24
434	212	14	24
433	211	15	25
434	212	14	25
434	211	14	25
434	211	14	24
434	210	14	25
434	210	14	24
434	210	14	25
434	209	13	23
434	208	14	24
434	209	14	24
435	209	13	24
434	207	13	24
434	208	14	24
434	208	13	24
434	208	13	22
434	206	14	23
434	206	13	23
434	206	14	23
434	206	13	23
434	205	13	23
434	205	13	22
434	205	13	21
435	205	13	22
435	205	14	22
435	204	13	22
435	205	13	20
435	204	13	20
436	204	13	20
436	204	12	21
436	203	13	21
436	203	12	21
437	203	12	19
436	202	12	21
436	201	13	22
436	200	13	22
436	200	13	22
436	200	12	22
436	200	13	22
436	199	13	23
436	199	13	24
437	198	13	24
437	198	13	24
437	198	14	24
437	197	14	25
437	197	14	25
438	198	14	25
438	198	13	24
437	198	14	24
438	198	14	25
439	199	14	24
439	198	15	24
438	199	14	25
439	200	14	23
439	200	15	24
439	200	14	23
440	201	14	24
440	202	14	22
440	201	14	23
440	203	14	23
441	203	14	21
441	203	14	22
440	203	14	23
441	204	14	23
441	205	14	23
441	205	15	24
440	205	15	24
441	206	15	25
441	206	15	24
442	207	15	24
443	208	15	24
442	208	15	24
442	209	15	25
443	210	15	24
444	212	14	24
444	212	15	25
444	212	14	25
444	212	15	25
444	213	15	25
444	214	15	25
445	213	15	26
444	215	15	25
446	216	15	25
446	218	15	24
445	218	15	26
446	219	15	25
447	220	15	26
447	221	16	26
447	221	15	25
447	223	15	25
448	224	16	26
448	225	15	24
448	226	15	26
449	227	15	25
449	228	15	26
448	228	16	25
449	229	16	26
450	230	16	25
451	231	15	25
451	231	15	25
450	233	15	25
451	233	15	25
452	234	15	24
453	235	14	23
453	237	14	24
453	238	15	26
452	239	15	25
454	239	15	25
454	240	15	26
454	241	14	24
454	242	16	26
455	243	16	25
455	245	15	25
456	245	15	24
457	246	15	26
456	248	15	24
457	250	15	23
458	250	15	24
458	251	14	23
459	251	15	24
459	252	14	23
460	253	14	23
459	253	15	25
460	256	14	22
461	257	14	22
461	257	14	22
462	258	14	23
462	260	15	24
463	261	14	23
463	261	15	24
463	262	15	23
463	263	15	25
465	268	14	21
464	266	14	24
465	266	14	24
465	268	14	22
466	269	14	22
465	269	14	23
466	270	15	24
466	271	14	23
468	275	14	21
468	275	14	22
469	276	13	22
469	276	14	23
470	277	14	23
469	278	14	22
470	279	14	23
470	281	14	22
471	282	13	22
471	283	14	22
472	284	14	23
473	286	13	22
473	286	14	23
473	287	14	23
473	288	16	24
474	290	15	24
475	291	14	24
475	292	13	23
475	292	14	23
477	296	13	22
476	295	13	23
477	297	13	22
477	298	14	22
478	300	13	22
478	301	13	23
479	302	13	22
479	303	13	21
479	304	14	23
480	305	13	22
481	307	13	20
481	308	14	22
482	310	13	21
482	309	13	22
483	312	13	23
483	312	14	22
484	314	13	22
484	315	14	24
485	315	14	23
485	316	15	24
486	320	14	24
486	320	14	23
487	322	14	23
487	323	16	24
487	324	15	24
488	325	15	24
488	327	14	22
489	326	15	23
490	327	14	22
490	327	15	25
491	328	14	22
491	329	13	21
493	329	15	22
493	330	15	23
493	329	14	24
493	332	16	23
494	333	15	21
494	333	16	22
495	335	14	21
496	331	13	22
496	331	15	25
496	333	16	23
497	334	15	23
498	336	15	21
498	336	14	21
500	347	12	12
500	336	14	22
501	334	13	21
501	336	14	20
500	336	14	21
502	337	14	23
502	349	13	13
503	351	13	13
508	353	10	11
508	354	10	12
506	339	13	19
505	339	14	20
505	340	16	22
505	341	14	20
507	346	13	17
506	342	14	20
507	342	14	21
507	342	15	21
507	343	16	22
507	344	16	21
508	340	16	23
507	342	17	23
509	342	15	22
509	343	16	23
508	344	17	23
510	345	15	21
512	357	12	13
511	358	13	13
511	358	13	13
511	358	13	13
512	361	12	12
517	363	10	11
512	360	13	13
512	359	13	13
514	347	14	21
513	348	16	19
512	349	17	20
514	348	16	21
513	350	17	21
513	350	17	20
514	349	16	21
514	349	15	21
514	351	16	20
515	352	16	19
516	351	16	21
517	352	14	19
517	349	15	21
517	350	16	21
518	353	17	19
517	352	19	22
518	353	17	21
519	348	18	24
520	349	16	21
520	346	14	20
523	347	12	17
523	352	10	13
523	340	12	17
522	335	14	20
523	330	13	20
520	326	20	21
518	320	25	24
517	313	29	27
517	310	32	30
516	303	36	32
527	301	24	22
526	310	10	14
525	302	10	15
540	287	10	15
539	285	10	13
542	280	10	12
541	275	10	13
541	270	10	12
542	263	10	13
542	257	10	13
542	253	10	12
529	246	15	18
528	252	11	14
530	246	10	15
529	236	12	14
529	231	14	18
528	223	16	18
527	220	16	18
529	214	16	19
528	209	17	20
528	208	18	19
531	204	15	19
530	199	16	22
530	199	16	23
532	199	13	19
531	196	15	19
531	193	15	23
531	193	15	20
531	190	16	22
533	198	10	15
534	205	10	13
533	190	12	18
533	185	17	21
533	182	20	23
533	182	24	24
534	184	20	22
533	184	20	23
533	184	22	23
534	185	21	22
534	185	20	23
534	188	18	22
536	187	15	21
536	187	16	21
559	191	10	13
559	190	10	15
558	195	10	12
559	197	10	10
559	197	10	10
558	193	15	16
540	185	24	25
542	192	13	19
541	189	15	23
542	186	21	24
541	192	16	20
541	191	16	22
542	189	20	24
542	188	25	26
544	189	22	24
544	188	21	25
546	189	18	25
547	188	23	25
548	189	20	24
548	189	19	25
548	188	19	26
549	190	19	24
549	189	19	25
550	187	26	27
552	190	20	23
552	190	21	23
551	189	21	26
551	196	16	19
553	190	17	23
553	188	24	26
554	195	15	20
555	194	14	20
557	204	10	12
555	195	13	18
556	189	17	24
558	194	14	20
558	192	15	22
557	192	15	22
558	190	20	24
577	196	17	20
562	190	23	23
560	188	23	26
560	194	18	21
561	189	22	25
561	187	32	28
563	188	27	28
563	189	26	26
563	188	25	26
566	187	29	28
566	188	28	28
566	197	16	18
565	191	18	23
565	190	17	22
566	189	22	26
564	188	24	27
565	189	23	26
566	190	22	24
568	189	25	26
568	187	26	29
569	189	24	26
569	188	24	26
570	189	22	26
571	187	29	29
571	186	27	28
619	183	14	21
621	181	11	16
620	180	11	16
620	181	11	16
614	172	14	20
619	180	12	18
619	181	11	15
617	179	13	17
617	179	12	17
614	175	14	20
615	179	12	18
616	180	11	17
615	181	11	16
616	181	10	17
615	181	13	18
614	181	11	17
614	181	12	18
614	181	12	19
610	175	14	20
607	173	21	27
611	193	21	28
612	193	18	26
590	189	16	24
589	188	17	25
590	188	19	26
614	196	16	27
612	197	18	24
615	198	13	25
613	197	16	26
611	196	17	25
612	200	14	24
612	203	15	21
611	202	16	22
611	204	15	23
609	203	16	24
610	207	16	22
608	204	18	24
607	198	12	17
610	203	13	18
606	194	11	17
606	197	10	16
605	197	10	15
604	197	12	17
603	200	11	15
602	201	10	13
602	202	10	13
600	201	10	15
600	204	10	13
598	203	10	15
598	206	11	14
598	206	10	14
597	208	10	14
596	208	10	15
596	208	11	16
595	211	10	14
595	212	11	15
595	215	10	14
593	214	11	15
591	214	12	17
591	217	12	17
591	217	12	17
590	220	11	15
590	222	12	16
588	222	11	16
589	224	11	15
588	226	12	16
586	227	11	16
585	229	13	16
584	228	12	17
585	231	11	15
582	230	12	17
583	234	11	15
582	237	10	15
583	236	10	15
583	239	11	15
581	238	11	16
580	237	12	19
580	241	11	16
579	244	12	16
579	244	12	15
579	246	11	15
578	245	12	16
577	247	12	17
575	247	12	17
575	249	12	17
574	248	14	19
574	252	12	16
574	253	10	15
572	252	12	16
572	255	12	15
570	253	12	18
567	251	13	18
567	255	12	17
568	258	11	15
565	257	12	17
563	258	12	17
562	260	13	17
561	261	11	15
559	261	12	16
558	260	13	17
558	261	12	17
554	261	13	18
552	261	14	19
551	262	13	18
551	262	14	19
550	265	13	18
549	266	11	16
546	266	12	16
544	268	10	15
542	268	12	16
542	268	11	16
541	268	12	16
540	269	12	16
537	269	11	15
534	269	13	17
534	270	13	17
534	270	11	16
532	271	12	16
529	270	14	17
527	271	13	17
526	270	14	18
527	274	11	16
525	274	11	15
524	274	12	15
523	275	11	15
521	276	11	15
520	277	11	14
518	276	10	14
516	276	11	15
517	279	10	14
515	278	12	15
512	278	12	15
510	278	11	15
509	278	12	16
507	277	12	17
507	280	11	15
504	277	12	16
502	278	12	17
501	279	11	16
499	280	13	17
497	278	11	16
496	278	13	17
496	281	12	16
493	281	12	16
492	282	11	15
491	283	11	14
489	284	12	15
488	284	12	15
486	283	12	17
485	285	10	13
483	286	12	15
482	285	12	15
479	284	12	16
477	285	13	16
477	286	11	15
476	285	12	16
473	285	12	17
475	289	12	15
471	286	11	16
471	290	10	13
470	288	10	14
467	288	12	15
467	288	13	16
468	292	10	13
467	290	12	15
465	290	11	15
463	290	11	14
463	293	11	14
463	293	11	14
462	293	10	13
461	292	11	14
460	293	11	15
460	293	12	15
460	293	11	14
