0.019890
0.110738
0.109840
0.109962
0.109521
0.133246
0.125631
0.126703
0.109633
0.121485
0.132343
0.104806
0.105018
0.109211
0.113474
0.110338
0.112461
0.115784
0.126498
0.141264
0.114944
0.107261
0.107815
0.128269
0.109641
0.110106
0.109600
0.114192
0.108307
0.108579
0.116852
0.107897
0.108949
0.109447
0.111630
0.126874
0.116399
0.127976
0.108968
0.109530
0.105362
0.109919
0.113402
0.119911
0.113651
0.108956
0.114403
0.110071
0.131868
0.105198
0.106418
0.105613
0.105932
0.105504
0.105148
0.105407
0.106521
0.106136
0.105721
0.106479
0.105849
0.104624
0.106278
0.110191
0.104847
0.103922
0.105602
0.109180
0.117834
0.108717
0.109414
0.109499
0.109211
0.108770
0.109412
0.108649
0.108069
0.108752
0.110555
0.109143
0.108806
0.108009
0.113118
0.108308
0.108056
0.113366
0.109921
0.108538
0.108410
0.107748
0.108588
0.109830
0.109381
0.108678
0.108096
0.109123
0.108921
0.108858
0.109683
0.108014
0.109497
0.108363
0.109665
0.113761
0.109378
0.109555
0.109643
0.110183
0.109025
0.109295
0.109563
0.110329
0.109328
0.110147
0.108866
0.108485
0.113799
0.112157
0.110459
0.110414
0.108678
0.109074
0.110287
0.111328
0.111578
0.109789
0.109774
0.108850
0.108574
0.105489
0.096828
0.089073
0.089584
0.094379
0.095527
0.105356
0.094383
0.092293
0.093265
0.103941
0.099037
0.093895
0.104195
0.092890
0.097198
0.092103
0.109349
0.092775
0.092891
0.098513
0.104885
0.115231
0.109936
0.122506
0.109691
0.109656
0.112895
0.108576
0.115353
0.126308
0.124135
0.127285
0.124418
0.110170
0.116979
0.110036
0.122226
0.110461
0.120171
0.110368
0.126765
0.109817
0.110584
0.112948
0.110556
0.109952
0.108784
0.109353
0.108544
0.113670
0.109555
0.111118
0.111557
0.108649
0.107972
0.107157
0.106098
0.106169
0.107106
0.107277
0.107486
0.114291
0.111440
0.116572
0.108308
0.116831
0.115939
0.140823
0.109935
0.109661
0.144182
0.134195
0.113600
0.112588
0.108180
0.117761
0.112904
0.106813
0.109375
0.110115
0.116930
0.110791
0.110389
0.109027
0.111660
0.136122
0.111283
0.145153
0.111303
0.130611
0.106349
0.116532
0.114926
0.133291
0.123426
0.123643
0.117348
0.107027
0.112571
0.111063
0.107217
0.106824
0.119524
0.104782
0.105676
0.108668
0.121746
0.117222
0.108716
0.115840
0.108897
0.114182
0.114682
0.107960
0.110644
0.109594
0.111305
0.109595
0.110127
0.109354
0.109596
0.107281
0.105375
0.107381
0.114138
0.107640
0.111406
0.127469
0.109117
0.111330
0.107881
0.107983
0.118339
0.121585
0.110065
0.112019
0.110428
0.110108
0.109988
0.110800
0.111616
0.110698
0.138936
0.115803
0.115574
0.113885
0.109944
0.112898
0.107888
0.117800
0.105457
0.108093
0.118856
0.106503
0.106484
0.105310
0.104767
0.104318
0.116116
0.105627
0.104954
0.105556
0.105270
0.114068
0.107470
0.107900
0.106572
0.115189
0.151262
0.139144
0.105230
0.108074
0.107407
0.107123
0.109494
0.110402
0.111264
0.152448
0.108267
0.165132
0.132619
0.130301
0.118498
0.115913
0.111633
0.112524
0.119285
0.109384
0.106529
0.108034
0.107463
0.106927
0.108346
0.110878
0.119485
0.118864
0.127821
0.107832
0.103393
0.108249
0.108539
0.109291
0.114035
0.110579
0.103915
0.107910
0.107601
0.104872
0.105489
0.106071
0.105376
0.107818
0.106566
0.109835
0.108884
0.123830
0.108780
0.109681
0.109606
0.116369
0.115718
0.111925
0.107131
0.108969
0.119819
0.109860
0.108315
0.127330
0.119845
0.116461
0.115056
0.128343
0.113002
0.109580
0.108595
0.115268
0.126073
0.120912
0.121168
0.111986
0.122424
0.109262
0.133575
0.106344
0.107908
0.109209
0.114351
0.128515
0.128359
0.105298
0.108559
0.108368
0.111748
0.112603
0.108885
0.109274
0.107894
0.109456
0.107459
0.111482
0.115272
0.120514
0.111669
0.109334
0.107738
0.119735
0.104788
0.107632
0.126917
0.109984
0.129792
0.107984
0.108140
0.109937
0.108725
0.108210
0.107414
0.108734
0.108788
0.107991
0.119740
0.117831
0.107800
0.112952
0.107740
0.115685
0.117445
0.110129
0.120488
0.108421
0.108800
0.112038
0.109267
0.109146
0.116134
0.125250
0.109030
0.116337
0.108157
0.107097
0.109714
0.109837
0.107940
0.111062
0.106865
0.112706
0.119568
0.106854
0.123378
0.124449
0.130288
0.126398
0.121228
0.110855
0.111793
0.111030
0.109437
0.108724
0.114674
0.110044
0.118442
0.111046
0.112629
0.111421
0.130135
0.110408
0.127838
0.119816
0.119864
0.113516
0.147145
0.117921
0.132420
0.113455
0.116641
0.118466
0.119489
0.117638
