0.022593
0.113711
0.105312
0.102221
0.155710
0.114990
0.120722
0.104125
0.102380
0.127406
0.111428
0.108327
0.105357
0.099655
0.130462
0.113030
0.085014
0.106552
0.104299
0.104100
0.104490
0.112920
0.105243
0.112196
0.106637
0.102832
0.104830
0.119185
0.105430
0.102654
0.096896
0.101077
0.096432
0.128751
0.114388
0.110017
0.112674
0.108687
0.111394
0.107776
0.112561
0.102994
0.103271
0.100200
0.132346
0.104175
0.115449
0.113904
0.097368
0.100573
0.108033
0.110324
0.127696
0.119010
0.105385
0.095926
0.096953
0.099736
0.098249
0.094309
0.099331
0.119034
0.113121
0.104204
0.102578
0.103095
0.094699
0.094215
0.112426
0.104884
0.102480
0.098142
0.095141
0.108142
0.108871
0.102976
0.103055
0.102448
0.116003
0.156256
0.114208
0.111526
0.097138
0.099418
0.102474
0.129381
0.096858
0.102661
0.110715
0.118728
0.107874
0.114844
0.116123
0.103924
0.105486
0.112895
0.117393
0.100478
0.101168
0.104987
0.102526
0.097727
0.112849
0.102611
0.098058
0.099117
0.107519
0.101726
0.118211
0.093474
0.124612
0.092870
0.109726
0.096958
0.104731
0.103777
0.123499
0.100515
0.101928
0.116356
0.101195
0.103622
0.097422
0.099387
0.112307
0.095683
0.103817
0.102386
0.099414
0.092327
0.123148
0.120435
0.099587
0.105514
0.105043
0.094382
0.102872
0.105319
0.097292
0.103776
0.116751
0.096890
0.106948
0.112576
0.099364
0.100090
0.099995
0.101726
0.108780
0.104085
0.107877
0.102428
0.105426
0.121408
0.098270
0.109696
0.106953
0.105226
0.107198
0.090809
0.101283
0.100522
0.107885
0.096303
0.109342
0.097312
0.104340
0.100893
0.102554
0.114236
0.104021
0.104828
0.117690
0.103220
0.109544
0.097464
0.096050
0.102889
0.096936
0.117655
0.114337
0.117137
0.102651
0.119654
0.117065
0.105165
0.107912
0.118290
0.109307
0.114506
0.103451
0.120036
0.101007
0.099376
0.111938
0.106609
0.103196
0.105149
0.104251
0.113156
0.109899
0.115833
0.109752
0.103802
0.104536
0.102216
0.102276
0.119734
0.118965
0.099620
0.112831
0.114680
0.103631
0.105125
0.102346
0.110733
0.109334
0.096491
0.121839
0.114074
0.116210
0.098320
0.098748
0.108390
0.108062
0.131841
0.105202
0.098026
0.105435
0.106710
0.109886
0.140224
0.127917
0.116790
0.110734
0.111862
0.119702
0.125662
0.122554
0.130136
0.123049
0.118825
0.114610
0.115970
0.123538
0.123070
0.117127
0.151082
0.115785
0.132525
0.127104
0.115136
0.110186
0.108145
0.137350
0.139246
0.135818
0.108876
0.124606
0.109961
0.116769
0.123431
0.116754
0.121886
0.107496
0.118077
0.112121
0.126077
0.125683
0.118912
0.111060
0.114976
0.126354
0.122853
0.118723
0.117917
0.120579
0.125468
0.114401
0.140579
0.119596
0.135709
0.127326
0.104437
0.107707
0.127144
0.125140
0.118283
0.118194
0.113006
0.113745
0.122167
0.123783
0.125936
0.142674
0.153761
0.126732
0.128124
0.124485
0.125589
0.123430
0.136555
0.107878
0.119754
0.118115
0.111091
0.123608
0.115893
0.109401
0.116100
0.116101
0.117781
0.121483
0.109695
0.121176
0.121344
0.120023
0.129873
0.111637
0.115038
0.121499
0.116111
0.118947
0.118781
0.108798
0.113589
0.115957
0.117785
0.102381
0.115510
0.113852
0.110155
0.116230
0.113969
0.117350
0.115179
0.119815
0.128511
0.110287
0.115613
0.109768
0.121919
0.111658
0.107196
0.111245
0.101660
0.109963
0.112319
0.119927
0.126716
0.121484
0.125041
0.129743
0.125919
0.132278
0.143921
0.135076
0.127239
0.124889
0.133684
0.121644
0.120391
0.107682
0.109612
0.127698
0.121271
0.119672
0.120800
0.119969
0.120149
0.118172
0.120142
0.118996
0.118822
0.119908
0.125502
0.136313
0.119498
0.120684
0.133730
0.128579
0.115789
0.123263
0.117222
0.116187
0.158355
0.120343
0.118499
0.137012
0.138462
0.125685
0.126400
0.120562
0.117790
0.120434
0.140254
0.141798
0.152694
0.115230
0.114185
0.130882
0.104685
0.117845
0.109027
0.114314
0.113543
0.122762
0.121412
0.127168
0.129017
0.120941
0.115684
0.130784
0.142099
0.117932
0.130770
0.152447
0.123286
0.124322
0.112738
0.116698
0.108441
0.104561
0.120264
0.117972
0.109881
0.117702
0.137571
0.120678
0.118280
0.115574
0.127136
0.132369
0.122894
0.137280
0.140701
0.119031
0.115803
0.118185
0.119278
0.111466
0.117442
0.119254
0.110358
0.117402
0.118495
0.112047
0.123012
0.124772
0.111021
0.108707
0.125064
0.111879
0.131479
0.120589
0.135220
0.133232
0.110496
0.134856
0.120736
0.114868
0.112166
0.108361
0.115248
0.137165
0.135534
0.119008
0.113352
0.127117
0.117566
0.109175
0.119769
0.122393
0.110655
0.114755
0.126580
0.125815
0.113203
0.173742
0.141515
0.122754
0.144050
0.118940
0.121634
0.126923
0.116504
0.121748
0.122523
0.109758
0.114954
0.104956
0.109390
0.114015
0.113257
0.115153
0.123960
0.115377
0.112169
0.110861
0.116437
0.107783
0.119450
0.116120
0.110821
0.122877
0.107447
0.110328
0.108984
0.122526
0.119059
0.122674
0.117315
0.131145
0.114844
0.107618
0.128828
0.115668
0.123430
0.115493
0.130789
0.114931
0.135832
0.120451
0.117963
0.143302
0.105641
0.122376
0.126529
0.120882
0.125788
0.116171
0.120645
0.117550
0.112240
0.119034
0.117356
0.117773
0.140535
0.116843
0.127153
0.120630
0.123848
0.113620
0.110061
0.117163
0.122937
0.112257
0.127720
0.110018
0.123103
0.125152
0.110316
0.120030
0.120659
0.113313
0.113860
0.122930
0.122387
0.118598
0.123383
0.113827
0.109612
0.122531
0.115656
0.119254
0.112056
0.113668
0.115274
0.116419
0.117357
0.121123
0.114147
0.125859
0.119975
0.118744
0.136148
0.114836
0.117934
0.142110
0.112135
0.121683
0.147805
0.126786
0.119017
0.117032
0.114842
0.110343
0.127383
0.130267
0.117214
0.115840
0.119902
0.128978
0.115791
0.110983
0.117202
0.128895
0.128113
0.134827
0.115099
0.113375
0.121960
0.121677
0.116121
0.121259
0.118891
0.111839
0.118065
0.115250
0.120193
0.109958
0.111702
0.113122
0.107519
0.106550
0.109022
0.114067
0.122796
0.116987
0.131595
0.139223
0.123883
0.131478
0.155276
