0.009047
0.129082
0.117403
0.114623
0.109286
0.113777
0.112210
0.115016
0.133316
0.121507
0.127018
0.115621
0.117838
0.118232
0.117704
0.119313
0.142797
0.128948
0.122912
0.111681
0.113829
0.123510
0.120297
0.113149
0.118084
0.114392
0.137297
0.129347
0.119768
0.120996
0.113900
0.113408
0.112648
0.114749
0.124547
0.115999
0.112449
0.117304
0.125568
0.118055
0.117568
0.115337
0.122047
0.122010
0.117095
0.116069
0.122788
0.122309
0.121187
0.117845
0.115578
0.133187
0.144411
0.123036
0.118043
0.137841
0.128968
0.117296
0.121220
0.112986
0.147367
0.152008
0.121370
0.137862
0.115408
0.123683
0.132406
0.118555
0.130089
0.121883
0.127170
0.145436
0.123576
0.107848
0.121216
0.118768
0.119411
0.118149
0.120112
0.107645
0.129537
0.118395
0.128221
0.129750
0.110215
0.112268
0.128497
0.117098
0.116882
0.113169
0.122957
0.112416
0.120039
0.105967
0.111495
0.108274
0.124425
0.113189
0.117134
0.116747
0.150727
0.131954
0.147656
0.148260
0.139053
0.149543
0.129055
0.125549
0.110033
0.109588
0.119926
0.113161
0.109940
0.132476
0.135964
0.136418
0.144153
0.126748
0.133892
0.125467
0.133468
0.145076
0.122372
0.109679
0.115943
0.111428
0.115605
0.138627
0.129156
0.106828
0.106350
0.119202
0.116022
0.103149
0.115511
0.110167
0.115670
0.125436
0.127619
0.123659
0.125428
0.133449
0.129934
0.131792
0.114371
0.106803
0.110435
0.114655
0.113193
0.109494
0.132157
0.124101
0.124214
0.136142
0.136996
0.131280
0.121913
0.118144
0.125544
0.152254
0.121476
0.117638
0.119956
0.114288
0.111338
0.106895
0.131729
0.093507
0.101263
0.110324
0.107949
0.109714
0.112556
0.116361
0.138613
0.162913
0.132288
0.134912
0.112438
0.125218
0.137372
0.122351
0.115845
0.109346
0.109144
0.105112
0.115057
0.105263
0.114435
0.126995
0.131028
0.171792
0.130039
0.130870
0.130936
0.133509
0.150709
0.127658
0.120009
0.116725
0.126441
0.110898
0.116712
0.125945
0.123484
0.133893
0.114637
0.108691
0.124406
0.111771
0.126570
0.133806
0.118444
0.117711
0.108812
0.111053
0.119979
0.111992
0.112104
0.112094
0.109807
0.118152
0.136257
0.122287
0.128866
0.130322
0.124825
0.115700
0.136299
0.112829
0.118897
0.109607
0.118641
0.107568
0.118391
0.117542
0.118852
0.124700
0.124092
0.122773
0.116116
0.115195
0.116719
0.118191
0.134340
0.125505
0.125258
0.138592
0.117362
0.124622
0.138237
0.111444
0.112190
0.122015
0.126695
0.120358
0.114745
0.107570
0.111549
0.113379
0.112705
0.113920
0.118124
0.112161
0.110061
0.114197
0.111310
0.114340
0.126559
0.115676
0.121351
0.137526
0.122864
0.123359
0.130556
0.124010
0.126040
0.133071
0.141800
0.135356
0.119097
0.126741
0.123057
0.119346
0.108819
0.120465
0.113911
0.120232
0.137338
0.128131
0.121563
0.120542
0.117262
0.116489
0.130264
0.124620
0.124724
0.112447
0.115977
0.115365
0.112659
0.116440
0.153452
0.110450
0.118358
0.119202
0.138663
0.121809
0.129502
0.122949
0.132477
0.112986
0.118109
0.124380
0.116446
0.130557
0.115788
0.114767
0.115011
0.118594
0.125505
0.126006
0.143491
0.140380
0.123643
0.113575
0.126366
0.129251
0.125868
0.123953
0.114228
0.124406
0.120750
0.129087
0.119838
0.112570
0.114211
0.124033
0.112188
0.114188
0.117159
0.141723
0.138643
0.146140
0.112386
0.115975
0.113921
0.122296
0.133674
0.128466
0.116141
0.127038
0.133788
0.120741
0.109036
0.126302
0.108204
0.128945
0.125434
0.117441
0.143878
0.119953
0.125950
0.121544
0.112154
0.119846
0.143094
0.119709
0.123852
0.118572
0.122361
0.121249
0.118905
0.149126
0.131185
0.129055
0.126027
0.113500
0.117988
0.119826
0.112700
0.147386
0.112430
0.113864
0.115353
0.117536
0.121037
0.120203
0.133842
0.120718
0.113678
0.126239
0.114338
0.120948
0.118547
0.122865
0.124654
0.123755
0.113562
0.117486
0.121647
0.118331
0.143201
0.116750
0.118411
0.113170
0.115283
0.116815
0.123171
0.115897
0.112621
0.104515
0.107901
0.113112
0.119566
0.128792
0.124481
0.118936
0.123559
0.152478
0.122244
0.118987
0.138590
0.117710
0.118002
0.131797
0.139834
0.111005
0.116925
0.114169
0.114351
0.114704
0.115429
0.121463
0.132163
0.185209
0.143366
0.122419
0.121996
0.109688
0.124338
0.139017
0.124675
0.126734
0.115094
0.114479
0.114744
0.113260
0.117996
0.132328
0.114185
0.125264
0.129730
0.118044
0.117645
0.127912
0.122452
0.114019
0.160231
0.118475
0.126278
0.119665
0.125599
0.127120
0.121489
0.133892
0.111769
0.115334
0.117713
0.139407
0.129595
0.122527
0.123794
0.117222
0.154253
0.124834
0.114307
0.114291
0.133350
0.121269
0.116917
0.120589
0.124171
0.142079
0.126730
0.135318
0.116889
0.112018
0.117967
0.129552
0.125626
0.117625
0.129877
0.127481
0.107737
0.118401
0.112925
0.152637
0.127226
0.123794
0.137456
0.137142
0.128111
0.144452
0.154514
0.133348
0.107399
0.119481
0.108381
0.110377
0.121567
0.122200
0.120131
0.122456
0.116695
0.148822
0.123502
0.153785
0.145686
0.133362
0.129596
0.120437
0.119547
0.118784
0.115350
0.123005
0.112002
0.109373
0.113401
0.123085
0.112747
0.111275
0.123918
0.147805
0.136303
0.131006
0.131822
0.131899
0.121231
0.137989
0.120284
0.126074
0.141336
0.124104
0.124300
0.122896
0.131665
0.110453
0.132584
0.135576
0.141521
0.125985
0.150737
0.157847
0.144418
0.152862
0.118067
0.121504
0.111957
0.139932
0.118074
0.136647
0.145163
0.143398
0.134574
0.146544
0.113192
0.124243
0.140741
0.135879
0.113051
0.129566
0.125442
0.129305
0.133888
0.139411
0.120586
0.143105
0.119091
0.127323
0.125420
0.116922
0.122254
0.126356
0.151627
0.135409
0.144714
0.131888
0.143944
0.126125
0.133500
0.129513
0.124035
0.111427
0.118714
0.138825
0.123568
0.137370
0.136701
0.125015
0.129645
0.159008
0.123419
0.131781
0.120696
0.129935
0.122479
0.114695
0.110052
0.113942
0.123742
0.118290
0.117114
0.121456
0.113734
0.125094
0.117179
0.123886
0.118474
0.118551
0.104892
0.105160
0.121960
0.127014
0.138335
0.127346
0.123259
0.129621
0.122408
0.131141
0.142035
0.142416
0.128868
0.162636
0.132532
0.122290
0.122431
0.118766
0.130786
0.129734
0.125804
0.142531
0.124821
0.128978
0.128292
0.156085
0.131889
0.133752
0.120664
0.136638
0.115087
0.109977
0.111519
0.118858
0.129280
0.121572
0.125936
0.114321
0.167279
0.131725
0.120456
0.122613
0.122941
0.112503
0.107937
0.127422
0.135015
0.137901
0.187582
0.143915
0.134826
0.112874
0.121152
0.139728
0.114436
0.120920
0.109813
0.125679
0.124891
0.111570
0.145995
0.134817
0.128706
0.158491
0.133790
0.143556
0.138316
0.156963
0.129781
0.118488
0.114870
0.135028
0.186882
0.147813
0.108252
0.113200
0.121774
0.109112
0.110103
0.119534
0.119521
0.127599
0.114704
0.130585
0.137052
0.141344
0.140415
0.140460
0.139635
0.131789
0.148928
0.129312
0.152680
0.116128
0.116975
0.119191
0.114155
0.122780
0.125798
0.136010
0.117137
0.136214
0.126429
0.122386
0.169908
0.130066
0.119764
0.125390
0.138236
0.116712
0.114675
0.117734
0.115537
0.108194
0.115263
0.118075
0.129504
0.148782
0.134480
0.115436
0.119556
0.130351
0.124293
0.116775
0.116634
0.122571
0.120699
0.146907
0.133250
0.124523
0.121840
0.129747
0.151457
0.147118
0.126410
0.126151
0.123605
0.132475
0.134789
0.131097
0.123643
0.109807
0.109040
0.110720
0.114599
0.142395
0.143176
0.119854
0.119649
0.128373
0.117908
0.121858
0.112566
0.128915
0.111024
0.129436
0.125420
0.123847
0.127364
0.117184
0.111974
0.157700
0.139621
0.125957
0.152747
0.122820
0.124913
0.117627
0.120291
0.117807
0.111707
0.120095
0.121828
0.122941
0.123904
0.120586
0.115808
0.127890
0.120027
0.121331
0.121156
0.165122
0.134018
0.129673
0.128382
0.147430
0.149246
0.118124
0.124837
0.128772
0.128155
0.138401
0.125930
0.156952
0.130691
0.124696
0.122757
0.112591
0.116602
0.121554
0.117917
0.129009
0.126770
0.117656
0.125788
0.125048
0.151243
0.131384
0.120263
0.125512
0.121162
0.112780
0.111663
0.118637
0.116905
0.122555
0.114341
0.112196
0.131277
0.110130
0.119196
0.116625
0.110752
0.118467
0.167423
0.199168
0.142163
0.126291
0.113733
0.116510
0.115182
0.115888
0.118363
0.112036
0.116755
0.110056
0.113338
0.116027
0.114626
0.124586
0.113358
0.120050
0.118437
0.128949
0.118969
0.126365
0.127898
0.112338
0.152070
0.122941
0.116905
0.156503
0.124290
0.119346
0.129620
0.120343
0.116308
0.127743
0.123770
0.127278
0.147715
0.132067
0.115423
0.116893
0.117150
0.133663
0.125242
0.122081
0.127187
0.125278
0.121723
0.116565
0.116869
0.117636
0.115734
0.119888
0.118881
0.135717
0.133938
0.117251
0.119668
0.125534
0.122954
0.120035
0.119792
0.120995
0.120676
0.115056
0.118394
0.128682
0.121768
0.119673
0.117799
0.127201
0.127261
0.120760
0.121582
0.127201
0.116273
0.112132
0.159798
0.125781
0.115370
0.122254
0.130276
0.117806
0.116215
0.114545
0.112305
0.140762
0.135685
0.125029
0.121873
0.125731
0.131933
0.117623
0.128762
0.118991
0.131331
0.124409
0.125653
0.130413
0.122387
0.122866
0.117688
0.117599
0.117137
0.120690
0.118633
0.134459
0.118268
0.117243
0.129865
0.128823
0.120351
0.118588
0.123637
0.120464
0.118279
0.107942
0.128927
0.135645
0.149030
0.120117
0.129175
0.134095
0.129718
0.115388
0.117089
0.117416
0.123339
0.114182
0.134481
0.126518
0.126960
0.121749
0.123890
0.121151
0.119595
0.134708
0.121084
0.120759
0.129452
0.116674
0.121207
0.128448
0.117755
0.120533
0.121377
0.123918
0.132872
0.127763
0.118912
0.115371
0.131356
0.123713
0.116534
0.124204
0.119148
0.124214
0.121212
0.120476
0.137020
0.158444
0.120647
0.129942
0.123549
0.131331
0.127066
0.123869
0.132001
0.113993
0.129128
0.135677
0.148851
0.123198
0.129883
0.144287
0.135176
0.119992
0.136680
0.115702
0.123846
0.117606
0.110383
0.142184
0.117501
0.117688
0.115237
0.131064
0.121432
0.119093
0.114112
0.115038
0.119408
0.110941
0.120531
0.116138
0.116207
0.111653
0.110637
0.117711
0.119894
0.117406
0.124328
0.130829
0.126104
0.119166
0.122251
0.150339
0.134421
0.125818
0.126321
0.132847
0.127893
0.122909
0.129343
0.121659
0.115207
0.114879
0.116586
0.114078
0.111677
0.117106
0.153948
0.133207
0.131974
0.126971
0.151461
0.140158
0.131981
0.135454
0.141886
0.125201
0.116535
0.114588
0.124866
0.123901
0.123795
0.128312
0.138925
0.131606
0.127501
0.158055
0.118232
0.126077
0.131062
0.144556
0.134205
0.116146
0.113728
0.114351
0.125016
0.113957
0.114557
0.118865
0.114820
0.120190
0.102484
0.104330
0.111006
0.123893
0.112382
0.119014
0.129577
0.135368
0.149515
0.145367
0.137059
0.149541
0.122713
0.145293
0.126930
0.126933
0.117481
0.125521
0.119446
0.115429
0.132265
0.121363
0.134709
0.159281
0.138471
0.177998
0.138656
0.148831
0.131191
0.139907
0.121058
0.125326
0.118809
0.117396
0.117851
0.113228
0.113675
0.109605
0.115413
0.125579
0.124100
0.112681
0.108515
0.113967
0.118764
0.129094
0.140046
0.131424
0.138587
0.134679
0.131642
0.132885
0.148340
0.135175
0.152333
0.127040
0.134223
0.120899
0.116284
0.128923
0.120922
0.140213
0.128688
0.133473
0.131980
0.146162
0.131998
0.138397
0.141061
0.151701
0.107736
0.121218
0.109911
0.125618
0.113814
0.109924
0.113434
0.125021
0.126672
0.124286
0.109640
0.111989
0.116827
0.115180
0.118786
0.141478
0.115601
0.123345
0.118715
0.121250
0.114873
0.108260
0.124991
0.127659
0.130556
0.144573
0.128106
0.119679
0.117680
0.118495
0.108682
0.144510
0.128246
0.128602
0.126562
0.120631
0.119678
0.118015
0.114772
0.157566
0.180927
0.127824
0.132431
0.147501
0.127279
0.129701
0.127421
0.126640
0.126322
0.124123
0.113072
0.145117
0.134480
0.115464
0.111319
0.117605
0.108595
0.143188
0.118399
0.134279
0.135892
0.138164
0.139176
0.125865
0.144047
0.143694
0.134794
0.138627
0.110637
0.108489
0.129580
0.111682
0.114491
0.126124
0.109266
0.107434
0.112153
0.113459
0.113547
0.137546
0.109202
0.112394
0.113391
0.120257
0.124590
0.123221
0.114897
0.117281
0.177889
0.118869
0.117494
0.133436
0.139093
0.131182
0.148958
0.125093
0.118777
0.107680
0.112298
0.113575
0.128701
0.113585
0.132175
0.149718
0.142825
0.130340
0.133152
0.139195
0.116210
0.131201
0.138046
0.113761
0.112987
0.111340
0.118498
0.117569
0.125159
0.109457
0.156291
0.125285
0.112920
0.111641
0.117489
0.116806
0.116958
0.121388
0.115349
0.121485
0.116275
0.126151
0.133499
0.130183
0.144502
0.146808
0.117777
0.119297
0.123467
0.109349
0.134237
0.119218
0.120685
0.119134
0.139677
0.139126
0.117775
0.135944
0.127351
0.120393
0.132908
0.123445
0.123716
0.109975
0.113633
0.116039
0.114641
0.123385
0.122502
0.114112
0.125436
0.104170
0.112345
0.113748
0.117118
0.112076
0.117931
0.119708
0.116086
0.116361
0.127543
0.137264
0.110077
0.115679
0.120084
0.122982
0.124010
0.110658
0.172505
0.126497
0.115360
0.133951
0.114189
0.119274
0.123993
0.113196
0.121976
0.123459
0.125196
0.124984
0.121559
0.119672
0.147593
0.124599
0.116665
0.123300
0.125271
0.114594
0.112145
0.142756
0.111952
0.152523
0.127947
0.125998
0.129057
0.143234
0.126941
0.123082
0.115334
0.110168
0.120969
0.119006
0.153871
0.132915
0.118451
0.119460
0.110784
0.120257
0.124448
0.157088
0.128587
0.148004
0.123133
0.125697
0.120762
0.123838
0.115541
0.121805
0.117800
0.122846
0.140261
0.126269
0.128994
0.118940
0.136255
0.131114
0.126697
0.130286
0.129376
0.131331
0.118889
0.125627
0.121935
0.140873
0.111716
0.126344
0.121643
0.116225
0.115447
0.110047
0.112780
0.112201
0.107753
0.132754
0.114819
0.119684
0.128205
0.131351
0.115491
0.132061
0.118209
0.131585
0.128042
0.112245
0.116629
0.127835
0.153838
0.126520
0.123463
0.120407
0.128383
0.111867
0.134011
0.125919
0.107138
0.136745
0.128317
0.144755
0.112930
0.123077
0.112883
0.131682
0.118463
0.117610
0.122781
0.116660
0.119938
0.136947
0.120121
0.118964
0.127043
0.131855
0.115307
0.115866
0.120544
0.116083
0.111861
0.114989
0.116563
0.115446
0.132227
0.108838
0.121388
0.131771
0.113422
0.130657
0.125815
0.122005
0.113743
0.128421
0.113286
0.124311
0.110985
0.114756
0.113204
0.118124
0.117918
0.110837
0.123540
0.143756
0.133211
0.130861
0.147583
0.131441
0.122751
0.126486
0.144135
0.118834
0.125941
0.161487
0.123924
0.118230
0.113433
0.111701
0.122774
0.110106
0.123268
0.144129
0.158897
0.136611
0.188373
0.130864
0.173023
0.134216
0.134175
0.145565
0.120452
0.143478
0.133625
0.131675
0.136731
0.146674
0.115873
0.103984
0.118924
0.113760
0.128733
0.127992
0.118592
0.140810
0.113588
0.107233
0.117612
0.113843
0.093357
0.100497
0.096225
0.098089
0.093748
0.108629
0.098614
0.121243
0.102963
0.106652
0.093851
0.101107
0.092635
0.093976
0.096977
0.116422
0.142496
0.133915
0.130415
0.126574
0.125667
0.123497
0.112926
0.102185
0.130861
0.115167
0.099309
0.094430
0.105250
0.089455
0.106890
0.094593
0.124436
0.129980
0.132385
0.137202
0.105581
0.133568
0.120386
0.115419
0.111444
0.094424
0.112734
0.100977
0.101525
0.109062
0.133004
0.111707
0.110756
0.101384
0.098928
0.099055
0.112162
0.125918
0.126724
0.148679
0.130828
0.121499
0.133856
0.138312
0.137486
0.157885
0.119143
0.125788
0.142703
0.140364
0.112928
0.126903
0.138265
0.140887
0.136686
0.135697
0.154788
0.150075
0.135018
0.120346
0.111513
0.110114
0.120565
0.110903
0.122227
0.121943
0.132727
0.119724
0.130042
0.125112
0.124637
0.168745
0.112873
0.119465
0.128690
0.117878
0.121391
0.125659
0.129383
0.147041
0.135342
0.141260
0.129352
0.128175
0.143918
0.130859
0.125038
0.138575
0.136522
0.148846
0.125018
0.167790
0.116001
0.128076
0.129373
0.117328
0.124091
0.122552
0.143195
0.132336
0.131181
0.138405
0.130878
0.119690
0.115266
0.127358
0.153008
0.121302
0.124686
0.126992
0.135956
0.122442
0.118982
0.122293
0.119142
0.122598
0.116144
0.146461
0.132447
0.122697
0.122178
0.122670
0.145096
0.121864
0.117393
0.118228
0.111800
0.112750
0.117656
0.114017
0.119833
0.114125
0.122975
0.120656
0.121110
0.127727
0.120057
0.123842
0.116614
0.124253
0.115650
0.114205
0.111811
0.115524
0.124027
0.130228
0.127549
0.122517
0.118618
0.114363
0.113559
0.112580
0.117705
0.129602
0.151465
0.131429
0.135668
0.139613
0.131553
0.134916
0.131171
0.135543
0.115928
0.113435
0.111550
0.114347
0.110246
0.119885
0.123259
0.132820
0.145840
0.160480
0.161941
0.150850
0.130337
0.140497
0.135259
0.124749
0.128263
0.111932
0.112872
0.122437
0.112592
0.116403
0.126727
0.106707
0.113318
0.121036
0.119924
0.117117
0.117013
0.141036
0.173258
0.121408
0.138558
0.129993
0.129683
0.138177
0.140635
0.117489
0.117770
0.115289
0.127059
0.117173
0.135154
0.108227
0.117872
0.120352
0.128603
0.138207
0.133240
0.167425
0.148064
0.153353
0.130097
0.130005
0.119189
0.119142
0.130312
0.109604
0.140565
0.125636
0.148534
0.116882
0.119874
0.112690
0.117926
0.120111
0.111889
0.131678
0.129338
0.131155
0.130672
0.138216
0.125553
0.126884
0.131464
0.119291
0.125519
0.113504
0.128529
0.123952
0.110029
0.112954
0.152864
0.155383
0.119792
0.134875
0.128645
0.141732
0.131161
0.136699
0.121158
0.111685
0.114965
0.115396
0.120107
0.112955
0.114390
0.109998
0.114751
0.142372
0.155543
0.149615
0.144110
0.135202
0.119836
0.116052
0.113997
0.117714
0.159831
0.124606
0.115741
0.140709
0.128273
0.111318
0.130635
0.123883
0.114458
0.120978
0.119475
0.127280
0.137501
0.136688
0.117478
0.113425
0.177876
0.118148
0.120502
0.126124
0.117184
0.121100
0.108780
0.112344
0.120214
0.119009
0.120989
0.127105
0.136708
0.119280
0.119357
0.119586
0.122451
0.124198
0.128109
0.119694
0.136365
0.130441
0.126052
0.128990
0.127092
0.127188
0.120090
0.118224
0.115102
0.119048
0.122383
0.114042
0.110930
0.111309
0.114097
0.126964
0.114986
0.118351
0.127063
0.119572
0.114425
0.118962
0.137439
0.120129
0.119666
0.114748
0.113646
0.119973
0.114631
0.115664
0.123649
0.115760
0.119440
0.128293
0.118679
0.129995
0.121310
0.129745
0.117824
0.130574
0.114326
0.118293
0.116655
0.120022
0.110160
0.116307
0.129950
0.109867
0.122086
0.117088
0.131840
0.142473
0.140896
0.140989
0.131750
0.134228
0.121043
0.116000
0.123590
0.118735
0.127393
0.114757
0.129650
0.117043
0.115758
0.141735
0.142498
0.127974
0.154943
0.133743
0.130046
0.117717
0.130779
0.130486
0.127125
0.146813
0.129342
0.116399
0.123584
0.113934
0.125730
0.126714
0.136513
0.131167
0.128455
0.123823
0.149972
0.146183
0.135648
0.127720
0.110108
0.117501
0.120109
0.126855
0.112983
0.113127
0.123501
0.102950
0.104816
0.129975
0.113563
0.118304
0.118101
0.120617
0.129097
0.154021
0.130532
0.130647
0.128387
0.140485
0.126048
0.153996
0.116879
0.119974
0.113342
0.113264
0.117857
0.137923
0.135607
0.128572
0.147640
0.133673
0.122823
0.134045
0.124474
0.130851
0.117882
0.146461
0.124107
0.107688
0.115222
0.165287
0.108249
0.116942
0.118160
0.119876
0.111988
0.134856
0.119881
0.148286
0.123713
0.155835
0.141110
0.143716
0.122824
0.125267
0.149018
0.127029
0.124115
0.114744
0.111877
0.115656
0.121046
0.135288
0.129722
0.133121
0.129223
0.128728
0.164422
0.152235
0.126651
0.134423
0.120972
0.121098
0.123482
0.111114
0.113338
0.114413
0.156264
0.114994
0.117988
0.135201
0.123850
0.142777
0.123172
0.121817
0.131283
0.142307
0.112525
0.112026
0.117611
0.120962
0.139431
0.140429
0.115551
0.136924
0.127432
0.138819
0.118753
0.106940
0.109839
0.147122
0.114393
0.114583
0.144870
0.144436
0.121395
0.121718
0.127995
0.132024
0.128985
0.134120
0.135253
0.145776
0.135381
0.113736
0.133662
0.112269
0.114216
0.111581
0.112038
0.142649
0.142358
0.130770
0.119841
0.138170
0.117879
0.136427
0.124780
0.130506
0.123746
0.106233
0.103682
0.110049
0.105188
0.108833
0.108833
0.142108
0.123895
0.117965
0.166705
0.158415
0.114794
0.112282
0.120848
0.125845
0.110426
0.113514
0.129461
0.123465
0.134916
0.126381
0.136166
0.134998
0.145346
0.123664
0.136842
0.115133
0.135701
0.118838
0.121595
0.115488
0.118036
0.135146
0.139105
0.120816
0.172344
0.131718
0.146617
0.139178
0.138351
0.122602
0.106556
0.113653
0.140825
0.109593
0.119334
0.112307
0.117537
0.125048
0.114658
0.125770
0.121050
0.111662
0.119360
0.106279
0.121462
0.139621
0.145115
0.170915
0.146866
0.140716
0.132728
0.130269
0.153709
0.131228
0.120949
0.120323
0.138322
0.109123
0.116269
0.131948
0.151212
0.131785
0.139651
0.124079
0.126326
0.111041
0.145560
0.129998
0.121735
0.110647
0.111044
0.107592
0.130134
0.107343
0.119624
0.120156
0.116929
0.114256
0.114612
0.120868
0.119771
0.108436
0.108861
0.129546
0.115455
0.111494
0.115633
0.116613
0.132742
0.118448
0.118609
0.144097
0.134672
0.119164
0.132264
0.125435
0.113436
0.113151
0.112988
0.126273
0.112311
0.106967
0.105878
0.110238
0.108912
0.114945
0.117349
0.124267
0.149543
0.125352
0.121338
0.113802
0.138072
0.116963
0.127516
0.128350
0.119570
0.109487
0.150775
0.116942
0.112592
0.122789
0.119667
0.126849
0.130497
0.109550
0.139455
0.127010
0.113298
0.124327
0.129786
0.116185
0.131134
0.118194
0.126968
0.114493
0.124857
0.150670
0.167911
0.129470
0.148463
0.124449
0.124096
0.121201
0.138516
0.127455
0.128288
0.124552
0.118044
0.133525
0.130669
0.125210
0.124898
0.115703
0.141506
0.118646
0.138905
0.134880
0.124159
0.129217
0.127458
0.127934
0.121436
0.122147
0.126425
0.120284
0.120742
0.122457
0.128619
0.126115
0.132803
0.145809
0.131691
0.131533
0.120839
0.114437
0.123330
0.125569
0.120230
0.118042
0.117630
0.117465
0.130656
0.124960
0.112353
0.122407
0.138325
0.129436
0.134478
0.123050
0.121255
0.130360
0.116814
0.148783
0.123218
0.126747
0.119201
0.132828
0.119189
0.137360
0.117557
0.126832
0.138909
0.120140
0.128511
0.118797
0.138170
0.135818
0.128481
0.122283
0.125613
0.123932
0.121206
0.118899
0.114878
0.133411
0.116541
0.131472
0.133055
0.123970
0.131314
0.118052
0.144974
0.176184
0.118001
0.115362
0.145346
0.140571
0.118752
0.131004
0.119228
0.136371
0.119415
0.136009
0.136492
0.149030
0.122280
0.119858
0.127619
0.121622
0.131565
0.143680
0.125562
0.121740
0.121017
0.122444
0.129276
0.130026
0.144441
0.120162
0.122633
0.128351
0.136562
0.115708
0.122419
0.130934
0.123596
0.112274
0.121075
0.131459
0.127921
0.119632
0.122614
0.126408
0.122016
0.115885
0.117398
0.125698
0.125092
0.124486
0.113153
0.123917
0.124969
0.112296
0.129013
0.117935
0.126071
0.112723
0.141117
0.121809
0.115486
0.111490
0.123286
0.115724
0.112126
0.112004
0.118665
0.127351
0.123409
0.122536
0.116971
0.115210
0.111400
0.119325
0.158451
0.133452
0.138528
0.136842
0.122438
0.144443
0.143417
0.142543
0.128583
0.136638
0.122641
0.137626
0.113317
0.113904
0.131402
0.145304
0.127975
0.150892
0.165063
0.142396
0.163310
0.138290
0.137089
0.140041
0.167635
0.127181
0.120764
0.111672
0.136438
0.119889
0.151622
0.118076
0.111063
0.128973
0.122391
0.127429
0.121490
0.122311
0.159923
0.128147
0.121468
0.126296
0.168601
0.318516
0.130388
0.135768
0.118442
0.140656
0.107995
0.124647
0.125002
0.121772
0.139006
0.129600
0.125911
0.134753
0.121275
0.128494
0.132422
0.144053
0.145395
0.144628
0.114457
0.108610
0.114839
0.111370
0.121190
0.128682
0.158613
0.121247
0.132170
0.137993
0.128352
0.130441
0.117768
0.110692
0.110024
0.123958
0.136895
0.113905
0.123321
0.122516
0.172460
0.178884
0.164043
0.178065
0.130788
0.145158
0.121566
0.135417
0.131611
0.134162
0.131493
0.139782
0.145450
0.132500
0.125351
0.164260
0.112408
0.106095
0.104638
0.108124
0.105824
0.110846
0.112592
0.124184
0.143593
0.148125
0.128276
0.138152
0.135353
0.135223
0.125975
0.161418
0.121695
0.114800
0.120653
0.111371
0.113921
0.141406
0.123202
0.128738
0.124008
0.121035
0.137218
0.146449
0.134469
0.138726
0.162340
0.125446
0.123453
0.122871
0.115663
0.125157
0.170651
0.116387
0.112521
0.108546
0.113472
0.122101
0.141523
0.110922
0.113925
0.123106
0.118956
0.133489
0.138753
0.125982
0.129307
0.156363
0.140409
0.124553
0.145288
0.139305
0.122712
0.115907
0.112656
0.115645
0.110081
0.111078
0.129725
0.125535
0.123537
0.124883
0.130028
0.133001
0.123493
0.158357
0.133970
0.120190
0.110285
0.108730
0.138783
0.149481
0.130764
0.118162
0.121853
0.121561
0.120113
0.113790
0.113729
0.112316
0.117519
0.139795
0.122302
0.134112
0.123965
0.128705
0.126673
0.121949
0.134895
0.132367
0.126729
0.141896
0.099027
0.101806
0.123667
0.099442
0.103726
0.100188
0.100469
0.115749
0.117149
0.125137
0.129942
0.109324
0.138724
0.112268
0.125544
0.127773
0.118841
0.127409
0.100226
0.110937
0.109348
0.099463
0.104893
0.095634
0.095105
0.141461
0.110895
0.092722
0.094978
0.100699
0.093095
0.094262
0.094709
0.121751
0.120507
0.127042
0.107968
0.153963
0.126889
0.106062
0.104156
0.120517
0.105115
0.105503
0.113563
0.106317
0.091739
0.114823
0.107523
0.116603
0.134994
0.106041
0.132659
0.128532
0.140806
0.114887
0.114816
0.114789
0.097629
0.097697
0.102287
0.112778
0.105997
0.097727
0.096691
0.102089
0.104149
0.093536
0.094394
0.099109
0.134614
0.135171
0.128618
0.120435
0.122719
0.125275
0.126894
0.119163
0.126466
0.127954
0.156327
0.122095
0.122254
0.122793
0.135751
0.117508
0.107453
0.111486
0.160772
0.140137
0.130901
0.148518
0.152732
0.157088
0.143243
0.141132
0.136651
0.114405
0.119601
0.113074
0.118999
0.114054
0.152045
0.125277
0.102901
0.130556
0.110921
0.133953
0.113791
0.129202
0.119574
0.113505
0.158724
0.146837
0.119543
0.154806
0.152294
0.166818
0.121989
0.135582
0.162504
0.112401
0.116471
0.136779
0.127969
0.132380
0.116491
0.144283
0.154940
0.143295
0.132247
0.137554
0.148148
0.136009
0.154044
0.141818
0.129458
0.120389
0.114503
0.113774
0.136450
0.131372
0.122546
0.156502
0.143372
0.113783
0.165195
0.116328
0.120323
0.137707
0.149377
0.133649
0.121281
0.141266
0.141431
0.128314
0.142561
0.122276
0.109891
0.126048
0.119892
0.131348
0.129913
0.122462
0.166011
0.144379
0.162605
0.141052
0.150009
0.144161
0.126320
0.144740
0.130196
0.141627
0.125269
0.122875
0.133705
0.117043
0.134624
0.108285
0.114692
0.126550
0.114256
0.127798
0.115104
0.154063
0.152304
0.142192
0.120276
0.146097
0.134436
0.146082
0.130238
0.148510
0.114925
0.116567
0.118599
0.139317
0.134183
0.108860
0.112928
0.128221
0.143090
0.135994
0.146677
0.129168
0.126731
0.129162
0.117733
0.135663
0.134034
0.110021
0.110319
0.114457
0.120180
0.124394
0.118647
0.112767
0.131815
0.126479
0.123181
0.114746
0.113320
0.127790
0.124799
0.136296
0.120842
0.125430
0.123308
0.127556
0.142759
0.136339
0.126706
0.117180
0.125878
0.127483
0.135317
0.121922
0.119688
0.118700
0.151296
0.132511
0.119866
0.114770
0.120490
0.115159
0.115048
0.116241
0.132206
0.140990
0.114731
0.121851
0.122601
0.118788
0.114809
0.122549
0.116842
0.145741
0.116741
0.118464
0.118128
0.117870
0.133812
0.135243
0.138460
0.132492
0.124604
0.128207
0.129418
0.124566
0.117372
0.112271
0.125132
0.126061
0.116137
0.109708
0.116794
0.106273
0.109956
0.114591
0.125077
0.119530
0.119096
0.123773
0.123944
0.123798
0.135989
0.122767
0.111885
0.114944
0.111440
0.118806
0.117801
0.133056
0.116912
0.123393
0.112388
0.105081
0.115195
0.114880
0.116668
0.116743
0.118684
0.124337
0.119080
0.130654
0.130965
0.111912
0.124650
0.133968
0.119610
0.117455
0.158732
0.121406
0.132621
0.123857
0.126168
0.124315
0.116317
0.113647
0.111153
0.120671
0.120664
0.134605
0.118970
0.112088
0.118026
0.113496
0.121363
0.122293
0.113876
0.114279
0.117324
0.110084
0.106738
0.115513
0.113406
0.125622
0.118580
0.115922
0.120415
0.131163
0.117437
0.123389
0.114720
0.109190
0.118506
0.115954
0.126093
0.120944
0.119458
0.115616
0.113524
0.115263
0.121877
0.120586
0.122836
0.124177
0.135955
0.136425
0.119295
0.132725
0.125494
0.119814
0.120689
0.151795
0.117456
0.127824
0.134730
0.110464
0.114038
0.125991
0.123883
0.112112
0.108029
0.110984
0.134337
0.129386
0.118516
0.136986
0.127603
0.134968
0.111112
0.140311
0.122730
0.117825
0.126092
0.123104
0.132391
0.132423
0.108354
0.116224
0.107001
0.142469
0.105201
0.118955
0.122513
