0.071066
0.093433
0.101805
0.097977
0.111232
0.089171
0.105623
0.090031
0.111325
0.104764
0.102195
0.106902
0.102604
0.112822
0.106548
0.107497
0.108468
0.099463
0.095480
0.098031
0.085677
0.127370
0.107387
0.104382
0.097470
0.117899
0.105986
0.111891
0.100693
0.098478
0.098289
0.111466
0.098420
0.096329
0.089615
0.103130
0.101764
0.095718
0.102495
0.096032
0.106917
0.109303
0.099607
0.099861
0.096559
0.102152
0.100706
0.136713
0.114809
0.104353
0.100510
0.101202
0.097729
0.095468
0.102501
0.092427
0.096569
0.099390
0.110612
0.104050
0.115319
0.097650
0.100220
0.102231
0.093958
0.107065
0.099651
0.091271
0.106963
0.100705
0.110597
0.136934
0.114459
0.137638
0.117902
0.092825
0.100504
0.095439
0.095477
0.101238
0.094956
0.107726
0.114561
0.094888
0.093727
0.095648
0.103899
0.110506
0.109801
0.113220
0.088042
0.125753
0.104434
0.112854
0.100184
0.100648
0.107713
0.101829
0.099264
0.097627
0.097691
0.106884
0.093311
0.096314
0.108053
0.135859
0.111403
0.099338
0.105357
0.110301
0.101378
0.098125
0.100557
0.101456
0.096867
0.121439
0.123369
0.110984
0.119084
0.119818
0.111302
0.114893
0.112296
0.117571
0.115043
0.118595
0.133485
0.103258
0.125249
0.099886
0.108381
0.108271
0.111707
0.128932
0.111641
0.115975
0.116870
0.120889
0.122610
0.114426
0.115267
0.124982
0.113430
0.106356
0.107042
0.120029
0.106936
0.114881
0.113106
0.119998
0.120199
0.113073
0.120008
0.112048
0.120327
0.111599
0.111438
0.117782
0.126742
0.118667
0.126023
0.106169
0.125103
0.113642
0.113575
0.113950
0.112824
0.106174
0.135984
0.121936
0.108115
0.117207
0.113055
0.114277
0.115276
0.115828
0.115042
0.107337
0.114093
0.122060
0.114483
0.111722
0.109028
0.115397
0.116096
0.113475
0.111817
0.117618
0.119937
0.132087
0.147688
0.131090
0.126019
0.123564
0.125674
0.135718
0.129584
0.152931
0.103564
0.099575
0.108532
0.098097
0.118711
0.109234
0.116100
0.118325
0.116419
0.117069
0.116982
0.121183
0.131365
0.144647
0.113613
0.127212
0.123786
0.119347
0.116530
0.133324
0.133513
0.107544
0.097751
0.115666
0.111886
0.107998
0.125739
0.125551
0.101214
0.112918
0.107757
0.114866
0.131684
0.110796
0.127680
0.107604
0.150885
0.123447
0.117614
0.124409
0.117750
0.120579
0.125562
0.135433
0.111708
0.104769
0.106679
0.111680
0.112001
0.106773
0.107780
0.113363
0.115495
0.116271
0.117943
0.124208
0.125216
0.133708
0.122131
0.125745
0.153432
0.146781
0.105541
0.109217
0.101134
0.103247
0.115124
0.112038
0.098778
0.109707
0.114779
0.110621
0.139759
0.142043
0.114086
0.127050
0.124328
0.120066
0.100770
0.132870
0.123732
0.119481
0.154036
0.133000
0.132849
0.130581
0.125427
0.126130
0.136810
0.152649
0.157102
0.132011
0.107441
0.109878
0.109030
0.119085
0.147631
0.120198
0.142917
0.137435
0.112666
0.127778
0.128253
0.142283
0.105598
0.106099
0.107718
0.100480
0.113255
0.113055
0.126462
0.115224
0.117140
0.118439
0.119036
0.155810
0.124340
0.116175
0.118057
0.108324
0.115855
0.109401
0.116345
0.121047
0.100623
0.111265
0.101627
0.133855
0.130207
0.132230
0.135202
0.113962
0.115716
0.112757
0.113685
0.120738
0.112604
0.121244
0.129874
0.109851
0.132951
0.107233
0.129949
0.112973
0.109014
0.113489
0.157191
0.157187
0.125294
0.117426
0.115211
0.116598
0.113764
0.118653
0.128640
0.115676
0.141965
0.113784
0.116292
0.112940
0.114286
0.113288
0.115319
0.107209
0.115495
0.106379
0.125010
0.103676
0.135161
0.138743
0.119131
0.112129
0.129310
0.117139
0.115225
0.128074
0.131677
0.115064
0.117440
0.121989
0.108985
0.127751
0.109725
0.122305
0.107565
0.130638
0.109956
0.117404
0.120740
0.119239
0.120145
0.121420
0.146145
0.117728
0.121214
0.128738
0.116048
0.125041
0.123697
0.128171
0.128633
0.109197
0.115120
0.122118
0.119907
0.128764
0.114460
0.105918
0.114627
0.148083
0.101564
0.107714
0.108421
0.138742
0.140647
0.132455
0.121639
0.133423
0.118418
0.135079
0.116240
0.133602
0.099969
0.125896
0.110149
0.123244
0.107369
0.115973
0.104084
0.123018
0.123630
0.145398
0.130733
0.109605
0.137009
0.121709
0.123731
0.131770
0.101095
0.099275
0.127954
0.170813
0.118274
0.120204
0.116913
0.114306
0.122328
0.147053
0.120113
0.109007
0.102477
0.098898
0.096695
0.113883
0.133045
0.142359
0.130407
0.144599
0.159059
0.133251
0.148876
0.138930
0.136747
0.135226
0.140051
0.141422
0.130048
0.118494
0.113417
0.125326
0.106544
0.106460
0.124957
0.176038
0.143446
0.132106
0.148937
0.141398
0.134845
0.138103
0.111701
0.116477
0.113913
0.109561
0.118117
0.107310
0.146108
0.153363
0.149039
0.128133
0.108104
0.119462
0.112558
0.118150
0.100777
0.104080
0.128125
0.125187
0.107875
0.161472
0.131178
0.143119
0.140254
0.151156
0.146289
0.136855
0.133150
0.123017
0.124500
0.125144
0.123960
0.118362
0.121751
0.120342
0.117993
0.122157
0.125242
0.127610
0.146447
0.127528
0.098763
0.103553
0.110092
0.110999
0.118621
0.116215
0.156951
0.170566
0.129627
0.133456
0.123672
0.136091
0.113506
0.119000
0.119500
0.124112
0.104591
0.108326
0.120341
0.171170
0.142655
0.154617
0.127006
0.120792
0.132498
0.123415
0.132531
0.184095
0.132740
0.131560
0.111830
0.112707
0.112930
0.113148
0.106877
0.111957
0.117627
0.120687
0.122503
0.152327
0.135757
0.115687
0.116196
0.127853
0.116954
0.114314
0.117080
0.113296
0.107047
0.105549
0.111219
0.134906
0.129987
0.116037
0.119864
0.120398
0.139822
0.115201
0.119349
0.113366
0.122240
0.109988
0.116173
0.119406
0.118396
0.129892
0.115564
0.116988
0.129335
0.113364
0.125625
0.100717
0.110923
0.113246
0.110278
0.111083
0.107811
0.126274
0.127651
0.111652
0.126903
0.141847
0.120758
0.123414
0.137224
0.149584
0.116051
0.106053
0.108961
0.111292
0.105542
0.110653
0.108772
0.130518
0.127921
0.123834
0.117016
0.143903
0.138107
0.137332
0.123458
0.129194
0.136648
0.129756
0.109426
0.114924
0.108546
0.107470
0.114061
0.111189
0.123619
0.120893
0.141059
0.111794
0.110407
0.112404
0.108977
0.113339
0.114080
0.123331
0.119845
0.115106
0.133883
0.141694
0.124147
0.129584
0.121348
0.144055
0.134052
0.110932
0.104471
0.117715
0.119946
0.107848
0.105428
0.113748
0.135979
