0.012877
3.300389
0.093171
0.092805
0.098264
0.092569
0.099607
0.101271
0.108694
0.102701
0.117775
0.122952
0.107087
0.095027
0.099361
0.106920
0.110532
0.105680
0.119154
0.105383
0.121226
0.102237
0.104445
0.104739
0.116684
0.106877
0.118318
0.125335
0.114030
0.102108
0.115279
0.114902
0.092700
0.095985
0.100177
0.103796
0.117639
0.089278
0.099718
0.106082
0.112069
0.094874
0.100903
0.097900
0.134471
0.112432
0.111741
0.097761
0.104403
0.101788
0.097855
0.100339
0.099514
0.121977
0.121396
0.111443
0.125627
0.097951
0.110204
0.103509
0.100111
0.103704
0.117391
0.113047
0.099506
0.091684
0.082157
0.130057
0.120970
0.100431
0.101350
0.096324
0.107651
0.093843
0.104356
0.099999
0.101646
0.100300
0.105457
0.099512
0.109381
0.099970
0.098527
0.121586
0.106947
0.105346
0.098734
0.092162
0.099264
0.115711
0.127243
0.121520
0.109770
0.105166
0.101409
0.100170
0.120322
0.110097
0.102377
0.095078
0.096707
0.117310
0.107568
0.104497
0.097892
0.100595
0.098246
0.103028
0.104348
0.126106
0.135258
0.104234
0.124548
0.099874
0.118591
0.116630
0.107530
0.125810
0.104470
0.095742
0.095484
0.099199
0.098854
0.100504
0.108987
0.108881
0.105707
0.111531
0.099025
0.102390
0.114713
0.103934
0.103139
0.100246
0.113763
0.126721
0.108432
0.093084
0.104930
0.102876
0.101964
0.101233
0.097368
0.112235
0.109122
0.111607
0.107161
0.098498
0.097736
0.100727
0.097986
0.119085
0.097891
0.110439
0.106993
0.109021
0.104737
0.119290
0.113579
0.092109
0.100429
0.154974
0.122861
0.096847
0.118871
0.126620
0.110109
0.105485
0.114838
0.099645
0.088063
0.100873
0.107951
0.123523
0.114539
0.104223
0.116243
0.093847
0.112116
0.098127
0.098755
0.101517
0.113780
0.101424
0.093824
0.094746
0.107166
0.103788
0.097572
0.105826
0.107976
0.107292
0.109337
0.101533
0.114099
0.114353
0.105344
0.109360
0.103482
0.107661
0.100372
0.095576
0.121573
0.114323
0.148570
0.099238
0.115384
0.105746
0.099122
0.093912
0.098777
0.129766
0.121700
0.108256
0.102379
0.098409
0.103593
0.113630
0.106351
0.106490
0.098815
0.095221
0.097823
0.099523
0.105484
0.096282
0.098597
0.111926
0.113938
0.104433
0.097481
0.102980
0.103549
0.100330
0.096451
0.108425
0.099218
0.097456
0.099867
0.112842
0.126760
0.111507
0.117212
0.112463
0.115716
0.122394
0.123184
0.117068
0.102371
0.092407
0.108637
0.101915
0.116938
0.111506
0.097550
0.126565
0.109760
0.110424
0.096813
0.100502
0.097779
0.105784
0.102217
0.105837
0.113805
0.108216
0.104239
0.099856
0.121047
0.099665
0.104040
0.102009
0.109799
0.105636
0.101412
0.100963
0.101392
0.111331
0.105463
0.105306
0.115762
0.113244
0.107968
0.111134
0.107385
0.115312
0.097873
0.100472
0.108101
0.094618
0.103650
0.096527
0.101162
0.123407
0.103951
0.106284
0.112468
0.099720
0.118874
0.096633
0.113482
0.107433
0.110808
0.105827
0.115077
0.102477
0.096030
0.098471
0.100289
0.097769
0.110873
0.108158
0.103822
0.106281
0.110426
0.103514
0.097547
0.100315
0.106785
0.103976
0.098566
0.096630
0.098688
0.101084
0.093572
0.105092
0.101410
0.100728
0.102581
0.095934
0.112587
0.093925
0.109866
0.096244
0.091692
0.141052
0.116920
0.122302
0.113253
0.098077
0.098188
0.098528
0.103032
0.112700
0.141204
0.097460
0.120756
0.111224
0.117138
0.104321
0.101718
0.104975
0.106675
0.104825
0.105886
0.095172
0.099010
0.109049
0.096569
0.108169
0.105054
0.099302
0.105239
0.103364
0.102494
0.096854
0.096788
0.100411
0.101773
0.105619
0.101122
0.101001
0.103444
0.099831
0.104295
0.098164
0.110866
0.118428
0.097823
0.131378
0.101317
0.095610
0.115807
0.131819
0.123993
0.106874
0.117088
0.130059
0.115077
0.124329
0.121751
0.121379
0.108104
0.094213
0.096503
0.094181
0.111881
0.098520
0.099476
0.114007
0.121253
0.115209
0.117784
0.096484
0.102515
0.116963
0.123733
0.121340
0.116057
0.114569
0.112786
0.126430
0.101231
0.093454
0.111802
0.115514
0.084480
0.101793
0.081458
0.091530
0.101557
0.077514
0.079590
0.073592
0.081280
0.095092
0.137550
0.139419
0.139214
0.128865
0.122434
0.129162
0.120404
0.119119
0.117749
0.126681
0.124416
0.125346
0.122270
0.127995
0.139488
0.112354
0.092488
0.090953
0.091727
0.090681
0.093450
0.101270
0.095686
0.124754
0.135370
0.136790
0.144252
0.148573
0.137295
0.137059
0.140130
0.137863
0.138485
0.117604
0.138923
0.131742
0.109189
0.121138
0.109113
0.105571
0.094274
0.096072
0.093250
0.097914
0.092263
0.095924
0.088943
0.158082
0.102221
0.101664
0.092816
0.095803
0.092267
0.091760
0.097748
0.103819
0.100060
0.126793
0.140043
0.131018
0.137949
0.118157
0.139006
0.139536
0.133901
0.160397
0.119017
0.130138
0.129526
0.142984
0.132981
0.108544
0.097613
0.105771
0.108296
0.107212
0.091208
0.091094
0.100557
0.107641
0.109480
0.124862
0.135919
0.155586
0.117564
0.149017
0.127750
0.133550
0.124849
0.144124
0.115042
0.126437
0.113888
0.101151
0.090602
0.088386
0.099335
0.088284
0.088892
0.088863
0.088595
0.097898
0.088985
0.099683
0.174119
0.125273
0.092538
0.099483
0.093759
0.101969
0.096497
0.101328
0.113691
0.118782
0.135038
0.124520
0.110130
0.098553
0.103092
0.108793
0.102932
0.106259
0.109599
0.106934
0.104937
0.094626
0.105159
0.104633
0.108871
0.103187
0.092474
0.127789
0.104778
0.101001
0.096564
0.103600
0.102494
0.103409
0.101564
0.101005
0.093656
0.098887
0.121387
0.094542
0.089667
0.093978
0.092611
0.092807
0.088504
0.088555
0.099118
0.127968
0.171319
0.134520
0.128980
0.114032
0.110940
0.146204
0.128654
0.126269
0.100613
0.104782
0.086033
0.081932
0.080961
0.085386
0.102605
0.101077
0.100216
0.100909
0.118438
0.101791
0.123580
0.153246
0.115989
0.143345
0.138619
0.114875
0.131281
0.122150
0.134053
0.096262
0.100326
0.096986
0.095528
0.095838
0.094634
0.090117
0.093310
0.118897
0.112561
0.096277
0.089671
0.096359
0.089225
0.096069
0.104962
0.099226
0.110362
0.126178
0.125731
0.115735
0.108810
0.137152
0.104339
0.103667
0.110866
0.111089
0.116409
0.096528
0.097720
0.095990
0.091273
0.093103
0.104531
0.112349
0.121965
0.115554
0.122198
0.103657
0.103192
0.127703
0.116000
0.115654
0.102208
0.108459
0.110316
0.091700
0.099426
0.117891
0.097981
0.101877
0.096134
0.096002
0.095015
0.099124
0.120863
0.088615
0.119159
0.100923
0.108224
0.105135
0.119309
0.095501
0.105855
0.098329
0.103071
0.098452
0.119467
0.094454
0.110815
0.104939
0.102968
0.095564
0.094477
0.100463
0.104158
0.109170
0.101681
0.082494
0.107075
0.134632
0.119959
0.112789
0.101381
0.098646
0.099492
0.109413
0.111468
0.108189
0.102421
0.097387
0.096756
0.105209
0.093179
0.106942
0.117568
0.109322
0.110464
0.100331
0.102533
0.098197
0.100941
0.106830
0.130507
0.128764
0.131194
0.099004
0.097538
0.098743
0.100873
0.098079
0.108276
0.101799
0.101194
0.102723
0.104460
0.098601
0.096412
0.092632
0.105146
0.098406
0.098914
0.094728
0.113103
0.108053
0.131248
0.114932
0.117441
0.104688
0.099736
0.097115
0.097724
0.096183
0.099347
0.096485
0.103068
0.109321
0.102132
0.094450
0.095038
0.112697
0.105195
0.114597
0.099199
0.094284
0.124651
0.135047
0.108496
0.097084
0.097422
0.106578
0.095987
0.103486
0.096112
0.097942
0.120448
0.115072
0.103020
0.091917
0.125512
0.115774
0.089555
0.109992
0.097128
0.098176
0.099205
0.098097
0.102465
0.107281
0.114500
0.120326
0.115640
0.118312
0.109351
0.110608
0.122620
0.146759
0.116287
0.119788
0.133143
0.121562
0.120610
0.122572
0.126880
0.115584
0.120353
0.123950
0.130682
0.124471
0.119107
0.123888
0.111833
0.115158
0.118832
0.119887
0.144892
0.112027
0.127911
0.140326
0.124521
0.125756
0.119501
0.120772
0.130530
0.132844
0.123980
0.113870
0.120711
0.127608
0.115249
0.141365
0.124986
0.126127
0.148366
0.122361
0.123196
0.123586
0.121250
0.134234
0.134321
0.120510
0.151194
0.118619
0.130684
0.125823
0.118842
0.119342
0.122288
0.127471
0.118935
0.116788
