0.066524
0.130101
0.113728
0.114681
0.123971
0.121118
0.122427
0.148257
0.126172
0.132075
0.121225
0.121847
0.118382
0.117236
0.127307
0.120308
0.119382
0.140409
0.134676
0.125224
0.118850
0.119153
0.117615
0.136387
0.159742
0.128471
0.126820
0.118253
0.116588
0.120744
0.159754
0.118559
0.132050
0.135211
0.143412
0.133814
0.138377
0.124842
0.129905
0.128709
0.126263
0.125931
0.113281
0.105246
0.129675
0.109494
0.118678
0.117853
0.115619
0.114200
0.151268
0.119264
0.130821
0.132040
0.124612
0.126979
0.122755
0.144844
0.182748
0.152292
0.109681
0.105068
0.112449
0.113757
0.112246
0.112799
0.109823
0.119444
0.110075
0.118150
0.109992
0.110312
0.139182
0.106029
0.114406
0.116505
0.143981
0.136742
0.113495
0.110009
0.118599
0.149394
0.126897
0.116974
0.118843
0.121884
0.138542
0.123363
0.118525
0.125429
0.115799
0.132948
0.128652
0.117590
0.122683
0.115861
0.137516
0.124334
0.117317
0.124183
0.130467
0.118178
0.128353
0.145711
0.128573
0.115816
0.120248
0.111881
0.113666
0.124806
0.117307
0.110049
0.153693
0.130419
0.116941
0.116927
0.116897
0.118790
0.121734
0.124829
0.116359
0.124839
0.119971
0.130597
0.131934
0.126060
0.117559
0.132063
0.115178
0.121520
0.125133
0.117569
0.114146
0.120626
0.114374
0.109670
0.117782
0.130668
0.124619
0.141304
0.121782
0.117372
0.123955
0.142813
0.114419
0.140689
0.118170
0.109133
0.115367
0.116986
0.132853
0.123606
0.115571
0.130684
0.097975
0.103398
0.116643
0.117588
0.116214
0.131135
0.118132
0.107254
0.102472
0.108816
0.102476
0.111175
0.111565
0.135271
0.118225
0.116068
0.118818
0.110689
0.189867
0.141487
0.121461
0.129647
0.136498
0.125809
0.130065
0.128500
0.113575
0.174149
0.147671
0.133678
0.118894
0.182900
0.131674
0.125397
0.134034
0.135463
0.118961
0.127877
0.121618
0.115676
0.116434
0.142920
0.115229
0.126275
0.157739
0.123633
0.110276
0.124120
0.116134
0.148909
0.136840
0.128198
0.116103
0.113931
0.140407
0.129231
0.119507
0.130322
0.118560
0.124283
0.125146
0.116761
0.122078
0.118436
0.120811
0.124928
0.127856
0.126278
0.142194
0.122321
0.118067
0.117266
0.133914
0.128640
0.128599
0.145286
0.119127
0.138841
0.120890
0.119680
0.120758
0.124145
0.143098
0.167570
0.136300
0.126015
0.133075
0.125275
0.113255
0.120382
0.113631
0.124800
0.128702
0.120861
0.139856
0.149524
0.129488
0.117194
0.117872
0.139517
0.123870
0.114171
0.137532
0.120001
0.114707
0.132877
0.124404
0.119162
0.116520
0.121834
0.118726
0.113045
0.123470
0.110935
0.108612
0.123509
0.151720
0.139399
0.134600
0.148799
0.132292
0.120532
0.127260
0.127197
0.123264
0.116563
0.139047
0.115934
0.121426
0.120892
0.122932
0.118578
0.121027
0.118627
0.123471
0.117591
0.118547
0.129167
0.118899
0.118806
0.108715
0.124636
0.110470
0.118338
0.115721
0.117187
0.118066
0.120183
0.137610
0.142825
0.134875
0.111296
0.121178
0.117168
0.114914
0.119127
0.113642
0.133604
0.146190
0.119826
0.124536
0.128184
0.119900
0.123513
0.138188
0.122916
0.127704
0.125113
0.155972
0.100116
