0.00
529.31
555.87
540.72
566.26
563.22
561.55
564.45
554.90
556.72
555.26
559.24
548.89
562.66
535.98
565.09
549.30
564.42
564.26
536.83
562.05
565.12
561.52
550.11
565.70
565.30
564.43
559.56
567.19
564.85
564.82
562.63
561.85
564.61
534.75
559.59
566.27
545.50
546.54
482.56
507.97
524.00
547.37
557.19
519.19
565.58
555.36
554.76
563.12
569.75
566.28
569.50
566.40
552.95
562.22
506.13
560.88
562.43
564.57
567.20
560.67
568.12
563.20
556.69
567.30
563.22
565.69
564.60
566.83
563.68
564.47
558.99
560.04
564.34
561.01
554.67
557.51
564.42
556.25
553.41
555.27
557.78
560.62
552.94
560.63
545.64
552.02
551.25
555.46
549.68
553.70
551.53
547.79
547.09
544.98
502.74
540.03
511.92
535.61
515.65
535.96
511.95
515.89
511.80
501.89
521.88
462.14
518.32
496.74
530.04
481.26
502.05
518.05
536.75
514.69
526.31
516.76
531.55
525.40
526.75
512.25
441.09
496.34
484.37
475.94
474.77
429.12
392.03
384.50
432.69
359.51
351.14
433.18
410.48
440.91
444.95
459.65
369.32
384.23
410.22
450.59
433.32
306.96
449.84
462.46
469.22
481.32
418.05
400.65
428.27
417.25
422.90
385.73
440.17
413.78
413.81
396.81
450.48
403.54
377.70
379.50
458.86
420.31
371.29
402.65
442.62
419.13
401.41
378.82
347.67
352.22
347.30
343.27
367.83
399.67
450.02
426.78
407.31
436.50
459.23
415.66
378.77
431.27
414.97
371.67
383.74
422.85
338.35
340.35
362.29
287.58
205.10
294.31
229.94
284.76
208.05
191.27
267.72
285.61
195.20
157.45
197.00
190.10
268.81
223.34
198.35
162.94
204.03
217.40
212.55
127.78
153.04
146.20
122.48
296.23
144.96
232.10
182.33
176.34
173.86
128.81
179.49
170.34
110.18
177.57
121.72
114.25
109.44
135.19
149.02
149.67
268.98
162.23
155.69
246.43
192.25
235.86
183.56
100.44
100.49
96.39
89.27
209.17
218.25
187.58
222.01
215.42
209.13
231.88
155.43
232.46
235.79
206.48
172.42
222.70
213.60
217.11
340.35
307.77
315.48
374.01
280.31
349.60
385.08
294.02
347.57
347.73
265.21
219.81
303.64
257.20
301.96
212.59
246.12
306.78
320.78
243.86
298.49
331.27
295.78
261.59
288.81
176.73
174.35
187.00
123.26
210.31
209.43
166.36
173.02
230.42
276.05
349.10
273.49
181.68
290.03
265.44
232.87
252.13
222.17
183.26
214.93
153.90
128.83
138.92
249.49
187.70
219.11
207.23
215.67
231.81
200.38
235.53
222.62
188.08
216.49
217.55
281.24
272.32
216.93
203.80
231.76
161.63
174.39
110.15
165.53
100.32
113.27
182.77
173.86
162.00
151.69
108.19
138.90
152.00
132.08
126.05
156.98
135.49
72.38
87.85
69.67
215.37
208.34
121.94
186.36
170.16
164.33
160.44
133.19
