0.190270
0.120206
0.117172
0.100547
0.120816
0.113783
0.086243
0.158058
0.150381
0.231814
0.186335
0.235960
0.199008
0.164652
0.278536
0.140597
0.191714
0.186452
0.162967
0.151150
0.181722
0.173326
0.190184
0.185095
0.173475
0.215836
0.166857
0.159388
0.189457
0.233598
0.143031
0.237527
0.178360
0.153213
0.248036
0.214195
0.153310
0.223264
0.173233
0.194214
0.294592
0.163834
0.178730
0.201425
0.213046
0.162385
0.201869
0.189786
0.166704
0.187176
0.159496
0.155913
0.178393
0.187375
0.153114
0.205595
0.168810
0.165207
0.198861
0.151810
0.158814
0.210004
0.225679
0.143271
0.197235
0.145400
0.117584
0.183281
0.181183
0.191014
0.190763
0.195017
0.182536
0.145757
0.228587
0.149590
0.125587
0.184183
0.215098
0.181532
0.226063
0.174971
0.130351
0.241146
0.155534
0.189751
0.249057
0.155026
0.158194
0.188881
0.153008
0.226522
0.216968
0.124935
0.191951
0.219476
0.188346
0.204726
0.175562
0.142579
0.177311
0.165557
0.175754
0.164669
0.191654
0.212253
0.147180
0.223163
0.171485
0.165066
0.213491
0.164733
0.139278
0.232134
0.212534
0.223300
0.143765
0.147480
0.154917
0.191854
0.205135
0.150184
0.172603
0.158583
0.197648
0.190288
0.169853
0.156985
0.189771
0.141496
0.137164
0.157445
0.168873
0.172431
0.206865
0.201435
0.169908
0.170890
0.171361
0.157294
0.165236
0.182128
0.162412
0.161260
0.166673
0.134549
0.185065
0.183439
0.168474
0.234481
0.132181
0.200108
0.188651
0.202045
0.155061
0.180606
0.170524
0.181170
0.165218
0.184389
0.163527
0.161218
0.168068
0.138253
0.167351
0.137072
0.175486
0.162416
0.169562
0.219883
0.135543
0.180501
0.191901
0.150545
0.191872
0.206566
0.143366
0.198851
0.171754
0.151884
0.186121
0.193768
0.205020
0.219223
0.216071
0.202290
0.293129
0.195850
0.227596
0.184273
0.183935
0.246351
0.170225
0.139938
0.239073
0.183334
0.162127
0.220181
0.159989
0.129710
0.198213
0.186513
0.149430
0.162163
0.188503
0.267910
0.206270
0.210151
0.185463
0.191509
0.164163
0.177956
0.200333
0.188127
0.132151
0.169673
0.177718
0.170562
0.206742
0.161168
0.157362
0.163811
0.238016
0.149899
0.264792
0.191060
0.186159
0.186528
0.157299
0.194464
0.193862
0.156844
0.206324
0.210398
0.138537
0.190502
0.144302
0.146663
0.262818
0.202880
0.134174
0.174427
0.184660
0.130669
0.148445
0.229788
0.181840
0.194221
0.162009
0.211371
0.211188
0.172138
0.200036
0.168069
0.149772
0.158288
0.185311
0.186884
0.170650
0.183218
0.159592
0.142169
0.188281
0.161730
0.162652
0.166434
0.178225
0.155215
0.190156
0.169306
0.146461
0.163637
0.171355
0.185240
0.183233
0.214097
0.197883
0.175539
0.170089
0.228259
0.149715
0.225881
0.202615
0.137997
0.179526
0.186395
0.141392
0.143761
0.166019
0.176655
0.134219
0.239943
0.200578
0.145351
0.160681
0.215673
0.137806
0.120078
0.108085
0.091048
0.220170
0.141878
0.109706
0.130703
0.138282
0.148653
0.099102
0.117049
0.118471
0.110545
0.145357
0.162702
0.112905
0.136008
0.143608
0.125964
0.148965
0.193233
0.134769
0.189853
0.148638
0.153200
0.115072
0.122704
0.154982
0.123824
0.131463
0.173892
0.118279
0.170240
0.151703
0.158884
0.108086
0.137063
0.149740
0.157236
0.153954
0.177658
0.232985
0.152183
0.098722
0.189392
0.156892
0.111658
0.174337
0.215861
0.112034
0.170939
0.142505
0.185038
0.213708
0.163093
0.145291
0.130628
0.145750
0.165550
0.122541
0.175850
0.139718
0.148859
0.162533
0.117384
0.151423
0.163828
0.101687
0.149113
0.103983
0.156082
0.173556
0.154752
0.158556
0.141646
0.101117
0.163211
0.184183
0.102640
0.178466
0.162372
0.281996
0.207371
0.143623
0.168040
0.147691
0.153821
0.169703
0.165569
0.134206
0.254920
0.143885
0.154679
0.167876
0.154176
0.165082
0.139580
0.173490
0.111575
0.152145
0.162411
0.166078
0.154512
0.165225
0.113927
0.143876
0.163464
0.124740
0.130092
0.155246
0.146963
0.169975
0.106993
0.119080
0.100694
0.206521
0.115890
0.179257
0.150462
0.183873
0.134087
0.146522
0.156872
0.186398
0.109183
0.209120
0.158623
0.193024
0.186795
0.219136
0.188849
0.095355
0.154994
0.204540
0.140840
0.122005
0.176108
0.109495
0.178499
0.201911
0.141820
0.134981
0.170946
0.159506
0.167895
0.178261
0.148491
0.188706
0.153897
0.121472
0.157385
0.125492
0.155291
0.097892
0.180451
0.167515
0.123163
0.134370
0.165487
0.170966
0.151691
0.155554
0.151318
0.186228
0.133660
0.168123
0.147066
0.118410
0.099508
0.128573
0.135139
0.166557
0.135992
0.141611
0.160399
0.174412
0.127758
0.167902
0.129664
0.162325
0.133914
0.143543
0.123558
0.185576
0.149712
0.145900
0.115212
0.146049
0.182843
0.184374
0.175162
0.143695
0.151246
0.173692
0.172179
0.239505
0.178258
0.653216
0.115695
0.110969
0.165953
0.156152
0.135577
0.133930
0.118873
0.140942
0.172597
0.167506
0.122647
0.160129
0.145970
0.135897
0.150673
0.169357
0.185111
0.151375
0.125548
0.147367
0.149539
0.127861
0.135906
0.191660
0.250827
0.166586
0.184975
0.202855
0.124222
0.176169
0.189771
0.169443
0.126761
0.209432
0.117636
0.128727
0.141022
0.124748
0.192114
0.120965
0.184765
0.158371
0.145775
0.140022
0.145549
0.172550
0.145212
0.135754
0.112572
0.133313
0.177907
0.159676
0.156626
0.130045
0.150748
0.129224
0.167181
0.132062
0.179447
0.149500
0.139791
0.152720
0.149136
0.120671
0.150165
0.173023
0.157677
0.144353
0.093400
0.193141
0.180315
0.162226
0.154914
0.184833
0.143084
0.208413
0.128145
0.132880
0.144225
0.153508
0.113526
0.186251
0.160966
0.150116
0.127878
0.129772
0.125868
0.127876
0.159917
0.123854
0.178809
0.170212
0.121167
0.175758
0.133714
0.128395
0.126185
0.141485
0.216409
0.112815
0.165897
0.210149
0.150094
0.187061
0.171474
0.174148
0.161204
0.165868
0.155514
0.152305
0.139541
0.131541
0.139763
0.168341
0.157929
0.138811
0.128219
0.132139
0.176571
0.149803
0.150556
0.152653
0.161114
0.133368
0.171270
0.133291
0.136734
0.146398
0.147193
0.149337
0.175234
0.196221
0.129087
0.216134
0.177975
0.139211
0.162230
0.187852
0.157222
0.155187
0.126609
0.203873
0.199777
0.162251
0.152120
0.190939
0.175367
0.151105
0.186680
0.136677
0.138132
0.177026
0.176558
0.120567
0.171007
0.187136
0.132434
0.161962
0.180348
0.174463
0.105984
0.157820
0.158029
0.145253
0.173999
0.201550
0.216728
0.175521
0.188780
0.189272
0.179389
0.179021
0.185364
0.218885
0.197504
0.145697
0.171297
0.107212
0.186295
0.160870
0.163223
0.213234
0.091593
0.186500
0.146841
0.199041
0.186381
0.161491
0.171120
0.125333
0.140173
0.154444
0.109053
0.099004
0.167443
0.134433
0.143095
0.205353
0.188796
0.135577
0.120494
0.138770
0.121604
0.164185
0.200583
0.157128
0.198921
0.260885
0.152299
0.154905
0.209140
0.182211
0.164892
0.146391
0.178634
0.189032
0.158416
0.087722
0.187141
0.115406
0.182551
0.150734
0.140540
0.152068
0.147552
0.171627
0.161007
0.132581
0.180694
0.169590
0.131871
0.129631
0.168745
0.142784
0.186516
0.239377
0.204409
0.092097
0.155652
0.164836
0.171611
0.191592
0.245820
0.162633
0.161697
0.120191
0.125572
0.123107
0.170561
0.144925
0.164951
0.186255
0.167650
0.200049
0.135903
0.240951
0.190703
0.196104
0.174983
0.178254
0.259827
0.203937
0.168494
0.123711
0.150654
0.200504
0.184000
0.160676
0.161433
0.179779
0.169284
0.173570
0.227193
0.188725
0.155557
0.158843
0.175860
0.129365
0.172332
0.151631
0.143435
0.186040
0.130980
0.145627
0.225399
0.159360
0.210359
0.110223
0.133573
0.137036
0.127714
0.173913
0.128939
0.166427
0.180432
0.207765
0.142066
0.216257
0.178910
0.125057
0.184568
0.104853
0.137528
0.145810
0.161389
0.104364
0.152745
0.135177
0.187463
0.239180
0.152034
0.136109
0.156325
0.197428
0.173564
0.184424
0.143028
0.134287
0.233513
0.268255
0.230637
0.140555
0.143166
0.178064
0.157969
0.187873
0.128413
0.121894
0.122887
0.132280
0.165847
0.145473
0.137002
0.166031
0.130271
0.188905
0.179962
0.207700
0.097860
0.178810
0.168494
0.108721
0.176713
0.097478
0.161095
0.129998
0.178175
0.143034
0.155604
0.121178
0.150124
0.108548
0.160489
0.139103
0.163939
0.176872
0.135771
0.152676
0.109143
0.137044
0.165361
0.189706
0.146767
0.150237
0.151210
0.140584
0.200627
0.127551
0.138611
0.147861
0.124740
0.163473
0.126163
0.166061
0.141955
0.166861
0.140740
0.132667
0.152490
0.113960
0.124925
0.120012
0.146919
0.194852
0.132427
0.143022
0.189381
0.170249
0.174486
0.130053
0.134036
0.165048
0.150878
0.192456
0.225153
0.123523
0.171146
0.114683
0.138126
0.151659
0.174629
0.134342
0.147729
0.132218
0.156249
0.155632
0.131625
0.164404
0.148417
0.185146
0.115959
0.148544
0.137953
0.143307
0.216901
0.115625
0.162862
0.126551
0.128036
0.170819
0.147195
0.119738
0.171310
0.152386
0.121994
0.129083
0.106940
0.162336
0.145239
0.168039
0.156111
0.199816
0.156238
0.113100
0.137846
0.124612
0.185324
0.204751
0.135505
0.150213
0.159307
0.117430
0.146177
0.170157
0.193339
0.180373
0.161112
0.138275
0.118049
0.123349
0.117286
0.134685
0.155248
0.164677
0.176340
0.104246
0.154788
0.180576
0.145932
0.108093
0.165183
0.152289
0.155807
0.128837
0.143605
0.162173
0.133301
0.134434
0.160331
0.101359
0.143210
0.145455
0.132989
0.165500
0.197754
0.198760
0.101033
0.183420
0.176206
0.130096
0.147208
0.105999
0.118767
0.160828
0.105934
0.141987
0.217800
0.124842
0.164148
0.176697
0.186982
0.112519
0.145172
0.125158
0.148327
0.175694
0.133581
0.203418
0.161235
0.153934
0.142986
0.144944
0.156027
0.229620
0.125363
0.193531
0.145701
0.186784
0.194071
0.165110
0.085629
0.170208
0.120653
0.197642
0.141080
0.158915
0.188929
0.138914
0.144817
0.153750
0.167370
0.142432
0.139594
0.155974
0.111663
0.155021
0.131361
0.130582
0.164696
0.105930
0.146817
0.172366
0.136797
0.146697
0.180074
0.137543
0.153591
0.142725
0.159948
0.096563
0.155797
0.173853
0.163314
0.127960
0.164407
0.177831
0.158001
0.125839
0.169418
0.185221
0.201029
0.176489
0.138630
0.132864
0.165282
0.185150
0.167721
0.115185
0.145092
0.141601
0.152304
0.133826
0.154865
0.183125
0.215131
0.185280
0.118514
0.149115
0.176955
0.144116
0.161281
0.138471
0.149722
0.166176
0.150007
0.163692
0.181130
0.144420
0.152086
0.160277
0.121020
0.168308
0.159531
0.129179
0.188229
0.143034
0.155440
0.207219
0.127347
0.151380
0.154116
0.124843
0.162831
0.201308
0.136463
0.186542
0.149977
0.155126
0.163577
0.143386
0.161684
0.169927
0.096576
0.130079
0.156159
0.083382
0.163907
0.146730
0.156938
0.181467
0.135485
0.134718
0.179555
0.105953
0.161835
0.148575
0.153147
0.157882
0.137945
0.137846
0.139816
0.147652
0.149030
0.123892
0.160603
0.122005
0.140324
0.158165
0.157578
0.150044
0.181252
0.139405
0.161712
0.204806
0.135225
0.195292
0.158749
0.172421
0.166877
0.154974
