0.197155
0.133804
0.118688
0.131847
0.147948
0.155419
0.135547
0.135731
0.094430
0.119029
0.101437
0.141713
0.134505
0.119358
0.143975
0.115240
0.164742
0.150810
0.133162
0.117049
0.154115
0.133708
0.146209
0.117538
0.133186
0.133157
0.149981
0.108579
0.160801
0.135207
0.114379
0.130158
0.106750
0.135699
0.140649
0.104678
0.127758
0.147820
0.107198
0.137854
0.117769
0.148776
0.125998
0.110731
0.117291
0.141339
0.139446
0.107174
0.150467
0.167909
0.128268
0.126608
0.153642
0.126353
0.149037
0.161220
0.147344
0.140436
0.101060
0.142344
0.089230
0.109843
0.131436
0.139402
0.110822
0.134192
0.132527
0.139091
0.126666
0.115712
0.139459
0.133959
0.127097
0.120612
0.158371
0.105669
0.111648
0.130681
0.092848
0.139239
0.158076
0.127823
0.103640
0.157394
0.140101
0.102998
0.124176
0.141205
0.149387
0.119471
0.105276
0.152268
0.094285
0.139197
0.128263
0.122690
0.095662
0.121916
0.116081
0.144710
0.111315
0.151365
0.136925
0.143634
0.199926
0.126263
0.125093
0.119284
0.145592
0.123427
0.131604
0.133947
0.108974
0.112199
0.173509
0.134236
0.139762
0.105034
0.129251
0.108530
0.120804
0.114243
0.148975
0.122799
0.111895
0.156085
0.169225
0.128681
0.139405
0.154737
0.098015
0.164329
0.123896
0.151734
0.145992
0.131592
0.107339
0.159385
0.129419
0.117842
0.149833
0.132382
0.167801
0.121255
0.141747
0.143375
0.130378
0.150036
0.122660
0.153854
0.123499
0.135278
0.109336
0.129755
0.146137
0.120486
0.150648
0.138716
0.110105
0.142175
0.137960
0.107155
0.177469
0.149923
0.122270
0.151969
0.132470
0.159369
0.116870
0.146251
0.130429
0.095952
0.156112
0.127836
0.136749
0.151589
0.115153
0.120806
0.155181
0.107232
0.183787
0.205288
0.135176
0.176783
0.108832
0.128733
0.155827
0.115388
0.135343
0.094803
0.112320
0.112305
0.094719
0.135868
0.149441
0.122187
0.159835
0.164316
0.159611
0.142673
0.134610
0.175751
0.112254
0.147764
0.139402
0.123046
0.119416
0.136589
0.127903
0.142745
0.122502
0.097771
0.155322
0.129591
0.110838
0.155868
0.115681
0.127775
0.150364
0.130173
0.156792
0.107924
0.127928
0.124546
0.115958
0.186365
0.090588
0.101725
0.132789
0.134037
0.118984
0.132284
0.129171
0.122398
0.109254
0.145496
0.142821
0.099827
0.133484
0.120867
0.135981
0.120113
0.121669
0.138311
0.124045
0.154769
0.119677
0.125946
0.164743
0.147834
0.148449
0.130920
0.154699
0.139780
0.152131
0.147396
0.121981
0.124155
0.150252
0.142023
0.127024
0.154840
0.128268
0.115698
0.122164
0.165356
0.118348
0.113352
0.137396
0.109432
0.166003
0.165518
0.149121
0.195421
0.135015
0.120232
0.109464
0.124117
0.106197
0.132789
0.153125
0.128638
0.109794
0.163014
0.150336
0.136475
0.116014
0.106019
0.105620
0.112944
0.137990
0.142823
0.125979
0.133249
0.149595
0.127201
0.159949
0.157117
0.123549
0.161487
0.124408
0.151364
0.149059
0.096156
0.139581
0.104165
0.150883
0.104784
0.121521
0.116509
0.151706
0.118324
0.113893
0.164285
0.137235
0.135991
0.135430
0.122880
0.131884
0.119616
0.098577
0.145538
0.138834
0.123627
0.157483
0.146146
0.105687
0.160629
0.145128
0.112700
0.143878
0.149682
0.111824
0.188953
0.186243
0.146331
0.126458
0.090826
0.096606
0.149917
0.122943
0.103569
0.130886
0.162084
0.079347
0.125174
0.139783
0.122751
0.156444
0.160452
0.118925
0.135702
0.117332
0.118212
0.147978
0.153124
0.118537
0.150850
0.085606
0.131055
0.150433
0.156194
0.150430
0.154129
0.124933
0.154850
0.176514
0.126895
0.088710
0.166691
0.148506
0.100610
0.136946
0.093521
0.130224
0.120958
0.131571
0.113405
0.167243
0.150308
0.112329
0.131948
0.142177
0.084268
0.148745
0.150174
0.130337
0.117744
0.184609
0.146347
0.136515
0.176739
0.131203
0.129740
0.129751
0.115820
0.127810
0.143941
0.106791
0.103863
0.166063
0.137382
0.095292
0.149718
0.117321
0.111784
0.141393
0.138323
0.118155
0.164105
0.129570
0.139214
0.163877
0.140794
0.146787
0.164169
0.129287
0.153250
0.130439
0.153710
0.176261
0.131819
0.138183
0.141572
0.118973
0.176330
0.115679
0.169378
0.115141
0.125519
0.119968
0.163210
0.116508
0.114006
0.157888
0.113069
0.187871
0.102949
0.132931
0.092523
0.120887
0.149726
0.138265
0.162231
0.169792
0.221805
0.125815
0.145947
0.132663
0.150462
0.136692
0.109056
0.139020
0.148758
0.179564
0.161505
0.166826
0.149849
0.152887
0.105889
0.131501
0.148751
0.115498
0.149715
0.140755
0.125467
0.134700
0.121510
0.141202
0.156207
0.138828
0.118386
0.099965
0.177817
0.104420
0.135904
0.134135
0.113854
0.190445
0.147533
0.102517
0.185002
0.101882
0.154912
0.103052
0.113379
0.107550
0.154918
0.108852
0.117912
0.125900
0.137124
0.128423
0.139013
0.121029
0.129108
0.111048
0.163213
0.133651
0.140720
0.139725
0.116552
0.132447
0.137563
0.111496
0.182872
0.144711
0.121621
0.116528
0.122696
0.092686
0.146490
0.119324
0.142872
0.163976
0.132712
0.188402
0.162836
0.141173
0.197480
0.113356
0.129033
0.126592
0.131550
0.139419
0.162761
0.139513
0.123832
0.160812
0.148459
0.139852
0.143091
0.110909
0.146994
0.130954
0.113108
0.143945
0.129617
0.099273
0.139680
0.143481
0.136577
0.125109
0.123878
0.140349
0.154684
0.142799
0.137313
0.119987
0.144934
0.156029
0.113871
0.127132
0.146980
0.121192
0.125032
0.144807
0.106839
0.135073
0.119485
0.134610
0.116826
0.155122
0.149322
0.115939
0.177186
0.122723
0.143867
0.119901
0.124068
0.125987
0.125273
0.131763
0.097217
0.112844
0.125425
0.102496
0.102161
0.137234
0.093602
0.117766
0.167958
0.115859
0.155651
0.148946
0.099460
0.122403
0.104574
0.099653
0.136080
0.122242
0.114193
0.150551
0.143312
0.123013
0.135410
0.132811
0.148800
0.138605
0.120886
0.139915
0.115090
0.114027
0.118528
0.137562
0.135562
0.118903
0.152851
0.138014
0.109917
0.113679
0.124285
0.148732
0.153072
0.141510
0.144152
0.136718
0.136249
0.128899
0.127006
0.179191
0.141681
0.144986
0.142549
0.113276
0.134886
0.141434
0.117302
0.127919
0.122114
0.104994
0.092915
0.118421
0.099575
0.124859
0.137856
0.133627
0.121387
0.118153
0.120891
0.092416
0.131185
0.113868
0.120652
0.104609
0.150487
0.115044
0.104605
0.090842
0.128279
0.130164
0.130413
0.112279
0.103993
0.110986
0.129416
0.125063
0.123380
0.100368
0.149682
0.129431
0.135823
0.142463
0.150782
0.150465
0.133564
0.135852
0.122568
0.138899
0.134688
0.140370
0.112151
0.131419
0.126262
0.110337
0.134076
0.132711
0.131274
0.130088
0.140456
0.148265
0.123030
0.129932
0.120352
0.104069
0.134303
0.141160
0.152076
0.132000
0.127568
0.110697
0.114942
0.119724
0.134730
0.129266
0.132690
0.129226
0.141426
0.117932
0.112323
0.128858
0.127322
0.130583
0.129499
0.150967
0.137853
0.112721
0.118397
0.102037
0.132077
0.125804
0.121103
0.120867
0.143645
0.148751
0.120932
0.125904
0.112813
0.116510
0.113649
0.119082
0.099702
0.123516
0.113241
0.123146
0.109713
0.134372
0.162803
0.155259
0.167463
0.154750
0.182919
0.173644
0.127660
0.187321
0.186203
0.176646
0.100640
0.099917
0.120823
0.148996
0.153454
0.170970
0.189277
0.148066
0.193763
0.158722
0.151931
0.156992
0.152009
0.160568
0.132766
0.127905
0.172021
0.119637
0.094526
0.114316
0.132644
0.109860
0.106685
0.128183
0.125283
0.124740
0.130825
0.132030
0.121798
0.133409
0.143638
0.109062
0.110205
0.118310
0.146427
0.116782
0.129539
0.115828
0.106441
0.116616
0.125474
0.133387
0.165686
0.114025
0.128602
0.123159
0.134042
0.123945
0.121439
0.113137
0.144289
0.113856
0.126702
0.122036
0.132065
0.122299
0.131280
0.120736
0.105883
0.118183
0.125105
0.083004
0.129626
0.112508
0.119725
0.135280
0.121543
0.115569
0.126440
0.101540
0.112180
0.111736
0.110104
0.114643
0.130667
0.102535
0.121753
0.123218
0.124954
0.141491
0.123888
0.138391
0.144643
0.133958
0.117086
0.134998
0.123518
0.122336
0.124213
0.112548
0.103085
0.119225
0.123401
0.113703
0.116496
0.133076
0.131685
0.148000
0.125287
0.128345
0.132420
0.133761
0.130256
0.129903
0.120285
0.090762
0.097845
0.110252
0.120363
0.127847
0.125733
0.171744
0.130460
0.113233
0.164530
0.136335
0.124496
0.138278
0.136292
0.143414
0.106220
0.109585
0.120829
0.118830
0.103022
0.120203
0.141673
0.135360
0.123948
0.136697
0.146189
0.135623
0.150591
0.144887
0.152124
0.110391
0.120486
0.123796
0.105781
0.124343
0.112468
0.155279
0.173545
0.133198
0.130031
0.170488
0.137526
0.135323
0.144909
0.109583
0.153767
0.158507
0.138729
0.129307
0.103797
0.125929
0.134818
0.142614
0.129631
0.181438
0.152089
0.140294
0.135345
0.129194
0.156816
0.126058
0.142358
0.150919
0.135037
0.128621
0.096176
0.122710
0.098561
0.119075
0.124686
0.106216
0.134312
0.119890
0.154792
0.120092
0.131174
0.145120
0.093898
0.119410
0.131223
0.115505
0.142446
0.101315
0.135083
0.183372
0.132563
0.122638
0.119497
0.125763
0.165787
0.133062
0.122252
0.092938
0.115844
0.116282
0.151068
0.132868
0.127837
0.142493
0.160994
0.126408
0.162441
0.122644
0.123559
0.124068
0.119709
