0.00
452.56
413.41
534.91
456.94
500.52
486.46
500.59
402.10
436.09
407.14
486.64
279.38
422.86
240.08
367.29
289.59
304.19
258.93
399.21
301.82
308.09
303.03
337.60
301.01
352.94
298.85
260.13
254.96
227.43
287.21
205.13
250.88
204.61
240.20
195.81
238.61
183.67
182.34
167.96
150.36
249.62
194.63
210.71
308.94
293.98
281.18
292.31
282.87
310.25
310.45
271.72
276.34
292.06
238.24
254.01
228.79
207.21
200.65
271.13
283.13
284.99
283.01
237.45
265.78
252.20
225.02
204.51
194.25
194.07
166.72
186.58
141.37
158.81
145.41
142.35
117.63
117.81
131.52
150.28
119.06
121.65
87.50
78.69
91.97
84.81
136.32
93.46
103.58
87.04
60.33
68.01
87.76
67.36
65.57
71.25
91.76
77.96
78.22
80.12
52.25
56.81
86.94
97.91
70.70
93.78
57.73
76.71
69.64
90.93
95.13
64.36
94.38
99.21
68.44
90.48
145.82
129.33
149.80
166.90
171.04
207.49
174.63
147.53
120.89
117.74
96.50
89.87
130.65
132.02
169.51
175.82
163.74
192.62
177.50
188.01
161.89
168.92
153.78
202.49
259.73
201.78
233.56
222.10
202.70
325.80
256.28
312.26
247.45
202.48
175.50
183.71
119.14
151.34
223.06
156.51
201.90
249.50
276.96
287.17
235.58
207.10
158.90
162.06
115.45
136.18
107.16
92.15
92.81
78.85
174.68
184.94
220.16
195.51
160.54
152.00
177.83
214.08
172.07
185.70
176.68
186.34
241.09
191.46
236.36
172.76
153.90
164.09
143.85
141.53
174.71
163.36
163.53
128.00
161.05
188.55
153.30
123.60
178.21
145.98
