0.00
0.73
0.48
0.68
0.65
0.72
0.53
0.74
0.70
0.72
0.52
0.75
0.49
0.75
0.67
0.58
0.77
0.54
0.77
0.68
0.68
0.75
0.53
0.70
0.61
0.67
0.63
0.70
0.59
0.66
0.67
0.71
0.62
0.51
0.67
0.58
0.66
0.69
0.55
0.60
0.68
0.49
0.63
0.54
0.63
0.53
0.54
0.66
0.64
0.62
0.54
0.60
0.53
0.55
0.59
0.68
0.57
0.52
0.70
0.55
0.55
0.60
0.69
0.57
0.65
0.56
0.70
0.65
0.53
0.67
0.68
0.56
0.68
0.64
0.70
0.65
0.72
0.70
0.65
0.71
0.64
0.75
0.66
0.60
0.71
0.69
0.70
0.68
0.67
0.73
0.70
0.70
0.68
0.70
0.69
0.68
0.72
0.67
0.65
0.58
0.73
0.67
0.67
0.65
0.70
0.53
0.67
0.64
0.60
0.66
0.59
0.70
0.66
0.68
0.59
0.66
0.69
0.69
0.67
0.62
0.69
0.54
0.68
0.76
0.73
0.64
0.69
0.69
0.63
0.68
0.65
0.65
0.66
0.58
0.61
0.68
0.66
0.63
0.67
0.64
0.71
0.59
0.62
0.71
0.57
0.69
0.63
0.66
0.62
0.61
0.64
0.61
0.69
0.58
0.66
0.64
0.72
0.67
0.69
0.70
0.64
0.70
0.66
0.66
0.68
0.69
0.74
0.65
0.70
0.66
0.70
0.68
0.66
0.68
0.64
0.68
0.68
0.66
0.59
0.65
0.64
0.55
0.62
0.60
0.66
0.68
0.67
0.63
0.68
0.64
0.66
0.59
0.62
0.64
0.54
0.62
0.62
0.58
0.50
0.59
0.62
0.61
0.62
0.60
0.61
0.63
0.60
0.67
0.62
0.68
0.65
0.61
0.66
0.66
0.57
0.64
0.64
0.61
0.56
0.62
0.64
0.64
0.63
0.63
0.60
0.61
0.63
0.61
0.63
0.64
0.62
0.63
0.65
0.58
0.64
0.54
0.56
0.64
0.52
0.61
0.63
0.64
0.62
0.64
0.60
0.63
0.60
0.65
0.66
0.51
0.59
0.64
0.52
0.68
0.66
0.67
0.63
0.66
0.67
0.65
0.64
0.70
0.68
0.70
0.66
0.70
0.66
0.69
0.72
0.70
0.72
0.74
0.75
0.73
0.76
0.72
0.77
0.73
0.73
0.77
0.75
0.80
0.76
0.74
0.73
0.77
0.73
0.75
0.69
0.74
0.72
0.74
0.70
0.69
0.63
0.71
0.64
0.64
0.72
0.71
0.70
0.64
0.55
0.58
0.57
0.66
0.70
0.60
0.49
0.39
0.33
0.49
0.61
0.56
0.58
0.60
0.62
0.60
0.55
0.64
0.52
0.63
0.57
0.57
0.57
0.62
0.59
0.55
0.60
0.58
0.59
0.53
0.57
0.64
0.59
0.63
0.55
0.57
0.63
0.67
0.61
0.54
0.65
0.64
0.66
0.60
0.65
0.64
0.67
0.66
0.67
0.69
0.63
0.68
0.65
0.65
0.62
0.60
0.66
0.63
0.67
0.62
0.68
0.64
0.65
0.66
0.67
0.66
0.69
0.68
0.70
0.67
0.67
0.70
0.69
0.68
0.71
0.69
0.72
0.72
0.74
0.77
0.69
0.75
0.73
0.74
0.73
0.75
0.67
0.69
0.73
0.73
0.71
0.67
0.60
0.71
0.71
0.73
0.69
0.70
0.64
0.66
0.70
0.67
0.70
0.67
0.70
0.69
0.72
0.70
0.73
0.67
0.67
0.71
