0.00
558.47
568.23
570.13
567.79
566.61
563.71
564.64
566.81
562.39
551.09
554.98
548.49
527.07
547.33
533.40
513.16
530.31
535.60
532.42
527.43
506.21
510.21
528.38
518.55
507.08
521.50
487.71
523.91
501.14
516.69
502.93
516.99
528.76
524.26
525.85
523.04
518.85
535.72
506.07
518.88
519.65
528.48
510.08
530.02
507.87
508.95
495.83
494.69
488.31
469.39
496.88
449.23
468.98
444.93
458.34
419.49
426.59
387.14
375.46
367.59
406.60
293.71
373.20
288.18
382.76
245.81
287.91
279.29
316.84
355.10
305.18
342.70
333.72
351.54
323.50
388.75
363.11
386.81
356.80
324.45
326.96
339.33
331.38
313.97
281.64
220.03
251.82
213.36
214.94
292.95
259.59
223.99
230.90
233.73
214.54
189.01
108.83
173.55
187.93
130.16
118.16
116.69
110.93
121.08
71.87
113.59
141.10
178.35
199.32
173.26
255.91
249.14
288.99
223.16
247.45
270.24
288.43
221.37
200.00
190.36
194.02
178.55
189.77
280.50
297.26
296.23
213.51
286.46
220.10
330.01
190.79
237.89
238.54
205.89
209.82
279.37
316.13
274.69
323.29
332.36
316.03
368.90
369.19
300.83
279.38
355.80
340.10
346.33
324.00
351.44
373.87
402.80
435.69
415.64
460.98
451.73
424.46
430.32
439.03
423.59
429.55
432.74
434.00
434.60
438.11
428.62
447.97
433.77
457.91
431.21
415.52
469.30
450.64
440.65
435.66
428.92
458.06
452.94
440.84
461.37
433.20
445.24
432.53
414.74
448.41
432.31
433.57
430.42
416.23
408.76
402.26
420.41
415.44
387.69
412.21
391.03
405.17
372.78
425.12
400.72
385.97
406.33
419.12
398.58
396.69
394.20
379.05
401.10
403.30
385.97
393.37
385.57
416.91
359.83
339.14
335.48
393.98
407.29
389.67
426.68
369.19
399.60
387.07
390.89
359.07
420.05
434.25
417.03
420.26
376.38
384.06
362.51
375.72
356.14
342.60
298.25
346.32
307.65
337.54
349.01
364.71
338.28
329.04
294.40
336.42
273.38
299.34
330.36
325.79
322.75
327.10
347.52
314.46
315.96
280.96
323.73
273.41
245.51
259.43
239.92
148.42
94.29
100.31
95.82
173.78
178.71
150.15
187.40
159.08
192.30
142.93
176.91
200.22
226.10
215.97
236.54
208.69
186.96
238.19
228.44
279.87
285.82
279.68
288.43
343.17
337.31
362.19
376.24
427.34
422.57
424.96
427.37
417.96
424.40
416.09
413.89
395.14
372.86
389.34
378.56
376.15
387.54
391.53
382.69
395.65
400.40
386.36
367.53
405.83
381.43
401.49
424.15
359.61
420.70
438.51
415.72
428.00
414.05
416.57
402.50
437.72
445.52
435.46
428.22
403.40
433.97
411.94
389.74
399.59
392.07
390.90
402.00
377.34
401.95
382.85
406.10
428.12
355.29
395.28
359.51
406.91
395.21
403.43
392.91
410.33
404.57
409.32
412.10
443.85
441.24
419.55
435.39
410.78
430.13
432.92
415.23
453.82
450.86
