0.00
0.75
0.71
0.73
0.70
0.77
0.73
0.69
0.59
0.67
0.71
0.76
0.73
0.72
0.68
0.74
0.66
0.70
0.69
0.78
0.69
0.71
0.64
0.68
0.71
0.77
0.73
0.74
0.72
0.75
0.74
0.74
0.74
0.74
0.73
0.70
0.73
0.70
0.66
0.71
0.75
0.66
0.74
0.60
0.74
0.64
0.66
0.65
0.68
0.67
0.63
0.71
0.68
0.68
0.66
0.61
0.64
0.62
0.64
0.61
0.65
0.63
0.56
0.63
0.61
0.58
0.55
0.61
0.60
0.61
0.53
0.63
0.61
0.61
0.65
0.63
0.61
0.62
0.64
0.65
0.65
0.56
0.60
0.65
0.70
0.66
0.68
0.68
0.63
0.65
0.56
0.63
0.64
0.63
0.60
0.67
0.63
0.70
0.70
0.67
0.68
0.65
0.67
0.67
0.69
0.69
0.73
0.61
0.61
0.65
0.66
0.61
0.61
0.55
0.67
0.59
0.66
0.67
0.60
0.58
0.60
0.55
0.65
0.54
0.68
0.58
0.70
0.61
0.68
0.54
0.64
0.58
0.57
0.57
0.66
0.56
0.58
0.64
0.48
0.66
0.46
0.48
0.52
0.47
0.50
0.56
0.48
0.52
0.53
0.63
0.51
0.64
0.42
0.48
0.56
0.40
0.51
0.42
0.36
0.44
0.54
0.41
0.41
0.53
0.48
0.42
0.42
0.40
0.50
0.45
0.42
0.46
0.41
0.44
0.40
0.44
0.38
0.50
0.49
0.40
0.47
0.40
0.40
0.48
0.33
0.37
0.37
0.39
0.37
0.30
0.31
0.41
0.48
0.39
0.41
0.33
0.35
0.40
0.40
0.36
0.33
0.39
0.39
0.37
0.29
0.34
0.30
0.26
0.36
0.31
0.35
0.27
0.29
0.33
0.32
0.27
0.43
0.33
0.39
0.34
0.19
0.37
0.21
0.29
0.23
0.15
0.19
0.44
0.44
0.50
0.43
0.43
0.52
0.54
0.55
0.51
0.40
0.41
0.52
0.33
0.47
0.48
0.57
0.51
0.43
0.50
0.38
0.45
0.55
0.56
0.40
0.64
0.51
0.48
0.51
0.62
0.51
0.60
0.50
0.57
0.50
0.60
0.57
0.52
0.54
0.47
0.55
0.49
0.48
0.43
0.53
0.46
0.50
0.49
0.48
0.47
0.42
0.39
0.29
0.21
0.31
0.40
0.37
0.45
0.56
0.53
0.63
0.60
0.55
0.55
0.51
0.48
0.50
0.54
0.54
0.58
0.57
0.56
0.59
0.55
0.58
0.61
0.57
0.56
0.59
0.60
0.55
0.55
0.52
0.55
0.56
0.54
0.62
0.63
0.64
0.62
0.62
0.49
0.61
0.63
0.60
0.60
0.63
0.55
0.59
0.54
0.59
0.60
0.64
0.58
0.61
0.54
0.59
0.61
0.59
0.60
0.67
0.65
0.56
0.65
0.67
0.61
0.68
0.59
0.63
0.65
0.62
0.58
0.63
0.57
0.59
0.58
0.64
0.61
0.64
0.64
0.63
0.62
0.62
0.64
0.55
0.69
0.67
0.63
0.68
0.67
0.67
0.63
0.65
0.63
0.67
0.69
0.69
0.58
0.55
0.64
0.58
0.63
0.62
0.68
0.69
0.66
0.65
0.67
0.68
0.63
0.69
0.68
0.68
0.68
0.70
0.66
0.60
0.63
0.62
0.61
0.59
0.62
0.56
0.69
0.67
0.60
0.60
0.58
0.71
0.67
0.66
0.67
0.63
0.66
0.69
0.64
0.57
0.55
0.65
0.70
0.70
0.67
0.67
0.60
0.54
0.59
0.58
0.34
0.60
0.59
0.63
0.63
0.50
0.54
0.63
0.47
0.51
0.64
0.61
0.68
0.69
0.69
0.69
0.69
