0.112751
0.099555
0.090686
0.095586
0.082178
0.074112
0.093176
0.087642
0.081951
0.086055
0.109347
0.087905
0.120502
0.131451
0.155403
0.141173
0.132204
0.138444
0.163439
0.169468
0.143953
0.139455
0.158493
0.155933
0.155881
0.142862
0.153141
0.142794
0.132064
0.163185
0.113831
0.155586
0.138117
0.128375
0.142973
0.154616
0.157478
0.148378
0.142508
0.180437
0.154238
0.175799
0.192060
0.169708
0.167021
0.171378
0.151954
0.149421
0.164727
0.170453
0.119305
0.179548
0.144773
0.167153
0.125540
0.118813
0.142440
0.130730
0.144120
0.147219
0.139981
0.184839
0.143709
0.133375
0.139109
0.158985
0.173778
0.133315
0.151192
0.145478
0.160269
0.159481
0.151690
0.154579
0.115297
0.133366
0.136929
0.167816
0.129699
0.147578
0.156035
0.135957
0.139544
0.140101
0.178932
0.146588
0.127232
0.130384
0.113757
0.146360
0.144088
0.163935
0.133842
0.128143
0.142506
0.109390
0.142370
0.159125
0.122457
0.153516
0.143713
0.133325
0.122674
0.155117
0.157435
0.146067
0.145705
0.148854
0.174099
0.160373
0.129645
0.157332
0.147628
0.136955
0.139855
0.184970
0.158056
0.157450
0.132630
0.180005
0.149389
0.157954
0.134857
0.168117
0.133063
0.167620
0.144305
0.153364
0.134210
0.163828
0.157556
0.197890
0.148675
0.122334
0.145667
0.148433
0.151994
0.155022
0.151452
0.155162
0.159536
0.175315
0.151855
0.136373
0.132611
0.116226
0.128032
0.161844
0.137319
0.137573
0.145975
0.146204
0.135588
0.190970
0.158245
0.154781
0.149801
0.140859
0.154684
0.138007
0.146908
0.164256
0.143396
0.149015
0.141199
0.152066
0.147347
0.151644
0.136096
0.147002
0.159439
0.153716
0.144400
0.148198
0.150505
0.129943
0.150547
0.145161
0.165030
0.137053
0.170732
0.174199
0.161039
0.156817
0.137590
0.182759
0.180298
0.148064
0.168220
0.119995
0.161579
0.152779
0.173850
0.167457
0.157327
0.171072
0.188231
0.131804
0.155163
0.151389
0.168101
0.169120
0.125503
0.159466
0.140038
0.163939
0.190658
0.152759
0.122256
0.168873
0.170391
0.204249
0.132625
0.174203
0.182325
0.161268
0.164308
0.157275
0.200137
0.148515
0.130249
0.192105
0.157971
0.116255
0.162577
0.182838
0.128749
0.202389
0.163740
0.172404
0.184892
0.190307
0.186899
0.122024
0.166059
0.155447
0.155432
0.155084
0.126523
0.145146
0.170236
0.182289
0.170547
0.225508
0.167840
0.130626
0.109359
0.159677
0.153360
0.164174
0.111465
0.139331
0.165141
0.146264
0.127119
0.116174
0.148677
0.128723
0.135421
0.134302
0.133596
0.125740
0.101491
0.127961
0.118306
0.117461
0.118644
0.105689
0.129060
0.143621
0.185990
0.204777
0.113147
0.170516
0.150610
0.138287
0.161549
0.151429
0.160310
0.144299
0.143759
0.100271
0.115797
0.094132
0.121258
0.159914
0.163110
0.122261
0.169090
0.146414
0.159863
0.132254
0.130576
0.124621
0.144758
