0.00
0.88
0.92
0.91
0.91
0.91
0.91
0.91
0.91
0.90
0.90
0.90
0.89
0.88
0.87
0.87
0.89
0.88
0.88
0.89
0.87
0.89
0.88
0.88
0.88
0.88
0.87
0.88
0.87
0.87
0.86
0.86
0.85
0.86
0.85
0.87
0.86
0.88
0.87
0.88
0.88
0.88
0.87
0.86
0.88
0.87
0.88
0.88
0.87
0.86
0.84
0.86
0.81
0.81
0.83
0.82
0.79
0.84
0.80
0.78
0.79
0.80
0.69
0.80
0.77
0.77
0.77
0.71
0.71
0.73
0.68
0.72
0.69
0.67
0.62
0.66
0.69
0.66
0.62
0.64
0.69
0.70
0.62
0.64
0.68
0.64
0.72
0.71
0.69
0.71
0.63
0.64
0.72
0.67
0.70
0.70
0.71
0.71
0.72
0.68
0.71
0.71
0.72
0.78
0.78
0.74
0.74
0.76
0.75
0.77
0.75
0.80
0.77
0.79
0.80
0.79
0.79
0.71
0.80
0.78
0.79
0.79
0.79
0.81
0.78
0.78
0.80
0.81
0.80
0.82
0.78
0.77
0.78
0.79
0.77
0.84
0.79
0.81
0.80
0.70
0.77
0.76
0.73
0.77
0.73
0.76
0.82
0.80
0.74
0.67
0.62
0.68
0.74
0.80
0.77
0.73
0.64
0.67
0.70
0.68
0.64
0.78
0.71
0.74
0.74
0.72
0.71
0.72
0.69
0.70
0.68
0.70
0.61
0.69
0.59
0.61
0.52
0.52
0.36
0.47
0.29
0.34
0.49
0.37
0.34
0.44
0.36
0.33
0.30
0.26
0.28
0.23
0.24
0.19
0.29
0.24
0.35
0.44
0.30
0.25
0.23
0.25
0.24
0.38
0.53
0.44
0.42
0.55
0.42
0.54
0.43
0.44
0.36
0.30
