0.00
551.93
568.96
566.33
566.78
567.12
566.91
565.83
565.56
565.70
564.68
563.93
562.77
558.53
555.75
553.02
559.18
557.27
554.89
559.06
553.59
558.57
552.78
555.93
556.06
557.23
554.83
558.48
554.49
553.38
552.78
551.10
546.40
548.83
549.53
552.44
552.54
562.12
556.77
563.59
561.61
564.51
562.25
562.00
564.72
562.68
564.57
563.62
563.03
563.40
561.71
564.79
560.42
559.00
561.11
561.53
560.47
562.86
562.85
559.13
556.66
561.31
550.18
561.10
557.17
557.08
557.91
551.71
553.83
555.08
548.90
547.10
547.92
541.58
533.57
542.32
539.51
536.43
525.63
527.94
535.92
539.64
527.64
532.69
538.99
525.13
540.59
541.95
535.61
538.05
507.34
513.96
527.88
511.87
507.31
523.25
521.41
521.40
518.33
504.11
521.74
520.24
519.67
532.34
526.75
521.84
519.82
525.32
520.07
517.26
509.24
533.52
520.06
522.06
532.52
525.12
532.08
471.30
531.73
515.70
521.19
519.89
523.19
532.01
513.64
518.08
516.48
537.70
514.69
534.53
524.80
514.05
519.14
520.93
520.71
540.18
525.63
537.13
526.61
507.49
515.75
529.92
515.29
535.58
532.28
528.62
545.29
539.29
533.88
512.97
505.77
523.00
527.20
535.89
518.27
526.53
486.67
494.89
520.35
498.54
500.51
509.38
482.99
496.07
486.02
466.34
478.08
469.12
435.61
434.34
429.21
429.72
354.84
426.50
367.77
368.55
295.55
292.22
246.26
255.16
153.55
165.50
328.11
253.71
212.12
238.81
261.21
164.80
150.29
130.98
133.53
125.14
107.17
88.30
103.85
98.56
150.87
153.66
120.29
103.80
178.72
171.22
88.08
119.29
178.07
162.81
159.96
205.41
192.29
207.30
168.77
174.91
173.14
139.75
