0.00
0.75
0.70
0.84
0.75
0.79
0.79
0.80
0.70
0.74
0.70
0.79
0.63
0.73
0.57
0.69
0.62
0.63
0.59
0.70
0.61
0.63
0.61
0.65
0.63
0.68
0.63
0.60
0.59
0.58
0.62
0.52
0.58
0.52
0.57
0.52
0.56
0.47
0.49
0.47
0.43
0.60
0.54
0.60
0.68
0.66
0.64
0.66
0.63
0.67
0.69
0.62
0.64
0.63
0.57
0.59
0.56
0.55
0.53
0.58
0.59
0.60
0.62
0.55
0.61
0.58
0.55
0.54
0.55
0.55
0.50
0.54
0.49
0.52
0.51
0.51
0.47
0.47
0.48
0.52
0.48
0.49
0.42
0.39
0.46
0.42
0.51
0.42
0.46
0.39
0.34
0.35
0.40
0.34
0.37
0.34
0.43
0.37
0.40
0.39
0.31
0.33
0.40
0.44
0.37
0.41
0.32
0.35
0.35
0.42
0.43
0.34
0.42
0.41
0.32
0.38
0.47
0.48
0.50
0.52
0.53
0.57
0.54
0.50
0.46
0.46
0.40
0.41
0.47
0.47
0.53
0.53
0.50
0.56
0.54
0.56
0.51
0.55
0.50
0.54
0.64
0.54
0.59
0.57
0.53
0.69
0.59
0.67
0.61
0.59
0.56
0.52
0.45
0.51
0.60
0.51
0.55
0.62
0.64
0.65
0.59
0.54
0.51
0.52
0.47
0.48
0.47
0.44
0.45
0.40
0.55
0.53
0.58
0.56
0.53
0.51
0.53
0.56
0.52
0.52
0.52
0.53
0.59
0.53
0.61
0.53
0.50
0.54
0.51
0.50
0.55
0.54
0.52
0.49
0.54
0.57
0.55
0.48
0.56
0.53
