0.228944
0.191095
0.179647
0.126765
0.140103
0.146022
0.131140
0.128902
0.141515
0.137160
0.149175
0.118229
0.177352
0.120324
0.151815
0.132648
0.232765
0.146016
0.108453
0.147192
0.195487
0.122943
0.118944
0.153989
0.148346
0.163089
0.134950
0.164182
0.127757
0.137059
0.140517
0.130840
0.144311
0.165577
0.135086
0.140685
0.120769
0.152522
0.136700
0.129387
0.158619
0.144643
0.110449
0.122695
0.130451
0.123482
0.136407
0.129066
0.120461
0.156229
0.122387
0.150357
0.130111
0.121719
0.178908
0.124590
0.163011
0.168343
0.175876
0.134393
0.146657
0.170678
0.156932
0.147528
0.162044
0.160113
0.155989
0.158846
0.151123
0.162355
0.152370
0.159029
0.134192
0.151937
0.132090
0.142148
0.178702
0.165457
0.157053
0.223854
0.141878
0.191432
0.183804
0.159953
0.135871
0.137266
0.143100
0.153217
0.146980
0.132871
0.139027
0.180629
0.125933
0.173088
0.182106
0.133072
0.132987
0.169295
0.158997
0.189677
0.143007
0.129069
0.155018
0.142747
0.115084
0.127729
0.149026
0.116342
0.152031
0.184338
0.199098
0.192062
0.151403
0.178836
0.195261
0.163346
0.133474
0.155109
0.135072
0.148235
0.164425
0.177126
0.226526
0.159572
0.190778
0.198040
0.182961
0.156448
0.146045
0.148478
0.154549
0.187631
0.162317
0.107085
0.149623
0.147835
0.142295
0.226567
0.129833
0.189460
0.138907
0.149512
0.121403
0.152880
0.180635
0.148127
0.132126
0.155120
0.124229
0.177184
0.163144
0.125573
0.150021
0.143182
0.154449
0.165398
0.168426
0.199672
0.140950
0.218319
0.119325
0.171486
0.114284
0.145783
0.151539
0.133728
0.163694
0.126574
0.133010
0.128564
0.137872
0.140386
0.176133
0.134193
0.173386
0.134042
0.158121
0.145866
0.166063
0.125110
0.174925
0.110808
0.172070
0.151763
0.137620
0.175284
0.154003
0.169222
0.145149
0.191407
0.175775
0.111708
0.194084
0.198374
0.186303
0.103541
0.093748
0.110243
0.107017
0.097933
0.110134
0.111691
0.141395
0.112333
0.103376
0.122125
0.150299
0.125269
0.127301
0.127639
0.118032
0.146374
0.118854
0.107846
0.118709
0.129398
0.203619
0.186449
0.185677
0.183151
0.222018
0.174110
0.189491
0.224403
0.133058
0.211793
0.139475
0.135783
0.208209
0.248473
0.162493
0.153633
0.183689
0.165251
0.237880
0.192339
0.213406
0.240968
0.156343
0.196050
0.150831
0.150357
0.215086
0.157080
0.134656
0.186452
0.202902
0.181399
0.181247
0.189992
0.184524
0.148232
0.193786
0.141739
0.136366
0.167756
0.193292
0.183258
0.234411
0.252932
0.218431
0.258503
0.224511
0.149483
0.208275
0.200193
0.171859
0.198316
0.193027
0.174423
0.235275
0.288506
0.175502
0.176556
0.225880
0.193634
0.181235
0.185898
0.165341
0.178069
0.208859
0.189616
0.188176
0.192019
0.149385
0.157990
0.208676
0.162383
0.195748
0.188213
0.145909
0.159222
0.156584
0.155838
0.157605
0.208052
0.175741
0.210084
0.173030
0.156057
0.177066
0.213959
0.170039
0.142860
0.210082
0.148765
0.117871
0.206650
0.204391
0.152110
0.191588
0.169905
0.142796
0.163530
0.156310
0.164632
0.147465
0.169418
0.163572
0.165173
0.182147
0.175583
0.203713
0.193005
0.152599
0.179107
0.280387
0.193256
0.143282
0.231648
0.194345
0.149991
0.206686
0.195148
0.151382
0.121047
0.185478
0.185587
0.190056
0.195582
0.208157
0.154061
0.226406
0.232414
0.152561
0.217364
0.213560
0.172489
0.205536
0.147898
0.189859
0.211142
0.220829
0.160720
0.201647
0.171705
0.142880
0.166683
0.187864
