0.226227
0.127384
0.100955
0.135382
0.130754
0.097142
0.113548
0.141493
0.110873
0.153927
0.145999
0.141226
0.126941
0.130287
0.156007
0.135756
0.126153
0.151006
0.147696
0.146759
0.154894
0.147884
0.151518
0.141247
0.124503
0.139025
0.177346
0.152984
0.140087
0.152215
0.139033
0.134184
0.139241
0.151062
0.142576
0.140354
0.136220
0.148036
0.124362
0.145358
0.139062
0.141184
0.139421
0.165715
0.146793
0.158123
0.131343
0.130642
0.112982
0.147069
0.118154
0.138540
0.119694
0.130623
0.151647
0.147669
0.132263
0.130592
0.105677
0.127051
0.153464
0.120876
0.155163
0.135461
0.123339
0.175890
0.144436
0.126758
0.150337
0.140532
0.147868
0.138254
0.164156
0.182688
0.137778
0.139346
0.149598
0.112903
0.134475
0.138040
0.114893
0.145216
0.103135
0.126300
0.122507
0.127108
0.133623
0.125620
0.127735
0.122321
0.157946
0.126255
0.141473
0.141681
0.126073
0.122107
0.113051
0.134883
0.144817
0.144257
0.160318
0.163714
0.148813
0.154311
0.128389
0.112232
0.139446
0.126289
0.126830
0.137928
0.169332
0.131338
0.135878
0.148524
0.154580
0.125750
0.161545
0.131061
0.134919
0.134004
0.139845
0.151039
0.142756
0.119275
0.171943
0.140996
0.141670
0.125503
0.161065
0.123888
0.114016
0.138106
0.149209
0.129141
0.118478
0.136113
0.119678
0.127665
0.142362
0.115204
0.115799
0.140882
0.144334
0.123347
0.129314
0.139810
0.134651
0.151108
0.156525
0.142095
0.129989
0.105583
0.120046
0.139013
0.171017
0.128824
0.138007
0.162610
0.125786
0.137563
0.167739
0.132522
0.137985
0.123608
0.106360
0.149864
0.182121
0.084865
0.110326
0.116215
0.114820
0.122555
0.141281
0.166733
0.131054
0.138695
0.113880
0.133382
0.146628
0.135470
0.137264
0.152674
0.112078
0.129500
0.138166
0.133167
0.148971
0.124398
0.098296
0.141639
0.135202
0.116030
0.145820
0.162950
0.143014
0.107012
0.116407
0.108571
0.121884
0.127700
0.112357
0.121603
0.125856
0.118335
0.145694
0.114438
0.109254
0.129391
0.152674
0.160440
0.149711
0.144816
0.133560
0.108861
0.132071
0.153211
0.119581
0.131273
0.105512
0.124959
0.127490
0.109926
0.136078
0.150534
0.121789
0.120392
0.148736
0.133296
0.130083
0.120037
0.131429
0.151316
0.142203
0.167767
0.157677
0.115021
0.152042
0.150786
0.137354
0.141479
0.124134
0.144142
0.152492
0.130017
0.108305
0.115980
0.123217
0.118333
0.109457
0.107471
0.133299
0.147015
0.140539
0.118311
0.108090
0.132465
0.114325
0.133684
0.101953
0.123404
0.132721
0.142989
0.148025
0.161686
0.119784
0.123296
0.159236
0.126338
0.147558
0.128658
0.149500
0.123129
0.126183
0.138043
0.127867
0.115682
0.138117
0.132606
0.146070
0.147732
0.147443
0.127230
0.137883
0.145074
0.145841
0.150545
0.150043
0.134174
0.134804
0.177149
0.128427
0.134660
0.132750
0.140144
0.145213
0.142734
0.128348
0.137658
0.108088
0.123391
0.108321
0.131402
0.106186
0.096445
0.125036
0.113265
0.124583
0.129154
0.114858
0.147997
0.117897
0.137810
0.150228
0.128990
0.142829
0.159560
0.146438
0.129203
0.108152
0.125605
0.133134
0.136183
0.140082
0.146558
0.144729
0.129212
0.124166
0.117653
0.115023
0.140383
0.123182
0.132944
0.132998
0.124908
0.145936
0.168199
0.121159
0.127936
0.113747
0.101388
0.134003
0.115138
0.114624
0.120780
0.122222
0.120806
0.089650
0.126294
0.107931
0.184774
0.166160
0.155536
0.133862
0.124859
0.127298
0.135900
0.158219
0.125306
0.145880
0.138294
0.140406
0.134417
0.142573
0.139718
0.129368
0.141703
0.119376
0.128670
0.128587
0.143239
0.116291
0.119812
0.134275
0.157267
0.151720
0.122669
0.137605
0.170606
0.132517
0.138643
0.146011
0.144824
0.123070
0.179678
0.122952
0.148526
0.123174
0.121924
0.116535
0.147279
0.115284
0.144157
0.152340
0.118788
0.111628
0.118895
0.140211
0.139746
0.156751
0.128433
0.142334
0.101813
0.154960
0.139053
0.150916
0.150630
0.100827
0.161273
0.168372
0.127180
0.174890
0.122540
0.123941
0.121084
0.121260
0.116863
0.136939
0.138473
0.163338
0.139952
0.108234
0.142852
0.128124
0.158969
0.143303
0.134423
0.116108
0.114135
0.134250
0.135700
0.119925
0.148604
0.147415
0.146858
0.111310
0.135858
0.147568
0.115242
0.141869
0.110896
0.148773
0.112194
0.130149
0.124315
0.123768
0.137002
0.119402
0.170957
0.114773
0.143193
0.161421
0.122225
0.129847
0.131007
0.128928
0.131798
0.127963
0.136493
0.133919
0.146078
0.134179
0.141158
0.095201
0.137153
0.133113
0.156247
0.151062
0.136762
0.118525
0.147688
0.133757
0.153727
0.131496
0.140599
0.157929
0.117056
0.129041
0.162343
0.124610
0.157246
0.144778
0.132882
0.149441
0.149257
0.134713
0.154669
0.143047
0.126445
0.158573
0.139847
0.133266
0.140957
0.146162
0.151951
0.118353
0.127635
0.114085
0.141491
0.131077
0.161548
0.128032
0.145686
0.139097
0.132875
0.140108
0.103779
0.118461
0.145617
0.139361
0.138080
0.140434
0.155307
0.141046
0.148932
0.140192
0.139802
0.147790
0.124319
0.104846
0.127141
0.149284
0.128168
0.134636
0.090874
0.134763
0.128825
0.157403
0.173346
0.131497
0.132835
0.144695
0.129982
0.123065
0.129996
0.140780
0.132387
0.162284
0.130855
0.127680
0.105521
0.122637
0.132248
0.154032
0.122736
0.130493
0.154980
0.115415
0.161057
0.164083
0.125624
0.132114
0.135135
0.138695
0.108089
0.136441
0.143186
0.128210
0.128185
0.120903
0.139622
0.143986
0.131310
0.108564
0.122997
0.139547
0.135100
0.113598
0.107815
0.117806
0.147308
0.157025
0.170585
0.155017
0.138846
0.172664
0.125292
0.116620
0.141127
0.124241
0.153386
0.147350
0.129089
0.128825
0.126055
0.157626
0.141945
0.132525
0.132951
0.127778
0.144037
0.134234
0.135743
0.138365
0.113621
0.148591
0.117071
0.119299
0.136873
0.118177
0.144855
0.127027
0.124497
0.148343
0.134981
0.158294
0.129551
0.140451
0.122039
0.137663
0.124583
0.098321
0.173661
0.127176
0.154569
0.140942
0.180598
0.138463
0.157387
0.132174
0.120917
0.161143
0.130779
0.143225
0.116619
0.140841
0.137730
0.140124
0.173252
0.093619
0.142063
0.125728
0.136647
0.138792
0.113698
0.150146
0.129866
0.147677
0.121511
0.126698
0.170796
0.156064
0.127313
0.156540
0.126735
0.174662
0.157229
0.153058
0.156847
0.142012
0.156311
0.153516
0.125243
0.129941
0.148512
0.143624
0.168856
0.095490
0.112180
0.122717
0.143795
0.107999
0.120899
0.152340
0.121746
0.112895
0.122762
0.142780
0.095627
0.111642
0.127310
0.133166
0.140810
0.127965
0.121773
0.126660
0.133529
0.135820
0.127464
0.124972
0.122551
0.149899
0.114365
0.127110
0.144961
0.158208
0.146339
0.135392
0.130642
0.149347
0.131401
0.121280
0.124391
0.146225
0.109069
0.137919
