0.200196
0.168548
0.126803
0.151000
0.144244
0.147297
0.138388
0.163154
0.123524
0.126465
0.127324
0.118533
0.104388
0.139021
0.146191
0.116560
0.119881
0.129819
0.120037
0.129105
0.134825
0.137037
0.128932
0.137886
0.143429
0.130744
0.173060
0.151406
0.112303
0.129117
0.132098
0.148869
0.125027
0.137008
0.144500
0.132294
0.094802
0.122390
0.110411
0.138715
0.114314
0.144351
0.120236
0.127819
0.154870
0.152191
0.135356
0.141091
0.165865
0.125607
0.136421
0.149019
0.135944
0.147178
0.139181
0.149288
0.178393
0.134978
0.131072
0.215415
0.121063
0.106613
0.141649
0.211674
0.106985
0.104612
0.156797
0.152807
0.145436
0.158068
0.158615
0.139896
0.125389
0.127506
0.187460
0.163463
0.129324
0.112220
0.133469
0.152750
0.171505
0.156003
0.170699
0.157640
0.154523
0.116842
0.148411
0.141123
0.143504
0.155870
0.155886
0.144902
0.102787
0.147428
0.166283
0.147697
0.124837
0.137708
0.159199
0.170819
0.145699
0.139942
0.136389
0.159916
0.132395
0.192152
0.118305
0.136731
0.164968
0.155595
0.155806
0.166869
0.160897
0.143162
0.156172
0.159740
0.173388
0.172897
0.118102
0.178157
0.141194
0.153031
0.136677
0.156463
0.152125
0.127826
0.170287
0.122053
0.166991
0.138820
0.138778
0.159953
0.133221
0.118064
0.158075
0.134816
0.152048
0.174829
0.127328
0.141333
0.161698
0.170479
0.156952
0.165965
0.186027
0.162678
0.133091
0.121702
0.152342
0.134067
0.148387
0.150234
0.127401
0.155624
0.128008
0.153926
0.107348
0.138871
0.132594
0.114609
0.134823
0.131999
0.152275
0.109055
0.136278
0.148155
0.158234
0.124243
0.145376
0.119369
0.149216
0.160880
0.143167
0.127678
0.118184
0.129099
0.160418
0.125518
0.153470
0.132675
0.125270
0.101823
0.140826
0.132715
0.117827
0.135094
0.121461
0.130962
0.123891
0.098838
0.132761
0.140715
0.112813
0.098562
0.130723
0.106815
0.113948
0.142139
0.158309
0.119617
0.133415
0.122684
0.122794
0.145001
0.140007
0.120914
0.166180
0.132202
0.152649
0.134756
0.148767
0.141801
0.141284
0.112263
0.155937
0.200387
0.133844
0.150980
0.143786
0.150713
0.167515
0.124160
0.124538
0.133381
0.129217
0.155773
0.137641
0.139048
0.100613
0.129735
0.136164
0.113320
0.127187
0.102643
0.099652
0.095965
0.112509
0.134822
0.151190
0.165721
0.157207
0.168264
0.139665
0.144535
0.128845
-0.326245
0.116703
0.111563
0.136907
0.114888
0.098185
0.122045
0.122046
0.111590
0.108009
0.113746
0.114700
0.120394
0.150843
0.156249
0.142570
0.136263
0.152401
0.122545
0.110844
0.104355
0.108081
0.115627
0.128424
0.103981
0.122094
0.108228
0.107361
0.105668
0.134947
0.124064
0.128801
0.124986
0.155777
0.136804
0.127026
0.137151
0.129626
0.115061
0.152732
0.110636
0.119254
0.118681
0.103158
0.124161
0.117922
0.116068
0.123846
0.142509
0.118844
0.116276
0.134532
0.156213
0.122573
0.107621
0.153020
0.096546
0.115733
0.123261
0.120977
0.103398
0.103251
0.098190
0.102041
0.107231
0.106586
0.122933
0.106317
0.115406
0.148342
0.099336
0.165215
0.122386
0.110995
0.115515
0.148272
0.132495
0.122513
0.114041
0.117763
0.120752
0.120983
0.118481
0.116688
0.112367
0.117586
0.151541
0.133002
0.102425
0.126256
0.146465
0.123321
0.104025
0.119482
0.114095
0.119994
0.107303
0.118472
0.115732
0.144124
0.120221
0.132063
0.123011
0.134163
0.130040
0.119911
0.115953
0.119676
0.099217
0.117006
0.128799
0.139665
0.148611
0.136192
0.126501
0.136569
0.149710
0.106164
0.155088
0.133839
0.143001
0.126991
0.141418
0.147109
0.112235
0.117767
0.138669
0.146526
0.126421
0.144619
0.117663
0.119840
0.120910
0.130442
0.146130
0.150711
0.106312
0.143599
0.114413
0.115925
0.168427
0.126898
0.141251
0.115618
0.112384
0.145006
0.129567
0.116214
0.117734
0.106672
0.111791
0.108999
0.107616
0.139506
0.142231
0.115892
0.095962
0.099786
0.113304
0.158244
0.119688
0.119915
0.118999
0.127326
0.138876
0.135963
0.141835
0.146147
0.135672
0.167630
0.121026
0.136483
0.100808
0.118262
0.153619
0.134778
0.116197
0.149026
0.120829
0.145311
0.142328
0.148669
0.153838
0.127681
0.134589
0.126736
0.139047
0.144205
0.110063
0.102221
0.118855
0.133336
0.126711
0.116541
0.125374
0.117382
0.136150
0.118858
0.136536
0.117279
0.127945
0.124063
0.111238
0.127149
0.147791
0.134782
0.166464
0.124614
0.160678
0.150133
0.115404
0.137342
0.145809
0.140025
0.159037
0.142165
0.121263
0.099048
0.127937
0.127709
0.139693
0.117903
0.128441
0.144825
0.113636
0.139568
0.106419
0.123646
0.117885
0.123407
0.108975
0.123529
0.139703
0.115651
0.145029
0.130638
0.126566
0.146148
0.113380
0.124623
0.131552
0.149962
0.154737
0.127927
0.149626
0.152797
0.151436
0.148654
0.148891
0.170430
0.156781
0.151009
0.146029
0.144050
0.137475
0.152699
0.151781
0.124229
0.127909
0.154811
0.135525
0.145109
0.142336
0.150801
0.147615
0.158318
0.151835
0.138202
0.135639
0.128031
0.104662
0.139073
0.111362
0.111765
0.139982
0.142890
0.143720
0.138401
0.153059
0.192630
0.117201
0.116943
0.128929
0.131115
0.113925
0.138248
0.119903
0.120760
0.130889
0.130953
0.150821
0.140494
0.133427
0.156548
0.118011
0.126262
0.156391
0.128072
0.134133
0.145064
0.129994
0.133962
0.131733
0.137182
0.133637
0.124334
0.103749
0.106970
0.166995
0.180243
0.175591
0.191408
0.169332
0.147448
0.132471
0.161967
0.133537
0.120756
0.114886
0.156070
0.167920
0.126535
0.103343
0.163459
0.150112
0.160728
0.190027
0.098442
0.106730
0.137384
0.118016
0.123058
0.105544
0.130360
0.101727
0.140853
0.143278
0.124755
0.113639
0.145019
0.124791
0.105755
0.113326
0.122339
0.112138
0.161692
0.165484
0.115684
0.181171
0.144234
0.133678
0.100095
0.149038
0.139189
0.095052
0.176957
0.096700
0.136934
0.104282
0.146525
0.116053
0.113775
0.161652
0.096473
0.131357
0.119774
0.139002
0.157301
0.112269
0.139749
0.114685
0.158077
0.121628
0.137723
0.145767
0.134766
0.132328
0.133062
0.150280
0.109224
0.137017
0.176021
0.116440
0.110745
0.138841
0.146432
0.159301
0.122242
0.137539
0.132339
0.127249
0.137655
0.096110
0.139462
0.120003
0.107521
0.102599
0.113991
0.121803
0.114927
0.089131
0.120396
0.104941
0.092613
0.168340
0.132669
0.150709
0.147514
0.139211
0.114652
0.111276
0.124062
0.090206
0.140572
0.111432
0.180689
0.150474
0.140024
0.152367
0.155787
0.130837
0.127417
0.167861
0.178759
0.129858
0.117523
0.180280
0.136787
0.158010
0.138231
0.126032
0.161958
0.139559
0.156124
0.183746
0.162665
0.127493
0.163878
0.164448
0.136613
0.146389
0.120627
0.157525
0.129446
0.125397
0.168103
0.181330
0.159420
0.171477
0.174038
0.132869
0.197162
0.171464
0.129149
0.126648
0.201462
0.163513
0.135013
0.170753
0.136445
0.163965
