0.128337
0.185715
0.133252
0.156836
0.129144
0.140506
0.152547
0.150076
0.124714
0.118134
0.117586
0.108320
0.125560
0.109448
0.131260
0.149742
0.173598
0.107233
0.142129
0.150151
0.137502
0.119882
0.151515
0.168838
0.166070
0.146568
0.178654
0.157096
0.141598
0.154103
0.145651
0.133533
0.149988
0.176750
0.169267
0.151007
0.150461
0.145736
0.101170
0.130406
0.162048
0.132050
0.157507
0.124114
0.131590
0.142106
0.148712
0.149635
0.170434
0.158895
0.200965
0.159807
0.112677
0.172969
0.149382
0.168506
0.111713
0.143884
0.125930
0.121950
0.158528
0.171656
0.174341
0.160513
0.166513
0.199546
0.136046
0.124030
0.139241
0.162706
0.111349
0.125716
0.126768
0.167533
0.123424
0.146504
0.132579
0.143415
0.140248
0.109349
0.132776
0.135689
0.123033
0.137911
0.130252
0.140743
0.139285
0.159029
0.164577
0.140769
0.131872
0.163610
0.169257
0.147202
0.158829
0.140387
0.157777
0.144557
0.170126
0.136621
0.120375
0.102858
0.141714
0.160982
0.157095
0.155119
0.146842
0.131016
0.131224
0.139475
0.133337
0.175967
0.139395
0.137797
0.152449
0.158020
0.100829
0.124376
