0.00
0.61
0.78
0.59
0.71
0.54
0.65
0.57
0.65
0.64
0.68
0.76
0.72
0.63
0.64
0.73
0.70
0.61
0.72
0.64
0.70
0.66
0.51
0.68
0.72
0.71
0.58
0.64
0.57
0.65
0.70
0.59
0.68
0.73
0.66
0.69
0.63
0.50
0.73
0.68
0.71
0.65
0.69
0.64
0.61
0.69
0.72
0.65
0.75
0.66
0.72
0.68
0.63
0.71
0.65
0.71
0.62
0.68
0.54
0.57
0.74
0.64
0.74
0.67
0.54
0.66
0.68
0.75
0.64
0.64
0.62
0.72
0.66
0.73
0.67
0.67
0.66
0.73
0.63
0.68
0.66
0.71
0.61
0.65
0.74
0.70
0.59
0.62
0.66
0.71
0.65
0.63
0.72
0.72
0.61
0.73
0.74
0.68
0.62
0.68
0.50
0.75
0.53
0.74
0.68
0.62
0.70
0.56
0.63
0.56
0.57
0.63
0.69
0.65
0.58
0.64
0.46
0.59
0.70
0.67
0.53
0.66
0.69
0.58
0.69
0.57
0.49
0.58
0.56
0.66
0.67
0.51
0.62
0.70
0.64
0.67
0.67
0.51
0.56
0.67
0.72
0.60
0.60
0.70
0.62
0.67
0.67
0.68
0.67
0.62
0.58
0.69
0.68
0.70
0.70
0.64
0.63
0.58
0.70
0.74
0.65
0.67
0.65
0.67
0.59
0.71
0.66
0.66
0.70
0.64
0.56
0.66
0.51
0.74
0.63
0.69
0.61
0.72
0.59
0.65
0.71
0.61
0.65
0.69
0.69
0.72
0.70
0.65
0.65
0.67
0.68
0.62
0.57
0.72
0.67
0.57
0.67
0.72
0.75
0.68
0.61
0.72
0.68
0.71
0.56
0.66
0.71
0.71
0.69
0.73
0.69
0.69
0.65
0.73
0.65
0.75
0.63
0.69
0.72
0.68
0.64
0.58
0.66
0.59
0.63
0.56
0.64
0.54
0.64
0.67
0.65
0.64
0.60
0.60
0.56
0.62
0.57
0.71
0.59
0.58
0.57
0.63
0.60
0.64
0.68
0.61
0.54
0.66
0.64
0.60
0.67
0.49
0.59
0.57
0.59
0.62
0.60
0.64
0.60
0.64
0.65
0.63
0.66
0.62
0.66
0.66
0.61
0.67
0.66
0.66
0.61
0.60
0.59
0.63
0.67
0.65
0.55
0.65
0.58
0.58
0.60
0.59
0.53
0.60
0.57
0.57
0.57
0.54
0.60
0.63
0.67
0.64
0.70
0.64
0.61
0.69
0.69
0.70
0.65
0.61
0.69
0.63
0.65
0.71
0.62
0.67
0.60
0.68
0.54
0.57
0.60
0.52
0.54
0.58
0.62
0.63
0.61
0.44
0.54
0.56
0.52
0.55
0.45
0.44
0.45
0.49
0.58
0.47
0.52
0.54
0.55
0.40
0.50
0.48
0.49
0.56
0.63
0.49
0.48
0.48
0.59
0.46
0.45
0.45
0.37
0.44
0.53
0.62
0.58
0.55
0.46
0.52
0.47
0.46
0.44
0.49
0.39
0.55
0.57
0.62
0.57
0.45
0.40
0.43
0.36
0.45
0.42
0.49
0.52
0.44
0.47
0.40
0.47
0.38
0.41
0.44
0.56
0.52
0.44
0.44
0.58
0.53
0.55
0.51
0.51
0.56
0.34
0.42
0.40
0.40
0.43
0.47
0.45
0.43
0.41
0.43
0.48
0.52
0.44
0.50
0.42
0.40
0.42
0.48
0.50
0.46
0.49
0.48
0.47
0.42
0.42
0.41
0.40
0.43
0.37
0.46
0.45
0.39
0.48
0.53
0.40
0.43
0.52
0.51
0.49
0.39
0.48
0.37
0.45
0.41
0.46
0.42
0.44
0.47
0.40
0.52
0.39
0.43
0.47
0.46
0.40
0.42
0.41
0.32
0.42
0.41
0.39
0.40
0.39
0.32
0.41
0.34
0.36
0.36
0.32
0.38
0.36
0.27
0.34
0.32
0.38
0.27
0.39
0.28
0.33
0.45
0.33
0.40
0.42
0.41
0.25
0.45
0.25
0.28
0.28
0.33
0.36
0.40
0.24
0.25
0.31
0.40
0.35
0.32
0.32
0.35
0.31
0.24
0.26
0.36
0.33
0.21
0.40
0.46
0.39
0.29
0.46
0.23
0.34
0.41
0.20
0.45
0.40
0.24
0.42
0.22
0.34
0.32
0.39
0.25
0.38
0.38
0.18
0.40
0.36
0.23
0.33
0.41
0.23
0.38
0.19
0.29
0.33
0.18
0.39
0.24
0.24
0.32
0.32
0.22
0.28
0.36
0.15
0.34
0.20
0.35
0.25
0.28
0.38
0.32
0.37
0.43
0.37
0.33
0.26
0.47
0.47
0.34
0.42
0.41
0.44
0.42
0.44
0.40
0.46
0.44
0.48
0.48
0.46
0.48
0.52
