0.00
224.55
432.80
204.07
309.70
211.89
319.26
266.56
297.90
294.93
294.80
401.01
352.00
266.06
296.92
323.58
320.17
234.57
354.69
263.00
325.81
295.20
178.86
335.59
401.63
360.69
261.83
324.46
268.52
315.03
364.20
267.44
381.74
409.38
319.91
298.41
311.68
203.42
358.73
339.26
390.74
344.14
356.09
288.24
280.37
330.84
383.59
325.47
428.73
352.24
390.17
348.81
323.23
382.15
329.96
388.59
290.90
348.58
237.59
269.95
405.87
342.41
426.60
344.76
236.32
344.14
382.97
450.46
307.43
333.23
318.26
390.46
371.78
429.40
347.46
357.19
324.66
439.99
318.16
355.71
345.83
393.52
317.10
342.60
429.70
377.25
288.38
281.47
347.83
397.37
345.01
283.12
392.32
397.09
265.82
424.17
408.02
374.93
288.85
381.02
209.96
431.67
212.16
450.32
359.01
282.17
374.91
269.29
315.77
246.19
274.44
327.96
384.44
327.02
257.01
324.03
173.21
265.27
378.35
367.48
231.07
340.54
390.14
273.96
390.79
255.94
198.43
301.75
254.49
349.45
362.85
217.69
305.68
408.46
322.23
359.67
362.01
206.60
268.03
351.80
400.03
288.50
307.05
396.90
325.45
355.16
362.65
370.04
344.56
308.11
285.60
407.04
362.29
398.63
387.00
325.42
312.03
271.24
385.65
421.32
340.37
358.64
351.66
357.13
277.55
410.33
356.07
376.31
393.92
325.89
254.43
337.85
209.94
443.40
309.78
361.77
309.39
423.92
292.37
348.40
424.93
297.00
358.67
403.51
403.29
402.36
412.45
347.87
379.72
361.78
360.97
303.58
282.67
409.71
370.18
241.41
390.57
409.97
434.81
397.74
284.33
437.88
375.89
411.32
231.95
370.18
413.45
398.94
386.97
419.65
397.70
376.95
355.82
444.24
331.81
437.66
298.02
390.28
450.86
354.47
342.71
274.94
327.95
280.64
326.96
252.50
341.05
233.32
317.64
378.63
303.27
333.02
292.85
265.02
239.56
310.46
266.25
410.24
288.82
251.10
253.07
334.05
272.97
327.78
371.56
324.63
222.85
348.99
318.72
297.81
334.20
198.79
270.06
257.30
278.53
306.95
303.28
330.18
279.22
364.03
347.15
348.35
373.74
321.04
375.30
347.94
341.46
382.77
386.80
369.45
332.25
283.50
299.93
344.06
374.42
342.11
263.09
349.70
294.98
298.77
319.83
321.76
232.15
317.78
295.97
267.95
268.27
249.81
290.74
366.61
361.77
379.70
401.64
346.76
283.02
408.88
412.23
416.61
371.69
275.78
416.76
337.25
383.00
403.92
345.50
357.92
312.29
388.68
269.29
311.79
318.45
228.21
245.46
284.23
324.10
345.64
317.06
170.17
238.75
304.28
224.53
255.35
177.08
162.38
195.32
221.19
273.40
205.59
254.76
241.47
253.87
158.57
218.26
225.85
198.80
254.14
356.58
211.97
209.62
234.63
318.78
199.44
219.51
171.85
147.96
221.30
318.58
353.19
305.54
282.18
200.92
226.18
217.53
155.33
192.68
219.06
137.58
283.75
320.50
348.14
333.30
228.01
194.28
183.74
128.41
212.58
222.15
245.41
294.44
194.28
205.13
125.02
197.35
148.25
167.49
171.56
320.56
293.64
212.12
185.16
350.44
313.32
326.39
282.32
300.78
312.17
139.02
171.60
165.97
176.01
186.69
231.89
184.78
185.71
154.57
159.44
266.54
316.58
266.81
300.69
229.19
180.39
159.29
191.83
237.48
219.68
215.06
197.48
208.47
150.24
218.16
181.31
170.92
174.88
174.71
184.93
221.16
213.14
197.34
254.44
156.87
180.72
245.18
212.47
216.19
120.13
267.28
162.69
180.98
184.91
221.86
195.36
171.75
189.99
158.30
237.67
154.03
148.15
221.10
190.57
163.44
166.09
194.89
102.77
180.30
153.32
149.48
142.40
176.03
122.86
208.41
116.87
141.71
140.37
121.28
156.53
131.55
138.85
141.69
125.72
136.30
107.31
152.94
161.84
121.95
168.87
155.86
213.21
170.51
167.28
100.03
259.60
124.93
102.51
96.04
117.92
146.67
166.56
118.87
109.95
121.72
210.02
117.26
118.48
115.95
134.60
120.40
103.22
160.10
121.30
153.43
102.05
149.32
244.19
151.43
102.40
237.46
99.57
129.34
208.71
90.67
181.27
179.12
112.57
162.38
90.60
165.76
151.65
194.04
96.64
162.42
156.20
119.52
184.48
194.24
90.72
152.18
192.56
146.02
178.56
89.95
132.63
150.13
80.15
156.49
101.45
112.82
131.76
167.71
81.00
118.91
146.66
67.76
134.48
73.75
157.45
98.00
107.60
132.78
118.95
151.82
152.93
124.91
124.65
100.48
211.27
176.21
130.29
199.98
155.65
205.77
144.67
181.09
146.08
216.46
156.46
176.52
168.57
169.04
170.11
206.47
