0.144186
0.116243
0.183475
0.172988
0.170989
0.108860
0.131388
0.149976
0.163020
0.172629
0.144302
0.130868
0.165081
0.163694
0.209826
0.257597
0.192992
0.135398
0.158331
0.098408
0.186668
0.144259
0.195409
0.133656
0.135730
0.120316
0.149935
0.113455
0.147150
0.168077
0.130221
0.126527
0.101381
0.147031
0.166950
0.110630
0.164023
0.140517
0.165067
0.119832
0.179771
0.139273
0.157350
0.121643
0.161539
0.127874
0.129820
0.140143
0.148366
0.123775
0.160937
0.173050
0.135728
0.138213
0.182812
0.184207
0.155794
0.157389
0.170153
0.104967
0.122474
0.179371
0.085511
0.145094
0.127508
0.159631
0.141249
0.146338
0.102740
0.150605
0.143652
0.137665
0.117818
0.118513
0.135175
0.115328
0.127771
0.111116
0.135731
0.149497
0.144377
0.155411
0.128600
0.132899
0.104721
0.130753
0.136066
0.161316
0.146318
0.129297
0.157365
0.118298
0.187954
0.142918
0.142873
0.110735
0.104138
0.132740
0.086058
0.128252
0.141713
0.158839
0.160994
0.125017
0.146495
0.158789
0.109888
0.124756
0.154217
0.102489
0.119635
0.135840
0.142520
0.138035
0.159279
0.135137
0.138944
0.179103
0.141672
0.138258
0.113329
0.091782
0.145313
0.083240
0.143364
0.127750
0.122258
0.139855
0.125934
0.168862
0.119295
0.129791
0.186554
0.144500
0.116254
0.108273
0.191209
0.148110
0.149073
0.125931
0.148544
0.126898
0.151819
0.143446
0.184381
0.122095
0.149121
0.116543
0.148511
0.138520
0.175998
0.148295
0.145470
0.147589
0.147682
0.114542
0.170805
0.172281
0.113128
0.136297
0.143593
0.136770
0.119123
0.114119
0.120209
0.124020
0.125086
0.152493
0.155725
0.159255
0.132299
0.187121
0.186124
0.125660
0.134032
0.123556
0.151174
0.152020
0.142507
0.133553
0.152262
0.100224
0.129537
0.146064
0.130188
0.189405
0.128262
0.144722
0.161547
0.132357
0.137434
0.117716
0.184391
0.164138
0.125339
0.136088
0.133997
0.130363
0.125374
0.118927
0.104085
0.147804
0.185948
0.140518
0.131184
0.139103
0.137099
0.172632
0.123457
0.140944
0.138142
0.126544
0.122711
0.134661
0.113898
0.115742
0.115324
0.112830
0.129048
0.125484
0.158790
0.122495
0.142314
0.130791
0.142362
0.150342
0.112597
0.130309
0.094459
0.133710
0.147968
0.135333
0.164342
0.151064
0.142008
0.111576
0.129085
0.131265
0.107807
0.117125
0.111978
0.143755
0.138455
0.137576
0.142921
0.139109
0.146159
0.136500
0.169932
0.127522
0.140185
0.154120
0.129033
0.124141
0.118998
0.130208
0.135890
0.123772
0.121248
0.116943
0.145257
0.112860
0.105698
0.122586
0.133047
0.114380
0.136264
0.139323
0.150021
0.123533
0.144506
0.120395
0.128707
0.146525
0.158023
0.140232
0.153809
0.147970
0.142246
0.146009
0.162984
0.147710
0.166410
0.125267
0.166218
0.126198
0.168320
0.111833
0.135787
0.152820
0.148819
0.168559
0.162580
0.163761
0.153039
0.130383
0.145878
0.119326
0.125265
0.140618
0.149758
0.132654
0.147027
0.162335
0.134823
0.143759
0.126438
0.153355
0.158999
0.141818
0.159990
0.135818
0.148498
0.124690
0.136178
0.103279
0.104574
0.131762
0.133948
0.104863
0.102996
0.141901
0.128560
0.159555
0.188898
0.134855
0.123371
0.138484
0.172244
0.160709
0.132014
0.142679
0.104309
0.118943
0.130690
0.170006
0.125414
0.135765
0.145868
0.100708
0.131720
0.131824
0.129601
0.123537
0.107117
0.137052
0.114925
0.126205
0.137718
0.138945
0.134212
0.126523
0.127904
0.130279
0.146297
0.113141
0.131874
0.147651
0.160302
0.140568
0.140492
0.155502
0.113040
0.105598
0.124303
0.108888
0.147970
0.143421
0.152487
0.145402
0.123461
0.105523
0.111396
0.118088
0.134605
0.130549
0.141372
0.122200
0.118577
0.146171
0.110993
0.138017
0.147038
0.129635
0.139700
0.140097
0.107277
0.126750
0.107223
0.127799
0.121284
0.139525
0.125302
0.129853
0.124849
0.157390
0.134681
0.115951
0.119034
0.128202
0.147511
0.143013
0.124481
0.098498
0.139421
0.138165
0.119231
0.133438
0.137670
0.142978
0.138078
0.115655
0.127143
0.158648
0.147834
0.131706
0.138507
0.131147
0.131716
0.122601
0.113240
0.103900
0.116909
0.132329
0.120889
0.143506
0.147853
0.145061
0.131727
0.132065
0.124524
0.142706
0.125228
0.137815
0.124274
0.152963
0.107079
0.114515
0.112477
0.117532
0.129711
0.127401
0.145502
0.146583
0.141506
0.142704
0.126647
0.131590
0.107120
0.112939
0.156780
0.174538
0.148807
0.167942
0.127000
0.127071
0.126303
0.141305
0.158321
0.155347
0.156607
0.148917
0.180691
0.137567
0.154078
0.174680
0.179914
0.111745
0.118032
0.147058
0.164713
0.156523
0.133032
0.162773
0.155588
0.155751
0.180258
0.131006
0.145498
0.119261
0.139350
0.134585
0.152205
0.141762
0.165134
0.159989
0.152890
0.134871
0.121814
0.111581
0.134773
0.138638
0.133690
0.142540
0.151768
0.157444
0.158031
0.119981
0.143367
0.145672
0.138067
0.125607
0.150158
0.155041
0.153433
0.166265
0.169556
0.112163
0.155039
0.114485
0.128179
0.112647
0.152413
0.113564
0.176586
0.114776
0.120084
0.115845
0.126623
0.150522
0.131305
0.131924
0.111452
0.126667
0.098083
0.141181
0.130994
0.128659
0.113253
0.148160
0.127299
0.150309
0.111682
0.152313
0.127499
0.122663
0.126313
0.122738
0.156469
0.118692
0.138013
0.175086
0.150225
0.138121
0.121621
0.141325
0.125599
0.130629
0.151306
0.124001
0.130837
0.172433
0.124557
0.112144
0.122600
0.149393
0.136653
0.132569
0.160658
0.154220
0.173088
