0.00
256.22
247.39
430.63
216.31
456.76
392.55
464.34
313.49
333.08
422.01
307.37
264.55
357.66
257.13
264.57
334.06
400.13
376.81
292.76
356.80
350.95
260.30
329.24
279.05
398.79
241.97
238.54
269.84
359.84
246.94
316.45
338.18
421.21
280.39
333.13
254.73
325.73
214.50
272.11
339.42
357.93
321.47
404.92
285.21
422.51
216.54
299.79
283.05
281.49
340.10
287.32
232.76
347.05
263.85
283.09
320.62
316.90
278.21
339.94
232.81
273.79
318.10
414.55
255.36
314.38
309.42
279.08
355.11
266.32
374.58
268.15
397.33
423.51
209.38
231.13
288.34
305.24
252.60
350.13
414.81
344.10
253.49
238.82
250.39
254.53
331.46
322.95
219.29
330.86
373.87
402.35
212.46
306.12
270.11
220.98
250.91
259.53
203.93
238.33
147.88
123.97
141.36
164.00
135.16
71.81
69.64
54.47
42.87
46.90
26.19
25.20
50.86
81.53
141.41
107.76
117.78
113.44
105.48
105.96
104.84
86.36
108.59
97.54
111.55
166.96
190.29
239.78
207.93
187.26
146.03
143.29
81.91
114.67
97.59
62.79
87.07
59.61
60.97
68.32
39.88
44.27
45.58
36.67
42.19
40.63
35.28
43.39
24.38
40.54
123.00
142.09
129.31
154.09
141.69
146.98
163.22
154.39
175.63
139.79
207.11
190.11
175.82
213.63
169.39
195.45
179.37
241.50
199.96
206.24
214.60
201.92
167.10
193.66
146.86
176.32
183.62
168.55
161.62
171.28
143.35
193.58
155.33
163.89
146.44
140.95
164.38
146.83
170.80
187.15
172.53
198.31
188.04
174.31
185.18
172.72
154.00
196.73
186.92
191.75
205.28
166.34
158.83
165.29
150.50
164.29
176.90
140.66
194.30
182.46
202.36
218.05
235.10
240.53
217.93
225.33
219.48
205.95
181.45
263.20
251.90
220.18
166.73
218.38
146.24
210.13
204.75
197.99
224.39
174.99
210.94
209.67
