0.00
518.03
540.06
516.21
491.56
503.74
454.14
514.17
525.64
468.59
491.97
459.97
509.60
512.74
509.26
537.48
456.90
450.39
493.74
476.19
531.38
390.94
534.44
520.58
520.05
351.00
219.96
225.05
10.32
42.63
171.10
248.07
88.57
34.46
51.14
171.32
216.03
328.08
219.10
191.97
214.46
171.58
119.54
56.80
76.33
73.29
127.71
223.36
239.66
165.77
216.46
211.01
180.46
96.22
156.90
233.15
172.86
188.18
112.44
197.10
132.78
496.79
520.70
488.23
455.05
504.61
465.80
515.40
451.73
519.74
473.68
500.73
481.20
397.75
505.83
425.05
374.96
451.32
479.59
507.44
480.26
474.63
