0.00
560.72
568.73
566.96
564.61
566.80
564.89
564.48
563.98
566.49
562.49
562.02
557.19
547.46
542.07
541.79
527.45
545.35
551.70
550.00
541.70
550.41
558.06
543.25
542.10
555.86
536.46
533.14
548.66
546.56
547.65
535.99
542.18
547.05
548.89
547.58
528.45
538.62
549.59
544.74
533.64
522.69
521.88
533.36
533.25
531.40
528.62
519.69
515.96
534.64
510.62
525.75
498.56
511.47
521.32
539.52
529.80
533.05
527.09
532.65
512.94
514.47
466.17
498.28
463.22
463.58
465.32
440.06
470.40
492.14
439.39
443.63
470.57
514.12
496.69
427.51
501.74
511.17
503.38
482.45
505.23
378.89
487.09
447.36
284.34
186.68
165.03
121.48
97.32
106.68
101.97
98.70
73.30
49.00
87.08
114.22
84.74
93.13
104.71
76.03
96.49
190.67
212.24
214.89
204.60
165.05
138.76
190.88
192.71
152.96
140.05
120.82
80.71
94.76
190.54
142.47
97.51
103.18
46.31
17.02
18.50
25.57
62.31
59.25
96.00
222.78
372.50
360.64
365.27
362.44
326.21
359.71
299.13
282.51
279.42
330.33
308.75
243.22
324.42
339.88
243.60
259.88
236.55
375.59
421.86
301.53
316.16
355.63
287.46
359.25
415.08
393.67
384.48
410.36
390.18
385.62
372.51
333.90
412.11
393.43
437.48
393.65
364.50
318.58
386.74
371.59
387.25
356.71
361.84
380.15
361.92
328.68
311.57
323.21
283.14
382.63
337.25
321.83
250.33
242.90
344.85
254.23
215.23
330.93
306.90
262.69
302.19
321.09
285.14
223.16
236.26
239.94
221.13
188.20
164.43
188.64
194.28
145.26
169.22
143.37
141.45
109.68
189.73
142.26
143.40
196.62
100.70
179.92
128.36
148.97
147.86
166.40
148.05
102.05
150.14
168.39
189.59
193.33
186.16
242.45
269.18
178.75
225.45
210.33
246.71
246.28
235.75
182.90
200.77
158.67
165.09
195.74
223.50
143.24
150.18
244.91
228.62
240.17
220.12
244.27
236.56
222.80
204.96
227.13
222.56
162.41
193.93
183.83
152.89
144.16
192.30
182.97
140.33
97.29
191.09
187.76
167.62
179.86
177.33
157.87
157.36
116.40
157.73
161.68
132.70
149.90
175.97
154.00
184.87
176.45
134.77
128.88
143.34
171.68
161.52
165.61
142.59
138.46
161.51
90.69
153.28
83.90
158.76
128.07
120.18
158.95
151.57
121.22
153.42
146.09
146.94
128.69
