0.00
0.90
0.92
0.91
0.91
0.92
0.91
0.91
0.91
0.92
0.90
0.91
0.89
0.87
0.87
0.87
0.84
0.87
0.88
0.88
0.87
0.88
0.90
0.87
0.87
0.89
0.86
0.85
0.88
0.87
0.87
0.85
0.87
0.87
0.88
0.87
0.84
0.86
0.87
0.86
0.84
0.83
0.84
0.85
0.85
0.84
0.84
0.83
0.82
0.85
0.82
0.84
0.80
0.81
0.83
0.86
0.84
0.85
0.84
0.85
0.83
0.82
0.78
0.81
0.78
0.77
0.77
0.74
0.78
0.80
0.75
0.75
0.77
0.82
0.79
0.72
0.80
0.82
0.80
0.79
0.82
0.75
0.85
0.81
0.70
0.58
0.56
0.48
0.37
0.38
0.41
0.39
0.35
0.20
0.37
0.44
0.34
0.39
0.39
0.30
0.32
0.52
0.55
0.55
0.55
0.45
0.47
0.53
0.54
0.51
0.49
0.48
0.39
0.41
0.49
0.42
0.37
0.45
0.32
0.15
0.11
0.08
0.09
0.09
0.11
0.52
0.68
0.64
0.63
0.64
0.61
0.63
0.60
0.55
0.56
0.63
0.61
0.53
0.63
0.66
0.62
0.50
0.48
0.69
0.73
0.67
0.68
0.71
0.58
0.66
0.70
0.65
0.62
0.70
0.67
0.66
0.64
0.63
0.71
0.69
0.72
0.70
0.68
0.65
0.72
0.67
0.72
0.67
0.68
0.69
0.69
0.70
0.70
0.69
0.62
0.69
0.66
0.67
0.61
0.62
0.69
0.64
0.58
0.70
0.70
0.63
0.67
0.70
0.67
0.63
0.64
0.65
0.62
0.56
0.53
0.54
0.53
0.46
0.50
0.44
0.45
0.41
0.49
0.45
0.45
0.55
0.39
0.53
0.41
0.43
0.45
0.46
0.45
0.34
0.44
0.47
0.53
0.52
0.48
0.57
0.61
0.53
0.54
0.54
0.55
0.59
0.57
0.52
0.56
0.51
0.48
0.51
0.59
0.46
0.50
0.58
0.55
0.58
0.55
0.56
0.54
0.53
0.50
0.49
0.50
0.39
0.46
0.44
0.40
0.41
0.45
0.46
0.34
0.31
0.47
0.47
0.43
0.52
0.45
0.49
0.41
0.38
0.46
0.42
0.41
0.43
0.43
0.43
0.49
0.43
0.35
0.33
0.41
0.44
0.46
0.39
0.40
0.39
0.43
0.31
0.46
0.32
0.46
0.43
0.41
0.49
0.46
0.41
0.47
0.46
0.47
0.42
