0.00
548.03
527.39
535.83
456.15
448.43
465.43
399.96
340.80
293.47
167.66
189.77
218.04
257.90
293.88
275.41
314.79
296.84
311.94
293.48
199.65
333.55
291.19
205.85
307.03
291.42
311.19
346.59
318.88
218.59
229.02
260.30
318.29
308.83
309.98
228.68
296.39
212.08
202.44
156.45
277.50
215.18
224.92
222.67
215.73
167.28
221.95
306.72
194.34
261.09
252.03
313.18
357.13
339.96
320.47
405.47
376.51
399.01
345.25
388.03
292.68
377.60
292.69
227.65
237.91
207.66
231.85
231.50
273.24
240.98
289.46
242.90
188.91
130.31
152.22
181.81
154.95
198.12
134.14
131.27
164.23
121.43
102.02
106.71
90.82
226.73
125.43
113.26
104.49
211.18
131.17
175.31
183.80
166.59
158.59
172.11
183.33
205.52
209.21
269.59
246.52
270.47
233.65
232.29
228.68
160.61
202.86
202.89
182.90
285.73
277.40
231.11
228.84
306.73
169.68
287.32
287.29
289.08
288.04
243.12
240.71
236.39
188.64
222.26
150.40
183.78
289.97
219.95
239.80
227.49
266.43
251.04
247.59
275.59
282.83
247.62
239.04
272.95
265.36
251.70
245.13
304.75
199.78
269.52
216.16
218.89
210.44
214.85
255.98
222.19
154.99
95.03
115.58
105.34
99.78
106.38
182.20
98.53
130.29
95.63
67.67
130.65
56.94
123.15
56.12
158.08
113.88
110.46
103.61
172.13
99.08
184.00
142.63
211.56
94.37
178.01
145.40
72.13
105.41
175.03
173.19
70.39
79.66
63.47
104.96
135.92
129.29
125.63
97.58
71.67
208.78
134.82
152.37
96.71
83.12
198.34
105.61
159.79
167.10
189.99
160.64
88.86
63.19
175.32
49.83
75.06
121.26
117.18
132.28
92.39
128.70
84.41
130.02
121.88
353.11
361.54
393.59
349.63
330.79
411.85
394.40
369.72
369.53
337.83
352.78
351.50
362.17
411.61
379.73
385.50
384.04
417.11
375.29
366.24
367.50
421.29
412.44
420.76
412.02
427.01
416.39
460.85
458.29
417.37
415.37
439.32
408.15
441.42
420.73
442.15
442.91
449.12
416.62
424.79
409.04
393.01
351.97
431.84
397.60
382.24
401.42
461.04
373.62
407.04
457.89
456.95
385.90
458.31
464.79
455.43
454.57
411.23
439.59
446.68
464.73
412.76
411.81
424.90
368.69
403.45
377.31
396.73
359.61
374.97
331.48
334.95
313.01
329.74
288.99
269.64
272.41
317.84
274.89
276.60
300.75
276.26
219.65
249.16
272.41
281.12
252.96
281.65
322.34
234.50
228.53
281.31
254.54
203.49
274.14
174.01
237.85
223.76
188.05
240.25
213.54
206.61
230.06
244.38
194.71
188.80
198.69
230.12
174.23
172.56
139.46
145.48
129.14
111.56
143.25
157.08
131.19
189.36
151.10
163.55
165.59
211.30
182.40
140.39
172.81
133.91
152.68
126.18
124.91
151.22
128.72
192.87
136.26
140.20
160.15
157.08
153.31
147.36
210.54
140.38
229.73
175.46
200.43
205.83
165.44
184.02
221.85
247.53
204.44
199.55
209.10
248.19
200.40
215.34
222.53
205.73
209.11
217.78
179.86
182.34
160.18
169.24
156.89
198.16
183.09
220.25
201.29
172.91
158.21
215.01
169.48
184.04
194.98
155.84
158.03
136.70
183.17
215.44
133.39
157.81
89.21
187.82
110.28
193.57
227.06
179.74
200.72
143.80
108.51
155.77
110.68
100.09
102.05
177.68
136.42
108.33
104.01
102.55
129.82
113.51
175.55
131.34
65.84
117.17
160.43
203.62
212.79
172.17
219.28
115.04
89.01
123.98
90.50
140.31
130.02
133.63
148.33
144.35
151.69
150.18
107.99
74.72
189.61
102.12
140.52
113.52
135.47
156.52
87.56
103.30
111.89
125.18
73.00
110.06
112.24
90.84
104.82
116.69
89.20
120.93
137.66
71.68
108.18
86.54
73.37
101.13
86.37
63.18
128.59
112.59
84.49
76.58
100.55
82.80
87.40
67.86
101.88
73.42
101.05
70.28
87.83
103.38
119.06
53.96
98.11
96.11
79.52
136.10
85.71
82.40
67.16
52.50
93.74
91.61
85.58
54.87
74.45
80.86
94.99
81.86
128.09
90.63
94.46
90.52
81.46
70.74
74.71
91.46
83.95
60.75
121.70
87.82
85.06
63.72
295.53
316.19
292.15
330.70
332.33
317.86
341.04
354.87
356.32
330.20
333.60
298.00
308.27
309.06
319.51
312.31
377.55
325.68
