193	369	104	47
194	366	105	48
193	366	107	50
194	366	104	50
197	366	101	50
197	366	102	51
198	367	104	50
205	366	94	52
200	366	102	52
205	366	98	53
209	367	100	52
213	366	91	50
215	366	106	52
218	367	107	53
219	368	106	52
219	367	105	52
220	367	105	52
223	368	101	50
223	368	105	51
226	367	105	51
225	368	84	49
231	369	100	49
232	368	98	52
238	370	104	52
232	368	113	52
233	367	115	53
237	367	112	53
239	367	111	54
243	365	104	56
247	365	103	57
244	366	105	56
258	365	102	58
254	365	108	57
255	367	105	56
259	369	102	54
258	368	80	53
259	371	110	52
257	369	84	52
259	371	115	54
269	367	102	55
261	370	119	52
265	370	113	53
266	369	115	55
274	370	104	54
267	369	121	53
278	371	107	52
281	372	110	51
275	371	114	53
278	368	115	55
276	371	117	53
292	372	104	52
293	373	104	50
294	372	105	51
293	372	107	51
293	373	110	51
293	373	109	52
292	373	110	52
294	373	109	52
295	373	112	52
293	373	114	52
295	371	112	53
293	373	115	52
300	371	108	53
302	373	108	50
302	372	114	52
301	371	114	51
310	373	107	49
306	374	107	49
313	376	95	47
314	376	104	47
319	374	87	48
321	374	91	50
322	373	103	48
321	367	103	56
324	366	100	56
322	372	106	51
321	369	107	54
322	375	103	49
323	369	110	56
326	372	92	51
326	373	97	52
324	371	107	54
326	369	100	56
330	372	98	54
328	349	95	76
333	375	98	53
330	374	109	53
331	374	95	55
332	354	94	72
335	376	98	55
332	380	95	52
335	381	99	51
332	381	101	53
333	382	97	52
336	381	97	55
333	383	97	53
336	384	94	53
334	385	97	54
337	387	97	53
335	389	100	53
335	389	100	54
335	390	99	54
335	391	102	54
335	391	105	56
336	394	108	56
336	395	110	57
335	396	112	59
334	398	111	59
336	399	112	58
335	401	114	59
334	403	114	61
337	406	115	60
334	406	121	63
335	408	116	64
336	409	124	66
334	409	123	68
336	412	125	68
335	414	123	70
335	414	128	72
334	421	135	70
334	420	133	75
335	422	129	74
337	427	161	71
335	426	150	75
336	430	129	78
337	432	161	75
339	432	163	81
342	433	157	83
342	436	155	82
341	437	150	84
344	438	146	82
346	438	135	84
348	440	133	83
349	440	132	83
350	440	138	85
353	441	136	83
355	443	134	83
358	445	132	83
359	447	132	80
360	446	132	83
362	445	128	84
365	446	122	84
368	441	129	90
370	442	118	88
371	442	128	91
375	440	121	92
380	439	116	93
384	439	117	90
382	436	120	93
385	433	122	95
388	431	126	98
393	422	121	104
395	432	111	89
400	432	116	89
501	316	83	68
504	310	79	72
504	312	79	72
505	312	78	69
504	332	54	48
502	338	50	43
502	328	60	54
499	339	50	43
500	329	55	52
496	338	52	43
498	327	60	54
495	341	50	42
494	332	56	50
491	337	55	45
490	345	48	37
489	334	57	49
487	341	51	42
485	336	54	45
482	345	48	37
479	337	58	46
479	328	65	53
477	342	51	40
473	335	61	48
484	309	80	61
469	327	67	53
467	339	55	43
467	335	58	47
466	332	59	50
483	309	78	58
457	312	100	70
458	313	99	71
455	313	99	70
455	315	97	68
451	336	63	46
452	336	62	45
452	344	50	38
452	339	61	43
453	341	54	41
452	335	60	46
451	335	57	46
449	343	50	39
448	337	65	46
449	337	54	45
450	335	59	45
447	346	50	37
445	340	56	41
446	336	61	45
446	329	70	50
443	339	61	43
446	334	64	46
462	306	92	61
443	315	103	66
445	312	104	70
444	309	108	71
444	312	106	70
445	310	105	71
444	312	105	70
445	311	106	69
444	312	108	69
477	409	140	68
481	409	138	67
484	408	138	68
488	408	137	67
490	408	136	67
494	405	135	68
498	406	132	67
502	404	133	69
504	403	131	69
509	404	129	68
510	402	130	69
514	404	128	67
517	401	127	68
521	400	126	68
523	400	125	66
526	398	124	68
531	399	121	66
533	397	120	67
536	398	119	65
539	396	118	66
541	397	116	64
546	395	117	64
546	396	116	63
551	395	113	62
554	395	111	62
556	394	111	62
559	394	108	62
563	393	108	60
565	392	107	61
569	391	104	61
569	390	106	61
572	391	104	59
573	390	102	59
577	389	102	59
579	388	101	58
582	388	99	58
584	388	98	57
586	387	97	57
588	386	95	57
590	386	96	57
591	386	95	56
593	385	94	55
595	383	93	55
597	383	94	54
599	383	91	54
602	382	90	55
604	381	90	55
606	381	88	55
608	380	86	54
610	379	86	55
612	378	86	54
614	379	84	54
615	377	82	53
617	377	82	54
619	376	82	53
621	375	81	53
623	375	79	53
624	374	79	52
626	374	80	52
628	373	78	52
630	373	76	51
633	373	75	50
634	372	73	50
636	372	73	49
637	371	72	49
638	370	72	49
639	369	72	49
640	369	72	49
642	369	72	48
643	368	70	48
645	368	69	47
647	367	69	47
647	367	68	48
650	367	67	46
650	366	66	47
650	366	68	45
653	365	65	45
655	365	65	46
655	364	65	45
657	364	64	45
657	363	64	44
659	363	62	44
659	363	63	43
661	363	61	43
662	362	62	42
663	361	60	42
664	361	60	43
666	361	59	42
666	360	59	41
666	359	59	42
667	359	59	41
668	358	59	41
669	358	58	41
670	357	57	41
671	358	59	41
672	356	56	41
673	356	57	41
674	356	54	40
674	356	55	40
675	355	56	40
677	355	53	39
677	354	56	40
678	354	52	39
679	354	52	38
679	353	52	38
681	352	51	38
681	352	50	37
682	351	49	38
682	351	49	37
683	351	49	36
684	350	46	36
685	349	47	37
685	348	46	37
686	349	47	37
685	348	46	37
686	348	45	36
686	348	45	36
686	346	43	35
687	347	45	35
687	346	43	35
688	346	43	36
688	344	42	35
689	345	43	36
688	345	42	35
690	344	42	35
690	344	41	34
689	344	41	34
690	343	41	34
690	342	42	34
690	343	41	33
690	342	41	33
692	341	40	33
691	342	38	33
692	341	38	32
691	340	40	33
692	341	38	33
692	340	38	32
692	339	37	33
692	339	37	32
692	339	36	32
692	338	36	32
693	339	36	32
692	338	36	31
693	336	35	32
693	337	36	32
692	336	36	32
693	337	35	32
693	336	34	30
694	336	34	31
693	335	34	31
693	335	34	31
693	335	34	30
694	335	33	31
694	335	34	31
693	336	34	29
694	335	33	29
693	334	33	30
693	334	34	29
693	334	32	28
692	333	33	29
692	333	33	28
693	332	32	29
693	332	32	29
692	332	32	29
692	332	32	28
692	331	31	27
691	331	31	28
692	330	31	28
691	330	33	28
691	329	32	27
691	329	33	28
691	329	31	28
691	330	32	27
692	330	31	26
691	330	32	26
691	329	31	26
690	329	32	26
691	329	31	26
691	328	31	26
690	329	33	27
690	330	33	28
689	326	36	29
690	328	33	30
689	324	34	28
690	328	32	26
690	327	31	24
690	327	30	27
690	327	29	24
690	327	30	27
691	326	31	26
689	326	31	25
690	327	30	27
688	323	33	28
689	326	32	35
690	325	31	26
689	324	30	27
690	324	30	27
691	324	30	28
691	324	30	25
692	324	30	28
691	320	31	27
692	324	30	24
692	324	29	27
693	313	31	35
694	322	29	25
695	323	29	26
696	321	28	24
697	322	28	24
697	320	28	24
698	321	29	24
700	322	29	26
700	311	29	32
703	321	30	29
704	313	33	35
705	316	31	28
705	320	30	26
708	315	29	26
710	315	29	27
710	313	30	29
712	313	29	28
713	316	27	24
715	317	30	26
715	316	31	27
717	319	28	22
718	316	31	28
720	317	28	24
719	315	30	25
720	317	32	25
723	317	29	24
722	315	28	24
723	317	31	24
724	315	31	27
727	318	29	24
725	305	34	36
726	315	33	27
727	315	33	28
727	314	33	29
728	315	31	26
729	316	33	26
728	309	31	29
728	310	32	31
730	315	31	25
730	317	31	25
729	312	30	25
730	314	31	28
729	315	29	21
730	314	28	22
730	315	28	22
731	314	31	24
729	314	30	22
730	314	31	26
730	315	30	24
729	310	29	26
729	314	30	25
728	310	31	24
729	311	31	27
728	308	30	25
728	314	31	25
729	310	31	27
729	314	30	22
730	312	31	26
730	309	25	23
729	311	29	24
729	314	27	22
730	315	33	25
728	311	30	28
726	310	30	25
747	319	35	25
746	316	38	27
727	314	29	21
727	309	28	23
727	314	27	19
727	311	30	26
726	308	28	25
742	318	38	25
743	315	36	27
725	309	32	22
739	317	37	25
737	315	39	27
723	308	35	23
722	306	36	28
722	307	31	23
720	306	30	28
736	317	35	25
736	312	36	28
736	316	34	26
729	307	41	32
731	300	41	40
729	308	40	31
727	304	40	35
723	299	48	41
722	308	48	32
723	303	45	38
717	304	51	35
775	345	49	36
772	344	49	37
771	342	48	37
770	343	48	37
768	342	47	36
766	342	47	35
765	341	46	36
763	340	45	35
762	340	45	34
761	340	44	34
758	339	44	33
757	339	43	33
756	337	43	33
754	337	43	33
753	336	43	33
751	335	41	32
749	335	41	32
747	335	41	31
746	334	40	31
