0.00
0.75
0.74
0.71
0.72
0.57
0.68
0.64
0.73
0.54
0.79
0.71
0.71
0.57
0.71
0.50
0.46
0.79
0.74
0.76
0.58
0.69
0.62
0.55
0.60
0.75
0.55
0.75
0.50
0.68
0.58
0.71
0.58
0.58
0.71
0.70
0.67
0.74
0.70
0.73
0.55
0.69
0.60
0.67
0.62
0.52
0.63
0.52
0.65
0.60
0.67
0.71
0.72
0.70
0.69
0.71
0.67
0.69
0.60
0.62
0.67
0.64
0.63
0.54
0.67
0.57
0.66
0.67
0.66
0.53
0.63
0.56
0.65
0.54
0.57
0.60
0.61
0.65
0.51
0.62
0.64
0.62
0.52
0.62
0.60
0.64
0.50
0.60
0.56
0.50
0.64
0.52
0.57
0.61
0.62
0.57
0.58
0.64
0.67
0.60
0.65
0.58
0.62
0.49
0.62
0.62
0.59
0.61
0.48
0.62
0.50
0.56
0.51
0.58
0.56
0.50
0.61
0.57
0.52
0.59
0.61
0.53
0.55
0.52
0.62
0.49
0.57
0.61
0.64
0.54
0.60
0.58
0.48
0.48
0.50
0.56
0.49
0.57
0.57
0.53
0.55
0.48
0.59
0.58
0.59
0.56
0.61
0.50
0.62
0.57
0.59
0.63
0.58
0.59
0.54
0.53
0.51
0.54
0.52
0.56
0.54
0.52
0.60
0.50
0.61
0.60
0.54
0.54
0.55
0.60
0.54
0.60
0.47
0.56
0.56
0.49
0.54
0.56
0.58
0.58
0.58
0.60
0.51
0.58
0.52
0.53
0.51
0.56
0.49
0.54
0.46
0.51
0.48
0.53
0.60
0.54
0.57
0.60
0.54
0.60
0.54
0.53
0.57
0.51
0.57
0.49
0.50
0.52
0.48
0.51
0.50
0.52
0.48
0.49
0.49
0.59
0.58
0.53
0.64
0.53
0.58
0.60
0.62
0.55
0.59
0.56
0.61
0.50
0.60
0.47
0.52
0.48
0.59
0.43
0.53
0.47
0.51
0.58
0.52
0.47
0.48
0.47
0.56
0.49
0.56
0.55
0.46
0.56
0.52
0.47
0.53
0.56
0.48
0.49
0.58
0.48
0.50
0.49
0.47
0.52
0.57
0.52
0.47
0.54
0.46
0.54
0.55
0.43
0.56
0.52
0.56
0.52
0.52
0.48
0.55
0.53
0.52
0.51
0.56
0.48
0.52
0.54
0.51
0.46
0.46
0.46
0.56
0.55
0.52
0.46
0.52
0.41
0.46
0.42
0.41
0.49
0.48
0.58
0.45
0.59
0.64
0.62
0.61
0.46
0.57
0.44
0.44
0.53
0.52
0.50
0.52
0.48
0.48
0.53
0.51
0.50
0.56
0.49
0.44
0.49
0.47
0.49
0.50
0.52
0.52
0.58
0.53
0.52
0.56
0.50
0.48
0.56
0.50
0.51
0.41
0.44
0.48
0.47
0.51
0.52
0.53
0.46
0.47
0.40
0.41
0.33
0.36
0.50
0.45
0.54
