0.00
470.90
467.15
462.24
477.21
304.12
444.70
389.25
477.97
283.44
525.49
448.52
464.35
315.19
473.24
239.96
202.27
510.52
461.75
498.65
295.33
439.41
383.24
293.06
321.00
491.97
278.76
477.90
238.13
406.25
296.05
455.87
312.32
314.32
471.72
431.77
423.87
467.23
441.40
457.18
288.93
396.89
334.26
394.79
317.16
247.25
349.78
239.17
346.07
350.07
384.19
449.94
467.83
416.17
431.42
427.12
399.04
395.81
304.84
330.58
387.32
349.42
316.54
239.08
386.48
261.08
339.10
371.93
358.49
217.72
320.99
238.77
366.58
255.59
280.17
277.78
292.79
338.32
220.06
344.66
324.73
319.91
224.54
303.52
275.04
315.83
210.20
299.84
269.73
214.85
328.05
211.62
242.74
300.10
309.92
260.86
271.87
326.62
397.16
296.68
328.44
266.57
326.72
185.83
320.64
306.49
270.96
305.17
200.91
312.05
206.26
250.87
222.80
268.63
251.32
203.02
320.35
256.52
197.78
267.95
270.89
219.81
233.44
195.16
305.28
191.80
254.32
292.73
340.54
222.67
284.81
266.09
172.48
188.52
197.86
255.34
180.85
248.01
249.28
215.97
228.83
180.84
238.70
243.58
293.73
244.51
294.60
189.79
287.76
245.50
270.20
295.22
266.13
250.85
204.69
207.32
191.07
213.46
202.33
234.82
206.05
192.72
266.75
188.85
267.09
269.61
229.97
226.48
227.29
275.97
211.25
261.61
151.72
205.44
224.64
176.69
186.65
207.38
239.53
245.04
258.74
261.24
198.29
256.60
188.63
210.14
195.63
222.04
159.65
190.64
141.71
196.38
161.83
192.26
247.64
195.16
211.40
247.50
186.16
259.12
175.03
221.24
211.34
186.48
245.24
150.50
163.79
174.40
163.40
175.77
175.08
176.93
156.16
150.84
155.63
247.08
235.89
200.47
304.13
188.86
243.62
259.21
267.42
208.74
232.11
214.31
274.16
172.19
261.35
149.29
192.97
160.59
233.29
119.31
179.86
146.46
163.67
216.21
156.97
132.92
149.08
141.84
197.77
145.73
224.13
195.86
133.77
198.20
168.83
133.20
176.15
198.59
152.96
149.70
234.04
150.40
177.45
157.05
147.17
182.39
222.80
178.42
142.53
192.45
130.60
188.62
205.18
120.32
207.51
176.61
219.29
169.31
185.31
130.82
202.07
169.92
169.52
172.57
211.74
139.89
170.51
187.53
150.33
118.85
114.90
145.00
201.07
197.98
183.83
123.66
157.78
104.41
136.27
107.74
114.56
176.22
163.52
233.37
140.79
258.98
296.63
296.95
285.50
157.57
257.73
141.67
132.31
210.33
196.55
176.94
214.65
164.63
153.01
185.62
190.74
171.66
235.46
162.77
131.72
184.00
145.53
154.20
164.56
213.00
221.34
245.55
220.99
223.03
224.48
204.88
162.56
259.36
189.69
184.04
116.60
174.50
162.80
146.82
157.29
164.97
159.81
139.81
115.88
86.86
83.71
56.55
68.47
122.23
215.20
256.91
