0.198977
0.140860
0.107233
0.144423
0.098024
0.131578
0.134836
0.119316
0.127133
0.172378
0.149711
0.130092
0.123873
0.092130
0.144100
0.129848
0.115388
0.116920
0.156030
0.158770
0.128643
0.145988
0.111810
0.135643
0.144714
0.121241
0.153940
0.171155
0.137259
0.136973
0.145022
0.102287
0.136062
0.160496
0.146380
0.163594
0.108517
0.118419
0.136561
0.127463
0.116367
0.151596
0.138408
0.122452
0.140300
0.134909
0.144728
0.136684
0.123101
0.127865
0.119562
0.118462
0.106001
0.107510
0.154238
0.177038
0.159625
0.147059
0.123402
0.111828
0.149346
0.161670
0.135412
0.142538
0.119771
0.135086
0.175335
0.144914
0.144886
0.156189
0.149187
0.108129
0.139416
0.173748
0.159963
0.136692
0.163322
0.088059
0.117718
0.105540
0.108467
0.117888
0.097145
0.147680
0.105893
0.133030
0.154022
0.172725
0.149515
0.144160
0.128418
0.130316
0.136070
0.116175
0.124542
0.105799
0.127541
0.138293
0.125807
0.146234
0.176031
0.145320
0.125353
0.131127
0.162269
0.132882
0.129982
0.124015
0.139882
0.141440
0.153845
0.166859
0.131227
0.099786
0.118951
0.116623
0.118304
0.135252
0.134080
0.147236
0.134781
0.122064
0.143981
0.134981
0.128813
0.141075
0.157272
0.179053
0.131173
0.149364
0.178306
0.161774
0.146621
0.101253
0.154133
0.130298
0.116550
0.147036
0.157135
0.096386
0.118288
0.140324
0.132487
0.118278
0.143260
0.158545
0.167034
0.152502
0.117601
0.149432
0.143059
0.142150
0.102532
0.133729
0.127829
0.149346
0.151629
0.143241
0.120932
0.116961
0.109514
0.146854
0.115847
0.142278
0.159869
0.154991
0.154591
0.137188
0.122135
0.098123
0.149764
0.117796
0.136336
0.134475
0.142524
0.140439
0.149538
0.142514
0.075240
0.093573
0.115942
0.105259
0.114499
0.151055
0.129512
0.123836
0.146526
0.186867
0.152610
0.115455
0.130551
0.129969
0.103947
0.119525
0.133368
0.106907
0.142604
0.119338
0.149580
0.174976
0.148922
0.151493
0.129727
0.158146
0.150947
0.143703
0.114392
0.146272
0.154243
0.151192
0.138647
0.129592
0.150750
0.157029
0.113569
0.100735
0.129262
0.129172
0.150640
0.141240
0.129112
0.138186
0.103974
0.140933
0.132777
0.130249
0.123044
0.120749
0.154573
0.155930
0.118612
0.149708
0.166741
0.133128
0.137572
0.131240
0.131826
0.144377
0.168818
0.172469
0.139974
0.122056
0.124021
0.118670
0.142428
0.115430
0.131335
0.176486
0.136802
0.112731
0.144061
0.133962
0.167011
0.164407
0.133351
0.145174
0.123371
0.154033
0.134271
0.131382
0.117799
0.112541
0.157461
0.146303
0.142788
0.147940
0.132503
0.135776
0.110968
0.106914
0.147767
0.140500
0.130200
0.142746
0.121934
0.142704
0.179259
0.132386
0.091089
0.140254
0.165832
0.125882
0.161726
0.156566
0.185926
0.123069
0.142049
0.136996
0.141680
0.118043
0.155640
0.144035
0.155634
0.104702
0.134147
0.136930
0.135446
0.088593
0.143256
0.123912
0.120471
0.131592
0.118240
0.125695
0.152720
0.121121
0.131977
0.123276
0.095479
0.128399
0.143011
0.144359
0.153912
0.133695
0.133393
0.135339
0.161877
0.097734
0.137291
0.111599
0.151498
0.091178
0.114531
0.127682
0.141129
0.175350
0.153044
0.126197
0.176054
0.132081
0.136789
0.107300
0.118989
0.129399
0.133893
0.133383
0.144331
0.146056
-0.453897
0.129046
0.081939
0.065694
0.130455
0.133415
0.123178
0.123203
0.166943
0.134565
0.136912
0.110678
