0.00
439.75
455.20
443.63
447.89
479.12
371.68
418.77
206.39
305.75
394.49
387.61
387.01
301.18
393.78
350.56
240.07
377.18
289.27
251.41
204.58
291.64
277.84
333.75
259.99
257.12
259.38
280.12
310.12
128.87
270.20
232.17
250.33
253.64
291.79
209.40
252.04
237.56
331.17
307.05
308.28
327.95
309.62
252.31
351.66
339.43
270.21
383.86
371.82
316.69
321.98
334.14
239.68
315.29
327.32
350.90
354.91
398.07
331.52
331.05
376.01
276.70
244.72
278.40
290.16
263.06
257.43
236.37
266.61
224.26
160.99
225.99
213.74
305.02
203.66
205.38
264.53
183.37
238.30
172.44
195.69
243.73
118.45
200.78
191.47
150.23
118.66
137.18
140.75
172.95
188.88
156.35
82.67
196.44
134.87
192.45
169.77
204.04
183.40
124.73
205.63
214.30
153.25
135.27
155.34
144.54
152.07
187.13
186.98
175.99
245.91
185.84
188.17
234.40
261.68
317.34
328.87
197.31
228.84
298.17
193.40
231.89
200.22
172.93
289.11
228.02
177.22
214.68
297.10
176.46
166.89
210.43
155.85
222.83
189.72
172.73
128.50
136.31
181.21
195.69
217.05
215.85
229.23
252.93
230.88
167.36
161.68
193.07
186.09
253.25
199.80
165.78
107.18
221.63
150.60
272.26
172.45
265.18
237.61
253.62
247.89
300.34
273.51
345.32
257.08
262.51
300.34
300.86
330.66
355.43
348.63
342.77
304.30
323.32
359.84
377.82
328.93
292.49
313.78
373.71
289.39
359.86
341.27
361.16
343.29
311.61
355.91
337.57
382.36
367.97
332.66
357.49
371.15
345.16
324.79
378.63
368.86
366.05
365.55
332.10
349.75
358.63
326.66
267.91
266.12
288.15
272.13
291.12
276.55
254.19
302.62
220.89
267.85
237.73
219.58
272.46
258.47
268.30
280.86
269.23
298.67
274.00
210.84
299.65
246.00
227.22
306.88
248.29
292.79
302.34
240.36
305.99
234.44
224.37
210.43
199.24
238.07
255.07
224.50
223.24
257.18
294.06
237.80
220.09
251.93
324.56
316.59
275.67
296.30
284.86
280.04
276.26
249.67
219.90
192.64
138.45
208.16
291.23
331.14
295.55
230.05
238.77
285.99
190.37
317.32
199.24
226.44
200.14
258.41
306.69
251.67
273.23
352.35
333.62
374.84
429.63
455.25
389.94
440.68
437.46
387.12
290.95
290.87
141.72
293.87
281.48
28.40
19.89
36.91
50.07
49.28
74.85
56.32
73.59
51.31
42.64
38.70
48.24
36.11
186.23
216.98
217.16
297.29
187.54
160.79
217.14
17.77
57.41
253.85
185.34
226.29
225.66
292.29
230.69
204.98
142.12
303.79
264.98
214.37
218.75
198.73
109.88
30.84
64.37
75.22
51.86
28.61
29.04
67.63
