0.234071
0.151229
0.147759
0.156788
0.133207
0.135988
0.115929
0.152595
0.150833
0.124701
0.117224
0.111041
0.144994
0.154891
0.139358
0.102750
0.135852
0.125932
0.119598
0.133936
0.154254
0.163383
0.172340
0.109739
0.127416
0.140537
0.141808
0.127880
0.126475
0.146856
0.138221
0.113684
0.125069
0.155651
0.125938
0.131573
0.120305
0.118292
0.119415
0.111764
0.126115
0.146458
0.132222
0.115051
0.122905
0.124214
0.140743
0.135160
0.096882
0.132092
0.111454
0.168453
0.138434
0.123120
0.127645
0.153524
0.117654
0.142130
0.130553
0.135919
0.158532
0.140887
0.135114
0.136835
0.161958
0.166316
0.138093
0.134568
0.113471
0.117902
0.114281
0.171982
0.142424
0.133382
0.132090
0.158360
0.129875
0.146540
0.096957
0.131504
0.151261
0.098420
0.117251
0.145619
0.167044
0.145935
0.111199
0.130898
0.124591
0.133774
0.151601
0.142748
0.156216
0.144794
0.119095
0.146520
0.142940
0.145811
0.150923
0.146002
0.136219
0.126955
0.140890
0.158627
0.102882
0.150920
0.137322
0.114043
0.119879
0.110185
0.127706
0.127624
0.147028
0.135275
0.105987
0.113330
0.145109
0.130282
0.116160
0.107660
0.112863
0.140023
0.137145
0.136301
0.137031
0.126283
0.126990
0.122376
0.150803
0.149605
0.142855
0.147680
0.151819
0.160679
0.164559
0.131532
0.139218
0.100184
0.145172
0.108767
0.129012
0.124577
0.133506
0.124677
0.146034
0.144838
0.134483
0.153979
0.140798
0.138346
0.131971
0.147902
0.156113
0.146038
0.146712
0.114024
0.138678
0.138143
0.123533
0.137324
0.141403
0.156184
0.164791
0.168755
0.131497
0.138693
0.138352
0.153741
0.127255
0.097898
0.114959
0.142090
0.122011
0.155051
0.138956
0.146477
0.142342
0.135259
0.141821
0.140808
0.151476
0.141508
0.138247
0.142797
0.146915
0.139628
0.171791
0.137846
0.131001
0.122233
0.112492
0.135197
0.159356
0.128976
0.124429
0.134982
0.149592
0.121199
0.132272
0.112325
0.131632
0.180319
0.134885
0.127780
0.124207
0.136712
0.168321
0.128194
0.115179
0.132154
0.130040
0.146286
0.153034
0.110290
0.148195
0.141349
0.141262
0.123108
0.113927
0.134903
0.104327
0.150533
0.125385
0.160107
0.144026
0.112983
0.140066
0.153711
0.164097
0.140845
0.137837
0.108199
0.151775
0.145555
0.137871
0.118506
0.147331
0.124873
0.131651
0.126924
0.112205
0.151169
0.105350
0.130563
0.157517
0.110658
0.140932
0.148838
0.117608
0.111711
0.152574
0.128479
0.128377
0.144524
0.155899
0.171688
0.111313
0.145119
0.116122
0.131011
0.134399
0.101590
0.165564
0.131331
0.126583
0.150702
0.106125
0.125894
0.112957
0.145499
0.156899
0.146530
0.134014
0.143470
0.125782
0.148950
0.163445
0.123876
0.123199
0.143972
0.128103
0.131815
0.150232
0.143533
0.148607
0.112978
0.136192
0.144996
0.131013
0.146018
0.153335
0.144216
0.116153
0.141575
0.139516
0.108695
0.152036
0.146787
0.141827
0.151747
0.153628
0.164495
0.110661
0.101773
0.104859
0.117830
0.140332
0.138126
0.123761
0.141380
0.137818
0.142521
0.133669
0.112265
0.144642
0.147217
0.147448
0.106357
0.136544
0.109062
0.147082
0.129726
0.152012
0.138504
0.156397
0.127982
0.150111
0.152254
0.133895
0.128783
0.136947
0.150637
0.159856
0.151990
0.146830
0.153161
0.132549
0.116779
0.125946
0.135455
0.138503
0.133257
0.126412
0.138208
0.111437
0.146230
0.140916
0.135646
0.131272
0.167848
0.147637
0.137612
0.150916
0.150034
0.120829
0.152101
0.132972
0.101698
0.114033
0.147025
0.158017
0.158405
0.112288
0.153961
0.165819
0.116062
0.136502
0.141782
0.169017
0.115527
0.122293
0.126668
0.133668
0.134140
0.119467
0.141505
0.110066
0.132928
0.101497
0.122785
0.137832
0.125492
0.116907
0.143429
0.146937
0.144524
0.139881
0.174367
0.126047
0.122478
0.159297
0.138134
0.153180
0.175058
0.148430
0.179835
0.157679
0.120496
0.150579
0.137944
0.150272
0.139416
0.148129
0.142042
0.126265
0.151374
0.134609
0.164837
0.142096
0.119869
0.133970
0.136801
0.166227
0.144845
0.142670
0.125172
0.139904
0.132155
0.141359
0.145255
0.130163
0.133227
0.136270
0.150816
0.131549
0.124493
0.128104
0.135108
0.121140
0.144350
0.124926
0.134369
0.148235
0.144869
0.145260
0.123276
0.117435
0.114537
0.153046
0.120000
0.130543
0.155016
0.118080
0.131898
0.151215
0.144977
0.122135
0.112223
0.130919
0.105355
0.118350
0.133577
0.148592
-0.444439
0.153934
0.064019
0.095779
0.137033
0.151636
0.132651
0.124580
0.128329
0.153533
0.102511
0.110446
0.123883
0.154251
0.121776
0.105435
0.121117
0.120964
0.079738
0.145703
0.145722
0.158660
0.103631
0.145059
0.132133
0.148508
0.133698
0.144622
0.144251
0.106734
0.139554
0.125314
0.144485
0.154525
0.132443
0.146389
0.118381
0.162509
0.162064
0.167148
0.162442
0.111467
0.117652
0.100708
0.111337
0.125532
0.112557
0.128726
0.143403
0.101027
0.152579
0.133096
0.133681
0.141054
0.168421
0.153004
0.158077
0.148819
0.124733
0.148796
0.137463
0.140306
0.144943
0.127710
0.143236
0.146982
0.150933
0.138717
0.142436
0.133081
0.162917
0.129294
0.127339
0.169395
0.145969
0.143250
0.141793
0.115852
0.127419
0.117265
0.145898
0.125542
0.131040
0.154223
0.148352
0.145842
0.133565
0.166074
0.130709
0.141958
0.172961
0.152735
0.107324
0.124934
0.145068
0.138811
0.133009
0.144031
0.142846
0.134535
0.153923
0.123936
0.122427
0.134192
0.171434
0.149639
0.127605
0.153792
0.139456
0.157309
0.131431
0.141824
0.133361
0.111757
0.126985
0.104923
0.130220
0.126633
0.143728
0.153177
0.130059
0.155620
0.121457
0.137884
0.131148
0.159533
0.137040
0.143253
0.147147
0.166487
0.144479
0.172546
0.151530
0.156703
0.151991
0.134726
0.134315
0.161115
0.180666
0.154723
0.154716
0.158704
0.151817
0.134280
0.183972
0.142548
0.131540
0.140706
0.140563
0.121603
0.175331
0.171734
0.124085
0.146678
0.149527
0.135157
0.136942
0.132685
0.135174
0.155668
0.126218
0.150889
0.172403
0.126161
0.149688
0.135684
0.138760
0.125681
0.150797
0.147712
0.140889
0.160335
0.141767
0.158719
0.130956
0.125464
0.136676
0.126087
0.118097
0.141422
0.098163
0.144945
0.157221
0.102097
0.120820
0.097278
0.122907
0.135370
0.146781
0.143115
0.143807
0.128190
0.157029
0.151717
0.184860
0.137337
0.105661
0.108895
0.133672
0.118627
0.140188
0.139626
0.153951
0.127211
0.157533
0.166317
0.143677
0.120450
0.130227
0.134683
0.134042
0.146796
0.097979
0.126465
0.126361
0.120017
0.131249
0.122473
0.127571
0.131356
0.120698
0.133101
0.098030
0.149635
0.118304
0.137190
0.169358
0.155064
0.132234
0.150951
0.115955
0.128385
0.170192
0.148512
0.114563
0.138200
0.161872
0.099351
0.103201
0.110349
0.095350
0.138737
0.116320
0.097798
0.125113
0.112012
0.139742
0.104708
0.122758
0.110352
0.125791
0.105161
0.122880
0.135636
0.125115
0.129264
0.118588
0.129406
0.125938
0.127958
0.165424
0.128340
0.159714
0.141639
0.169009
0.145742
0.164382
0.156011
0.152305
0.184860
0.133808
0.135519
0.178212
0.141669
0.182949
0.132965
0.178409
0.160499
0.140954
0.142651
0.151354
0.165738
0.169935
0.163006
0.140442
0.184337
0.138802
0.136596
0.139655
0.151686
0.162441
0.142904
0.130062
0.173786
0.200792
0.154822
0.151854
0.162261
0.118851
0.155448
0.155126
0.149538
0.159065
0.172304
0.159917
0.137916
0.152930
0.128016
0.150113
0.134941
0.101905
0.156431
0.152796
0.131659
0.160777
0.185500
0.161526
0.167267
0.159626
0.203161
0.154711
0.133016
0.121185
0.157737
0.157652
0.131506
0.140943
0.157493
0.165055
0.161871
0.161975
0.151991
0.162822
0.145248
0.118750
0.154387
0.159494
0.173087
0.137362
0.164412
0.143456
0.144674
0.166314
0.160653
0.154548
0.153050
0.155305
0.155626
0.161120
0.171066
0.161422
0.148287
0.133407
0.121521
0.166529
0.135176
0.131996
0.195681
0.164623
0.162986
0.156402
0.170771
0.117813
0.144949
0.113755
0.147919
0.196964
0.173814
0.160983
0.169026
0.166846
0.113262
0.094507
0.091589
0.141481
0.150865
0.125273
0.111342
0.106004
0.107267
0.111671
0.088597
0.103666
0.093433
0.112041
0.093912
0.105755
0.088624
0.105383
0.100340
0.122184
0.147823
0.145179
0.144108
0.139266
0.168921
0.152550
0.162464
0.146772
0.155837
0.136744
0.120089
0.138100
0.142052
0.153837
0.166751
0.172877
0.133400
0.135547
0.136899
0.130349
0.154962
0.142015
0.149256
0.127605
0.152392
0.138518
0.138150
0.143918
0.167521
0.133212
0.154903
0.125415
0.151794
0.158636
0.184519
0.152498
0.185653
0.187142
0.157556
0.140007
0.135770
0.139174
0.135448
0.181317
0.144292
0.180815
0.123967
0.144751
0.172761
0.140775
0.162984
0.151387
0.151898
0.155262
0.152846
0.176411
0.155092
0.139647
0.150601
0.166806
0.134619
0.160278
0.142319
0.149031
0.160758
0.167106
0.165132
0.161175
0.151836
0.157327
0.155831
0.151751
0.154787
0.117172
0.127491
0.132972
0.154023
0.145501
0.146052
0.153447
0.162524
0.146972
0.160542
0.160629
0.132161
0.132693
0.178849
0.137059
0.132523
0.140245
0.135641
0.155261
0.157502
0.146358
0.116549
0.162961
0.195138
0.139921
0.151368
0.143973
0.156668
0.154832
0.156307
0.161356
0.126913
0.159328
0.127735
0.146460
0.132224
0.121598
0.142176
0.148109
0.158691
0.160315
0.136546
0.137299
0.102857
0.151158
0.115275
0.141802
0.128859
0.135863
0.138696
0.132657
0.121417
0.148608
0.103290
0.114441
0.117921
0.125129
0.132075
0.128731
0.166917
0.151215
0.132394
0.136647
0.170458
0.152539
0.160100
0.128483
0.156397
0.157892
0.133856
0.154670
0.134624
0.139161
0.165984
0.161586
0.166450
0.146373
0.130501
0.133773
0.152025
0.142199
0.161447
0.132820
0.151707
0.126493
0.170522
0.156242
0.135727
0.127802
0.115035
0.148864
0.192172
0.147758
0.132087
0.141890
0.155058
0.136405
0.180895
0.142216
0.155693
0.145749
0.143635
0.157490
0.141969
0.154129
0.154453
0.153288
0.136953
0.176008
0.152753
0.163400
0.148813
0.129189
0.161988
0.147812
0.155169
0.160094
0.163819
0.167635
0.134093
0.139317
0.157676
0.151083
0.137718
0.168358
0.177386
0.134602
0.138205
0.123560
0.151651
0.163216
0.154862
0.160132
0.166895
0.138437
0.147235
0.164052
0.147968
0.172949
0.190719
0.137232
0.178893
0.167428
0.173063
0.144029
0.204399
0.129636
0.182782
0.166107
0.180192
0.159784
0.181438
0.176360
0.168413
0.215514
0.173142
0.142730
0.147274
0.143926
0.153489
0.186420
0.155353
0.108573
0.099564
0.171992
0.147937
0.122300
0.105221
0.122891
0.127791
0.133283
0.132559
0.109089
0.125683
0.121198
0.106081
0.110161
0.120809
0.115148
0.142216
0.124488
0.152292
0.159003
0.125140
0.136554
0.132212
0.154939
0.172206
0.159019
0.142155
0.136638
0.154401
0.151970
0.116729
0.126775
0.126860
0.140439
0.132855
0.135603
0.162205
0.155621
0.126924
0.152933
0.112967
0.125775
0.117339
0.112606
0.137567
0.129324
0.161081
0.155393
0.151308
0.171300
0.149421
0.173844
0.155191
0.145245
0.104460
0.138573
0.149011
0.148379
0.163527
0.134506
0.122139
0.160656
0.160929
0.149763
0.188888
0.129033
0.154261
0.163923
0.139336
0.130268
0.147061
0.144652
0.181450
0.156011
0.146840
0.147727
0.121903
0.115019
0.123397
0.119575
0.134129
0.114212
0.152789
0.172049
0.138430
0.142999
0.153961
0.110579
0.126425
0.137693
0.125787
0.173964
0.144328
0.135734
0.113948
0.166030
0.169448
0.143602
0.118309
0.137812
0.158920
0.125982
0.135038
0.147729
0.120758
0.136040
0.110589
0.142981
0.130462
0.126268
0.136545
0.156172
0.159486
0.146467
0.134682
0.125004
0.146853
0.120224
0.126086
0.148077
0.145419
0.136712
0.163454
0.144901
0.146946
0.093010
0.119275
0.132716
0.121793
0.120456
0.138716
0.148097
0.114376
0.136203
0.137072
0.148861
0.122344
0.145665
0.158232
0.131472
0.125403
0.137093
0.122718
0.122027
0.154772
0.132252
0.157659
0.147412
0.147852
0.151153
0.122187
0.128802
0.130738
0.147142
0.094014
0.129639
0.133311
0.116621
0.186530
0.149893
0.128116
0.100033
0.130496
0.158352
0.133746
0.126265
0.165181
0.126594
0.116639
0.154693
0.187785
0.142343
0.141619
0.149438
0.132856
0.109282
0.158424
0.126840
0.156300
0.144113
0.160597
0.088207
0.090319
0.157475
0.135584
0.125142
0.152698
0.123969
0.146765
0.134584
0.130062
0.127628
0.127069
0.131847
0.137893
0.146420
0.132778
0.118891
0.155301
0.172159
0.120309
0.174002
0.093323
0.150616
0.137917
0.164173
0.175694
0.157542
0.159974
0.136554
0.127921
0.151076
0.129796
0.128036
0.140963
0.139025
0.121237
0.170682
0.175069
0.143932
0.108746
0.113068
0.113392
0.129751
0.124400
0.126946
0.141410
0.144546
0.163695
0.150662
0.155820
0.152483
0.111723
0.149163
0.144571
0.168592
0.171837
0.167056
0.176440
0.156644
0.174382
0.133903
0.137417
0.116711
0.137878
0.121032
0.110510
0.141900
0.130921
0.150130
0.137236
0.150868
0.134974
0.124667
0.145193
0.126053
0.102558
0.118576
0.117647
0.132889
0.158190
0.143475
0.118623
0.122244
0.149468
0.150893
0.152814
0.148605
0.135946
0.130672
0.135331
0.140035
0.122477
0.128546
0.135934
0.102138
0.131989
0.160559
0.126454
0.135278
0.134058
0.126413
0.149569
0.143691
0.142378
0.129971
0.153703
0.135111
0.122816
0.121087
0.128698
0.135514
0.142860
0.113811
0.133878
0.132111
0.125524
0.167550
0.144712
0.148465
0.156657
0.155335
0.104950
0.135288
0.141302
0.123901
0.114580
0.145156
0.115925
0.142962
0.155086
0.147661
0.146904
0.145479
0.140059
0.132307
0.125420
0.145296
0.112791
0.140891
0.160416
0.166131
0.138254
0.130435
0.171816
0.146166
0.151270
0.168236
0.165565
0.137562
0.152886
0.145315
0.127728
0.120055
0.130424
0.135162
0.174951
0.151596
0.152432
0.108694
0.123317
0.108552
0.153481
0.130419
0.128774
0.173553
0.172738
0.132698
0.140141
0.160539
0.123479
0.161659
0.142638
0.156002
0.141943
0.131951
0.141551
0.157349
0.143690
0.136984
0.141244
0.133879
0.140943
0.134687
0.139123
0.130396
0.139447
0.159676
0.116781
0.154148
0.097852
0.112433
0.137079
0.163995
0.163019
0.170613
0.138178
0.143102
0.173791
0.164372
0.145327
0.163874
0.133840
0.156293
0.140279
0.151325
0.143256
0.098566
0.145756
0.146430
0.150166
0.125221
0.147374
0.123996
0.148836
0.148452
0.148127
0.111353
0.119071
0.114144
0.135666
0.150269
0.147512
0.124401
0.139031
0.140744
0.106960
0.134575
0.139683
0.111534
0.121487
0.119112
0.155528
0.157612
0.131052
0.124884
0.142192
0.141010
0.153055
0.133940
0.138066
0.123633
0.163832
0.121405
0.149899
0.133950
0.135290
0.117214
0.110432
0.131225
0.141847
0.113505
0.143390
0.135179
0.133329
0.122050
0.114271
0.130633
0.139412
0.158487
0.128330
0.130611
0.147439
0.141424
0.142462
0.113741
0.126865
0.138118
0.134592
0.160420
0.131106
0.142692
0.149893
0.144394
0.133823
0.152448
0.117210
0.142269
0.150265
0.134722
0.111736
0.131668
0.112114
0.154164
0.133999
0.142948
0.126910
0.135138
0.162848
0.134477
0.115364
0.108255
0.171586
0.177877
0.135797
0.100043
0.136391
0.106633
0.141182
0.136456
0.126019
0.142606
0.117767
0.133950
0.119852
0.118431
0.152319
0.132691
0.135356
0.140740
0.145332
0.149142
0.151182
0.158635
0.159828
0.127841
0.138611
0.169733
0.117542
0.120230
0.139871
0.114115
0.152279
0.149608
0.142412
0.139672
0.137275
0.139366
0.128195
0.113582
0.121989
0.109101
0.167138
0.133216
0.140525
0.172757
0.149583
0.151701
0.154690
0.138779
0.140094
0.110855
0.135166
0.129593
0.129865
0.128911
0.152770
0.128214
0.139315
0.137987
0.129673
0.176856
0.140963
0.138512
0.145153
0.139676
0.143164
0.132280
0.142645
0.149714
0.116484
0.103384
0.120624
0.137210
0.120868
0.134011
0.166825
0.156758
0.118285
0.123716
0.121929
0.137222
0.157429
0.163818
0.155795
0.160824
0.143615
0.172750
0.153028
0.148825
0.133045
0.156537
0.118888
0.163527
0.122491
0.134557
0.155656
0.130885
0.129583
0.115838
0.134128
0.123283
0.136723
0.135427
0.127621
0.144170
0.138477
0.115008
0.146825
0.123260
0.146605
0.139508
0.148915
0.136366
0.148225
0.141319
0.135347
0.110065
0.155647
0.127439
0.139831
0.139888
0.171093
0.118402
0.120988
0.137385
0.127788
0.151591
0.149829
0.104201
0.157412
0.165338
0.155049
0.157408
0.158025
0.114514
0.149397
0.122187
0.142916
0.136597
0.145759
0.165747
0.130450
0.091562
0.113424
0.156544
0.145010
0.152292
0.120930
0.140071
0.141255
0.117042
0.146013
0.123013
0.143654
0.118867
0.148462
0.142426
0.128587
0.140662
0.122846
0.145748
0.129679
0.130538
0.134666
0.123775
0.191105
0.177213
0.171016
0.121726
0.119219
0.174922
0.155098
0.154966
0.128053
0.166032
0.141203
0.169618
0.118187
0.134899
0.130187
0.123093
0.134311
0.168568
0.116482
0.122565
0.139264
0.143113
0.148391
0.100215
0.145064
0.145635
0.160169
0.139259
0.137763
0.144496
0.109868
0.132266
0.144111
0.137114
0.135866
0.158517
0.130446
0.128553
0.153856
0.126052
0.122863
0.141367
0.174539
0.159371
0.122787
0.177244
0.112905
0.137338
0.157462
0.135714
0.175069
0.164676
0.137722
0.159202
0.141866
0.126995
0.127899
0.110081
0.166537
0.140277
0.127303
0.148334
0.140635
0.150614
0.172119
0.155695
0.112815
0.123986
0.156455
0.125608
0.156955
0.111318
0.130561
0.106323
0.125629
0.167514
0.120006
0.130961
0.083120
0.119347
0.125214
0.151136
0.129377
0.126151
0.133490
0.128098
0.150989
0.118189
0.122749
0.125905
0.144895
0.149688
0.124836
0.194473
0.128221
0.178001
0.230889
0.168410
0.147483
0.153447
0.126862
0.192047
0.187433
0.160176
0.160578
0.151381
0.133880
0.116344
0.164460
0.128438
0.153955
0.152728
0.147354
0.134232
0.122474
0.143098
0.121254
0.127583
0.131591
0.141820
0.151633
0.134188
0.141706
0.154791
0.112811
0.164244
0.163205
0.123529
0.152468
0.123826
0.139294
0.121749
0.143889
0.143790
0.156789
0.171777
0.123487
0.116942
0.109946
0.131807
0.139476
0.196194
0.138787
0.138834
0.145164
0.143881
0.137239
0.110520
0.132198
0.136172
0.132709
0.124789
0.161553
0.135992
0.166920
0.130943
0.148879
0.171995
0.119462
0.144701
0.130852
0.155437
0.145645
0.108593
0.109544
0.140017
0.153363
0.162200
0.134799
0.128434
0.142667
0.150766
0.122456
0.127980
0.119747
0.130532
0.163175
0.106191
0.107154
0.152017
0.135634
0.128346
0.127384
0.142368
0.158981
0.118624
0.145621
0.132104
0.180013
0.131657
0.119914
0.151832
0.147283
0.129256
0.178381
0.139939
0.131627
0.151723
0.134181
0.128115
0.137717
0.153211
0.150742
0.145189
0.121416
0.124861
0.169485
0.139354
0.120004
0.109286
0.093570
0.157746
0.103863
0.142468
0.165043
0.154873
0.107311
0.140502
0.130995
0.156275
0.094652
0.157811
0.144315
0.097392
0.113431
0.158462
0.131821
0.146087
0.143838
0.133622
0.153268
0.134181
0.133362
0.142215
0.155874
0.158737
0.157486
0.179770
0.145195
0.137172
0.118465
0.148004
0.163104
0.130517
0.139749
0.135292
0.129526
0.142713
0.148311
0.160785
0.135814
0.143036
0.143135
0.136723
0.121032
0.160980
0.145882
0.173252
0.161703
0.148582
0.153941
0.115331
0.140347
0.133571
0.139878
0.148407
0.154806
0.118634
0.130220
0.147892
0.123775
0.143641
0.140859
0.186693
0.163830
0.179166
0.125218
0.181112
0.144985
0.202617
0.155464
0.142242
0.151822
0.121648
0.152814
0.125488
0.165197
0.139338
0.146526
0.149170
0.168597
0.151597
0.150377
0.159668
0.159298
0.156430
0.113078
0.131731
0.117062
0.115536
0.171724
0.154611
0.150660
0.137144
0.143384
0.156488
0.167752
0.142125
0.145208
0.123182
0.119963
0.138521
0.134753
0.165514
0.151837
0.157343
0.125254
0.124129
0.132550
0.179670
0.119377
0.146829
0.138698
0.134059
0.134786
0.114450
0.158668
0.166780
0.145780
0.128585
0.134297
0.145962
0.145858
0.163647
0.151123
0.146044
0.142743
0.140971
0.136147
0.126125
0.147084
0.132338
0.109641
0.165711
0.176986
0.179367
0.140310
0.166287
0.137709
0.145197
0.150514
0.164076
0.154437
0.120776
0.156853
0.155268
0.131677
0.168085
0.163362
0.164214
0.132434
0.094052
0.163821
0.117479
0.123022
0.142154
0.121014
0.113871
0.119617
0.139592
0.130079
0.160097
0.166276
0.149565
0.147734
0.108430
0.130694
0.137172
0.138843
0.148896
0.136588
0.131181
0.167163
0.137929
0.161415
0.132260
0.149812
0.149951
0.119032
0.135868
0.133620
0.149851
0.121197
0.106615
0.117668
0.141474
0.155164
0.105689
0.143472
0.162780
0.155119
0.109846
0.133768
0.168252
0.140223
0.153546
0.168184
0.165293
0.117629
0.139705
0.106148
0.146889
0.126259
0.145097
0.161399
0.145038
0.144929
0.128266
0.149012
0.123728
0.161622
0.113855
0.139644
0.169292
0.156067
0.132701
0.121818
0.149149
0.143802
0.164813
0.117716
0.118413
0.120047
0.100833
0.130054
0.100267
0.136884
0.156998
0.154780
0.158883
0.147237
0.152827
0.149984
0.134328
0.167947
0.160494
0.175169
0.128707
0.151597
0.145344
0.156354
0.108102
0.134168
0.192622
0.195969
0.174637
0.143722
0.159343
0.153681
0.122964
0.140029
0.137264
0.151817
0.123470
0.130678
0.155386
0.124159
0.135630
0.150248
0.157644
0.161232
0.167330
0.159834
0.143135
0.156167
0.115130
0.132781
0.124883
0.139946
0.136691
0.155512
0.169875
0.149950
0.116255
0.115595
0.121930
0.136871
0.145861
0.152122
0.169422
0.140743
0.126650
0.143927
0.151890
0.150782
0.166296
0.128139
0.122694
0.132705
0.152175
0.137015
0.117493
0.136770
0.148983
0.115885
0.167148
0.166096
0.150403
0.140179
0.157722
0.159677
0.101026
0.136641
0.129726
0.156029
0.173729
0.152214
0.156621
0.145671
0.140134
0.131452
0.126344
0.166467
0.097994
0.118170
0.094913
0.117099
0.123298
0.137294
0.145598
0.131628
0.153311
0.110487
0.141217
0.133158
0.133996
0.127769
0.113327
0.135616
0.137353
0.153893
0.141304
0.147209
0.148571
0.142773
0.134812
0.153854
0.161931
0.146111
0.202199
0.130555
0.126436
0.136063
0.138788
0.116807
0.122394
0.139147
0.123007
0.137049
0.131254
0.143384
0.145871
0.117418
0.135358
0.123079
0.159938
0.198290
0.139209
0.198309
0.106786
0.132380
0.144337
0.136614
0.137878
0.144862
0.132208
0.132692
0.124757
0.112787
0.157124
0.121733
0.173871
0.139962
0.157553
0.194441
0.154329
0.152773
0.121612
0.147830
0.150888
0.132793
0.110686
0.106644
0.125483
0.170256
0.131186
0.149268
0.126420
0.132515
0.148783
0.159725
0.129764
0.184592
0.208846
0.098764
0.136274
0.122261
0.152949
0.150773
0.201708
0.155778
0.125817
0.150547
0.150198
0.179170
0.153438
0.161946
0.143213
0.164840
0.141497
0.165285
0.143195
0.139838
0.128387
0.154274
0.119080
0.141920
0.133797
0.209869
0.148710
0.232404
0.167374
0.175797
0.142700
0.141326
0.199123
0.130014
0.144450
0.132524
0.141815
0.177984
0.120138
0.129406
0.136426
0.119558
0.128415
0.124972
0.140003
0.102038
0.134619
0.118650
0.143610
0.145455
0.176145
0.189283
0.156547
0.156478
0.146302
0.126255
0.141341
0.135453
0.114995
0.139568
0.123630
0.123965
0.155079
0.121894
0.103702
0.162434
0.166055
0.151414
0.147136
0.126762
0.129640
0.143727
0.116170
0.161076
0.142870
0.154941
0.167421
0.182921
0.154057
0.155389
0.141229
0.146504
0.164648
0.182347
0.149172
0.142263
0.129766
0.125970
0.119584
0.116589
0.134998
0.131124
0.125011
0.170391
0.160521
0.152953
0.121169
0.138723
0.136475
0.157009
0.163521
0.157741
0.133971
0.137967
0.138013
0.151267
0.121111
0.144872
0.129791
0.140559
0.136264
0.162832
0.133342
0.172158
0.129206
0.125273
0.133352
0.146135
0.106133
0.153545
0.134709
0.127218
0.161060
0.135007
0.153065
0.139851
0.125495
0.147677
0.121491
0.154691
0.156227
0.159759
0.141198
0.146845
0.173588
0.159673
0.126081
0.150990
0.191261
0.128325
0.132989
0.082610
0.159417
0.145548
0.168507
0.133309
0.125190
0.158994
0.128151
0.110999
0.131207
0.124910
0.143285
0.165370
0.163373
0.099285
0.143995
0.135702
0.132093
0.129793
0.099988
0.160562
0.174557
0.140112
0.144212
0.146290
0.139678
0.135696
0.172557
0.148154
0.127287
0.114053
0.136561
0.097317
0.145831
0.121949
0.145724
0.140944
0.139161
0.120373
0.139602
0.121454
0.123652
0.112190
0.157449
0.128051
0.143822
0.135077
0.127838
0.136141
0.180570
0.113502
0.129854
0.151898
0.166816
0.143502
0.126069
0.116047
0.174892
0.102216
0.199255
0.181190
0.184085
0.190712
0.156486
0.124576
0.130378
0.157957
0.092343
0.126184
0.117358
0.161164
0.159300
0.152921
0.138378
