0.00
0.72
0.74
0.72
0.71
0.75
0.64
0.70
0.49
0.58
0.68
0.68
0.70
0.63
0.70
0.64
0.56
0.69
0.60
0.60
0.55
0.57
0.59
0.63
0.57
0.55
0.58
0.56
0.58
0.32
0.56
0.53
0.48
0.51
0.57
0.47
0.53
0.54
0.61
0.59
0.60
0.56
0.42
0.46
0.64
0.58
0.51
0.66
0.64
0.46
0.49
0.55
0.47
0.38
0.57
0.55
0.58
0.64
0.57
0.59
0.59
0.52
0.44
0.54
0.54
0.46
0.51
0.49
0.52
0.48
0.29
0.47
0.42
0.51
0.33
0.38
0.50
0.38
0.40
0.36
0.41
0.48
0.31
0.44
0.44
0.39
0.30
0.36
0.38
0.44
0.27
0.45
0.33
0.45
0.47
0.49
0.45
0.51
0.52
0.27
0.49
0.46
0.42
0.37
0.46
0.45
0.40
0.52
0.51
0.50
0.61
0.56
0.50
0.59
0.57
0.59
0.61
0.52
0.57
0.59
0.48
0.54
0.49
0.42
0.57
0.48
0.49
0.48
0.52
0.44
0.49
0.48
0.47
0.53
0.47
0.54
0.22
0.28
0.33
0.31
0.49
0.34
0.40
0.52
0.55
0.43
0.36
0.51
0.54
0.51
0.57
0.50
0.39
0.58
0.49
0.63
0.51
0.62
0.59
0.60
0.61
0.61
0.61
0.67
0.58
0.52
0.61
0.61
0.63
0.63
0.60
0.64
0.62
0.64
0.65
0.65
0.60
0.51
0.50
0.64
0.59
0.64
0.64
0.65
0.63
0.63
0.66
0.63
0.67
0.67
0.64
0.66
0.67
0.66
0.64
0.66
0.66
0.65
0.66
0.63
0.66
0.64
0.65
0.58
0.57
0.60
0.57
0.60
0.59
0.57
0.63
0.54
0.58
0.56
0.51
0.56
0.55
0.55
0.60
0.45
0.50
0.57
0.54
0.63
0.57
0.56
0.63
0.58
0.60
0.63
0.54
0.62
0.52
0.52
0.51
0.51
0.53
0.54
0.54
0.53
0.54
0.58
0.55
0.50
0.55
0.62
0.61
0.58
0.59
0.56
0.59
0.58
0.55
0.53
0.48
0.43
0.51
0.60
0.64
0.60
0.51
0.52
0.53
0.48
0.57
0.46
0.35
0.52
0.58
0.64
0.56
0.60
0.68
0.67
0.67
0.73
0.74
0.68
0.70
0.72
0.62
0.55
0.57
0.44
0.59
0.55
0.18
0.12
0.11
0.19
0.24
0.37
0.24
0.38
0.22
0.20
0.15
0.14
0.06
0.51
0.53
0.54
0.67
0.49
0.50
0.56
0.08
0.08
0.21
0.49
0.51
0.49
0.61
0.53
0.49
0.42
0.56
0.54
0.50
0.50
0.45
0.40
0.20
0.26
0.38
0.26
0.17
0.15
0.25
