0.00
403.11
487.86
464.64
410.73
477.33
467.98
331.06
454.96
470.15
465.22
430.52
430.04
394.88
394.40
456.87
429.50
457.17
442.43
408.46
436.62
346.47
452.75
447.57
255.58
406.06
471.73
380.67
405.95
344.24
473.15
444.43
343.54
456.67
378.29
387.32
465.83
404.33
436.82
434.14
455.79
380.02
386.39
447.81
399.36
410.27
370.11
420.71
402.87
432.89
440.54
401.83
361.19
441.41
417.93
429.10
417.92
401.98
442.26
397.31
456.52
350.99
412.39
422.25
432.46
406.71
407.71
406.24
330.25
283.14
419.83
428.71
389.34
356.42
416.20
373.38
369.35
351.32
401.37
394.38
414.58
419.80
305.66
380.84
332.47
433.91
452.62
437.95
382.10
415.96
374.51
363.04
341.95
326.66
334.42
320.33
373.03
325.84
302.98
292.26
387.39
357.84
310.75
276.70
364.13
353.70
354.91
368.11
386.93
379.13
393.54
400.69
376.43
358.75
346.83
332.20
365.47
424.05
408.56
345.28
382.37
393.68
368.68
419.81
415.87
409.93
402.91
380.46
325.08
378.89
377.75
364.96
324.28
359.79
378.59
358.42
383.35
296.53
387.93
382.16
361.95
376.72
394.81
302.11
370.12
394.02
333.50
390.91
391.74
362.50
388.94
385.23
390.57
348.54
381.62
387.17
407.29
368.14
426.33
404.91
386.84
328.61
441.71
431.89
450.31
345.12
425.87
394.29
428.67
388.38
420.01
416.73
412.98
286.78
423.30
367.98
407.13
415.95
424.11
385.67
340.61
406.93
318.51
375.32
373.19
413.91
351.68
307.46
383.98
383.08
343.96
364.30
362.00
382.51
347.21
382.57
371.47
371.88
362.85
397.23
396.50
213.68
368.61
372.06
320.68
358.32
352.47
352.55
394.71
359.71
374.16
360.35
417.93
374.37
406.47
296.67
383.00
377.80
324.23
359.39
358.13
287.55
374.26
341.68
332.33
367.72
357.39
365.74
329.71
337.39
319.92
332.10
295.08
342.45
270.65
335.15
379.20
284.68
362.46
382.68
314.87
382.26
364.13
340.14
377.36
360.23
256.25
386.26
369.75
363.47
302.81
268.41
368.35
352.18
379.75
348.17
391.20
359.79
371.96
365.18
309.19
380.98
356.27
283.77
350.15
321.75
290.70
362.04
384.94
239.05
369.68
356.11
272.42
326.48
339.86
371.51
364.72
368.03
313.51
275.89
345.27
347.44
320.60
361.65
356.86
297.03
342.98
230.69
329.15
294.57
348.25
337.70
346.13
317.78
294.24
339.70
285.54
308.61
343.34
322.67
346.64
337.60
289.70
293.03
325.95
347.48
287.22
320.58
297.53
327.49
329.50
336.07
339.51
277.02
296.73
344.58
301.21
345.82
291.99
276.59
261.64
333.31
370.00
366.87
273.09
353.45
330.35
252.90
374.80
261.31
389.45
335.74
349.28
338.78
214.50
269.15
330.76
324.57
349.07
302.70
223.76
352.81
329.26
241.14
335.84
321.18
314.91
267.44
215.38
320.80
235.01
318.53
283.15
304.35
318.37
305.01
210.50
284.31
318.44
230.60
269.12
236.45
248.28
320.50
336.57
291.86
288.43
255.71
321.60
270.37
235.52
237.89
325.41
226.22
309.93
248.86
207.31
251.66
259.85
249.24
308.25
305.56
302.52
331.86
243.96
354.88
286.12
330.10
343.07
330.28
232.09
319.86
296.62
244.24
296.59
253.66
292.02
292.99
300.96
310.60
330.22
310.72
336.74
337.49
307.07
332.82
335.63
356.05
263.57
350.01
323.56
270.31
260.98
271.27
297.18
301.49
226.29
247.69
317.74
244.85
301.42
251.14
273.78
305.52
342.76
282.92
305.02
209.54
314.18
290.55
227.76
266.33
297.41
299.83
282.20
272.95
258.39
210.83
265.34
182.41
184.10
257.50
192.72
204.90
255.07
290.15
224.99
315.85
274.09
191.14
255.61
269.12
253.78
211.91
238.97
250.52
258.62
194.97
235.52
163.08
214.81
203.83
174.47
170.18
185.44
202.79
191.85
191.62
187.95
161.80
194.87
307.68
272.72
257.36
308.01
210.04
223.16
206.55
189.32
203.31
186.10
229.68
253.43
236.78
284.89
226.09
210.27
241.90
204.89
281.60
249.21
315.46
218.04
266.77
231.76
237.84
271.66
222.46
228.54
274.38
317.93
278.30
269.01
305.54
319.95
304.71
314.17
318.87
343.57
309.74
362.35
343.56
359.96
359.33
401.27
380.37
339.26
359.36
284.36
310.32
309.80
315.57
311.03
302.89
335.59
356.84
319.52
354.55
307.48
386.79
357.56
366.13
376.64
348.41
316.27
347.70
337.27
328.02
271.66
296.26
255.47
313.15
299.04
281.99
269.24
256.14
297.13
263.90
269.76
233.30
290.31
250.64
272.42
265.59
307.11
270.18
290.15
266.82
274.34
326.75
230.22
261.53
284.75
253.67
287.99
260.86
289.28
315.69
314.66
272.63
322.93
332.54
371.49
393.35
309.25
379.29
303.66
385.47
398.63
345.42
342.37
344.90
356.30
335.56
300.74
342.14
340.97
359.12
349.63
353.05
269.73
381.85
243.91
393.86
254.90
414.81
365.57
371.88
357.97
316.87
388.93
409.71
335.29
306.02
346.00
268.20
316.86
223.15
329.18
349.34
238.42
310.90
304.13
285.09
337.93
383.80
339.94
392.94
340.35
298.25
347.80
377.29
367.99
308.16
326.45
317.43
375.65
273.03
296.90
300.77
332.97
329.13
331.98
308.33
320.94
416.90
297.15
386.26
327.09
348.90
365.70
345.83
344.77
387.41
269.37
336.48
315.87
264.04
346.84
341.84
310.73
346.65
286.87
339.73
321.08
306.49
378.04
386.84
320.44
367.23
345.52
320.79
348.51
360.15
379.64
356.36
280.50
316.86
274.87
323.61
313.59
291.83
237.63
247.37
240.26
258.40
224.23
260.22
221.73
235.45
197.58
216.96
215.45
234.00
190.59
175.51
218.43
144.33
124.79
176.12
187.99
141.72
158.13
146.67
157.28
130.35
147.69
161.25
150.68
188.86
200.11
285.94
272.76
224.20
284.97
254.38
242.00
264.58
282.29
263.13
234.08
315.53
270.43
325.01
348.43
326.29
325.69
320.52
339.03
341.94
376.44
342.06
371.37
320.35
264.94
272.84
239.33
258.43
246.79
200.14
184.70
214.07
209.09
212.64
208.95
273.97
281.37
307.39
352.72
363.92
381.37
395.65
434.22
432.00
407.89
404.46
424.84
412.93
416.70
421.43
418.28
428.46
445.80
415.18
422.28
422.02
433.81
447.40
444.03
429.89
451.96
470.95
423.27
435.35
406.59
450.96
401.74
420.10
443.58
400.14
371.28
373.21
428.12
341.02
380.32
413.83
412.22
368.12
349.26
392.69
347.82
346.38
358.73
346.67
332.63
355.47
325.34
341.42
323.44
352.08
335.34
353.09
339.42
339.43
352.55
353.48
322.15
373.97
382.74
337.83
397.68
365.36
366.81
387.64
376.33
365.22
348.57
379.02
344.65
348.01
330.13
356.40
394.57
331.37
386.31
362.53
377.23
379.18
395.54
358.47
370.02
401.63
386.48
364.22
411.34
371.28
349.70
365.95
346.87
358.12
354.64
374.74
322.62
329.96
314.14
325.46
360.34
357.36
378.71
390.79
358.74
396.98
386.70
384.83
371.86
402.45
392.62
358.48
345.77
324.46
315.30
375.98
338.37
293.50
329.04
334.44
332.75
346.47
373.16
368.09
381.83
356.01
364.04
382.41
339.27
354.31
347.22
373.17
358.79
368.83
377.51
365.96
366.31
352.26
314.17
344.90
316.16
332.25
339.65
340.14
345.69
355.25
325.71
326.22
369.92
352.79
330.87
349.38
381.54
359.72
358.69
341.09
324.74
364.70
346.32
369.09
336.70
334.08
358.94
343.39
402.94
361.38
372.30
381.05
383.76
351.05
397.35
399.45
392.83
358.26
387.16
362.18
370.23
378.40
360.58
372.18
399.81
344.69
397.48
383.97
385.43
419.87
399.25
402.18
400.20
409.48
428.33
420.07
429.36
435.09
427.41
435.44
398.36
417.90
403.76
413.15
402.69
421.41
408.33
392.54
336.59
369.80
418.37
426.43
394.51
405.06
410.02
411.14
374.83
380.51
400.78
383.23
409.45
397.15
378.00
364.06
392.38
406.80
384.79
391.54
393.46
415.49
397.69
397.89
398.91
405.18
373.10
351.16
354.50
388.56
412.93
341.99
421.10
436.14
395.18
418.75
397.23
414.71
390.70
399.90
395.93
402.39
363.59
367.76
360.92
351.93
335.22
330.91
314.99
255.14
294.73
303.20
268.98
257.93
208.36
193.93
228.70
219.43
232.90
215.88
235.16
208.71
259.66
203.39
281.55
302.23
263.53
255.28
265.02
228.35
241.74
225.17
197.34
236.82
219.83
195.90
229.41
189.20
206.44
222.43
177.89
229.86
207.99
208.40
197.31
179.28
172.09
191.37
140.23
186.31
142.89
193.31
210.05
175.12
177.70
181.54
213.63
157.67
160.02
206.57
206.41
178.92
204.10
180.26
181.53
185.07
207.87
151.02
143.29
95.35
207.34
151.01
153.44
160.27
146.86
129.35
149.86
201.47
176.04
161.64
102.70
164.52
188.20
172.88
181.41
128.55
154.40
170.35
141.80
181.96
193.38
135.73
117.84
166.26
184.87
182.46
137.23
108.06
134.46
91.52
97.52
121.12
135.47
159.68
186.19
168.10
181.68
153.25
213.63
184.07
113.83
159.36
150.35
102.09
162.55
169.50
153.05
161.87
134.78
156.78
162.65
107.34
117.32
116.17
106.76
98.78
108.56
100.88
159.68
144.52
217.82
161.60
