0.158840
0.142071
0.143206
0.126333
0.167369
0.143037
0.158107
0.121256
0.146125
0.123728
0.115575
0.150905
0.202980
0.123748
0.132315
0.137250
0.132858
0.122071
0.112599
0.128562
0.143583
0.104279
0.118426
0.115094
0.154689
0.132706
0.111998
0.120042
0.132162
0.126524
0.145331
0.143926
0.153298
0.136538
0.152274
0.161402
0.144670
0.129129
0.128777
0.122316
0.106182
0.145107
0.153482
0.134919
0.142908
0.131560
0.105177
0.135377
0.137337
0.130223
0.119037
0.151253
0.110558
0.130925
0.134454
0.120749
0.110847
0.130306
0.128723
0.141055
0.109143
0.154732
0.128261
0.124675
0.127557
0.157832
0.130765
0.161704
0.166873
0.118589
0.094998
0.120584
0.148782
0.173611
0.151047
0.145509
0.130222
0.142062
0.135966
0.153332
0.162847
0.125021
0.113617
0.123813
0.144909
0.116575
0.146274
0.108050
0.156828
0.156647
0.176118
0.112281
0.156767
0.141215
0.150465
0.140812
0.172748
0.154176
0.150884
0.152308
0.124235
0.112040
0.116159
0.129779
0.150330
0.150740
0.139467
0.127211
0.110939
0.160937
0.124507
0.120527
0.124227
0.134591
0.137950
0.154680
0.154399
0.109982
0.112463
0.109208
0.118112
0.115249
0.130100
0.124079
0.133076
0.145954
0.113430
0.162944
0.126738
0.137624
0.120095
0.125690
0.168476
0.116205
0.117743
0.130550
0.117265
0.157417
0.110822
0.144880
0.141936
0.138663
0.132873
0.123283
0.141434
0.142543
0.125146
0.136038
0.133461
0.132403
0.135889
0.135218
0.121760
0.150255
0.153929
0.132978
0.183048
0.174042
0.153366
0.146380
0.136363
0.134927
0.146826
0.131425
0.119290
0.151690
0.145771
0.114724
0.128118
0.138694
0.143602
0.133372
0.123225
0.126334
0.143738
0.137703
0.155214
0.127960
0.088267
0.122509
0.134832
0.130616
0.153549
0.149283
0.137614
0.124807
0.170452
0.115047
0.156252
0.116907
0.142220
0.104760
0.128013
0.147438
0.140924
0.143667
0.155699
0.130260
0.140464
0.125034
0.135721
0.144662
0.126917
0.136221
0.140650
0.136618
0.131054
0.119740
0.132400
0.157290
0.137334
0.121610
0.139346
0.123713
0.139688
0.142189
0.117576
0.118507
0.144678
0.153989
0.089005
0.128492
0.137051
0.100365
0.158909
0.125037
0.166128
0.139706
0.127381
0.130395
0.110066
0.129594
0.133501
0.126461
0.136936
0.105586
0.142061
0.104884
0.170797
0.141395
0.127772
0.124589
0.131798
0.150224
0.168103
0.102921
0.137070
0.161480
0.153010
0.138728
0.138589
0.112180
0.121212
0.112765
0.139979
0.139661
0.116340
0.120719
0.114757
0.138064
0.151623
0.169215
0.169527
0.141783
0.133619
0.113633
0.130422
0.104466
0.123063
0.172614
0.134193
0.128633
0.136915
0.118264
0.135697
0.120624
0.123970
0.099758
0.156847
0.128871
0.156684
0.154091
0.167182
0.153717
0.143500
0.124446
0.099138
0.126420
0.117273
0.146924
0.145337
0.147444
0.164192
0.137082
0.121649
0.142923
0.164983
0.128462
0.118799
0.153150
0.148046
0.153792
0.148093
0.128009
0.159965
0.117728
0.123107
0.148365
0.110853
0.151848
0.136528
0.119513
0.123897
0.144975
0.114551
0.168335
0.128702
0.144193
0.128637
0.159204
0.126942
0.131488
0.117613
0.097087
0.123288
0.122232
0.142043
0.129607
0.132324
0.111973
0.118771
0.127176
0.148100
0.093479
0.125406
0.113074
0.104605
0.134879
0.126014
0.126454
0.149491
0.146327
0.130814
0.112116
0.118482
0.164129
0.141504
0.148805
0.145309
0.158105
0.138322
0.164824
0.128761
0.184489
0.161072
0.141160
0.122463
0.125357
0.130129
0.126363
0.145652
0.152322
0.115002
0.106628
0.157837
0.125390
0.125921
0.144725
0.155585
0.163358
0.134711
0.127376
0.141649
0.143904
0.112975
0.134113
0.153629
0.157312
0.110217
0.160216
0.122654
0.144129
0.112626
0.116316
0.150643
0.113041
0.154112
0.144037
0.144877
0.153678
0.163872
0.149412
0.144311
0.143662
0.139192
0.133595
0.123490
0.125372
0.143283
0.162722
0.133569
0.128783
0.127450
0.123951
0.121289
0.160759
0.149525
0.131516
0.135537
0.122507
0.139249
0.146188
0.127176
0.150231
0.118671
0.130535
0.125497
0.112829
0.123816
0.141042
0.125831
0.156897
0.139759
0.160126
0.161379
0.145786
0.162236
0.168735
0.151878
0.141692
0.128080
0.146472
0.146169
0.157404
0.143149
0.159627
0.142005
0.124547
0.096529
0.115937
0.135895
0.138040
0.144076
0.142496
0.142879
0.158961
0.087895
0.118047
0.092857
0.135449
0.147135
0.150676
0.133701
0.131890
0.134565
0.120333
0.133170
0.118350
0.148759
0.122769
0.150685
0.139166
0.170399
0.149859
0.149741
0.127927
0.134739
0.128894
0.146091
0.139930
0.145384
0.144876
0.161133
0.150516
0.172635
0.142207
0.103317
0.171228
0.160058
0.137613
0.133149
0.139543
0.148747
0.121251
0.137164
0.123584
0.143626
0.141564
0.130950
0.134795
0.107712
0.124686
0.134686
0.150643
0.107057
0.112866
0.148024
0.140238
0.133242
0.106023
0.127702
0.118307
0.145222
0.120849
0.132511
0.142252
0.132381
0.149683
0.141278
0.126751
0.136283
0.103974
0.137064
0.146811
0.140097
0.100280
0.113497
0.163189
0.127691
