0.00
519.31
542.54
519.84
523.53
535.50
511.87
531.36
511.82
520.62
521.59
517.52
499.97
505.06
495.88
498.55
507.80
495.91
498.81
503.22
487.34
484.11
476.62
469.19
424.77
416.08
412.24
391.96
438.16
394.88
366.51
384.94
363.24
376.97
401.24
337.49
349.74
355.18
345.53
379.03
355.30
329.93
333.05
370.49
346.55
355.19
311.12
322.56
304.70
357.68
317.43
297.73
338.64
286.73
334.14
275.68
320.90
263.43
331.47
291.75
349.06
347.43
297.78
296.90
319.72
203.67
288.11
303.51
265.08
282.41
300.55
276.87
350.68
330.11
335.91
355.75
353.04
319.49
319.02
280.72
343.96
317.60
310.76
307.84
296.03
288.93
301.30
292.38
308.01
321.35
308.23
315.56
311.20
330.12
328.67
361.19
357.78
356.35
377.09
366.79
390.84
380.48
335.69
315.21
365.74
327.78
280.79
313.90
305.62
270.13
290.18
263.95
328.97
295.18
362.91
293.55
286.67
261.15
339.74
261.89
360.09
324.38
345.21
320.53
363.13
340.84
293.01
334.25
263.45
281.02
309.36
254.05
281.30
310.46
288.42
284.44
354.45
369.30
361.79
352.21
342.94
324.81
358.87
295.66
260.27
262.43
303.12
269.93
330.19
269.98
287.93
321.21
306.88
301.76
323.46
290.81
284.65
280.72
321.80
282.34
278.33
263.14
238.60
170.13
174.78
174.32
223.42
340.67
286.94
305.82
224.29
320.03
290.79
357.60
340.81
327.05
259.13
245.87
275.11
305.17
337.26
268.73
261.30
298.56
253.08
250.56
277.86
189.23
214.90
186.45
237.45
232.88
241.80
268.38
273.91
327.25
329.69
311.40
329.35
299.32
295.29
316.08
298.42
303.64
299.34
283.30
315.32
292.98
294.26
326.04
298.66
309.37
304.37
293.80
296.65
243.42
278.63
213.00
309.72
277.80
255.93
278.86
261.59
236.34
272.93
212.43
190.75
230.90
183.71
218.28
178.42
254.31
206.41
167.78
229.40
186.78
230.22
198.15
244.56
256.53
218.56
209.22
206.73
203.46
213.41
207.88
202.26
219.04
189.45
167.90
182.54
214.72
223.22
199.06
223.05
184.20
190.46
209.32
236.14
219.97
205.75
217.81
223.45
164.80
241.48
228.61
182.57
203.62
246.14
214.77
259.98
228.01
217.36
244.48
210.34
229.92
230.17
293.17
190.08
303.97
254.80
299.83
220.01
317.55
311.65
288.99
210.48
382.88
196.00
320.15
304.08
300.07
273.30
305.90
209.52
402.59
260.32
370.06
232.43
352.73
255.52
336.47
279.75
301.12
258.39
270.37
246.41
314.17
329.96
317.80
230.90
337.98
267.42
244.09
349.07
277.09
329.33
334.55
230.64
379.00
242.69
331.05
260.02
223.85
367.73
284.73
357.23
278.86
284.67
317.36
288.17
383.40
270.10
351.06
305.54
268.57
326.94
267.18
283.05
259.17
323.77
303.84
366.58
319.94
282.57
241.43
237.29
258.47
222.37
347.93
247.30
235.70
320.71
299.79
273.00
326.47
250.60
270.83
242.35
412.04
318.49
356.08
414.04
392.31
351.64
396.65
391.61
368.98
378.16
375.09
350.74
340.87
326.57
328.37
320.78
325.12
325.56
319.24
315.41
316.63
298.21
317.69
312.42
314.39
293.50
280.16
288.08
270.61
303.23
310.38
294.15
288.44
297.79
288.58
249.10
300.64
275.63
281.72
274.91
292.88
299.95
292.39
279.67
311.73
281.98
283.89
298.34
293.28
265.38
312.52
308.58
338.00
324.77
271.03
205.77
299.18
217.70
289.43
299.40
280.95
327.79
327.68
308.06
269.23
330.84
268.88
288.05
337.58
340.87
366.59
366.98
360.84
378.97
368.18
368.03
348.36
373.57
347.48
247.54
249.10
324.10
325.25
308.14
297.13
311.08
329.04
342.55
331.70
344.26
355.08
286.80
345.39
352.48
349.23
324.33
331.89
282.40
318.99
283.43
292.08
300.37
289.83
288.22
311.80
263.19
281.01
288.28
295.36
304.40
321.17
288.84
271.44
272.62
308.57
278.14
300.68
275.08
258.44
288.59
287.68
281.94
295.00
257.72
261.04
288.88
242.08
283.59
325.40
273.16
316.86
313.08
318.68
317.25
325.61
318.28
306.19
300.65
308.84
316.67
314.02
294.85
307.69
262.58
286.86
289.36
254.96
294.73
307.20
290.35
301.51
311.39
296.33
293.70
295.37
319.55
317.77
250.37
280.45
300.77
282.47
273.80
293.17
257.08
264.20
242.02
264.55
259.78
289.80
268.38
300.03
295.25
312.05
252.18
279.00
279.27
295.01
292.54
268.03
285.10
272.93
296.28
262.80
241.64
217.61
324.45
279.90
225.00
322.48
331.66
341.01
286.17
337.99
350.64
286.16
312.32
287.17
191.68
282.10
216.89
298.33
278.30
218.43
260.44
273.33
240.83
240.05
279.48
231.49
266.55
252.91
278.98
236.83
226.43
304.47
284.97
245.90
262.92
229.45
295.07
238.15
282.83
278.96
214.24
260.87
191.78
302.35
221.05
246.46
288.23
264.45
306.35
228.43
264.09
269.54
285.97
249.63
230.73
294.27
259.45
264.58
249.19
251.89
261.92
286.50
272.23
306.19
264.41
277.77
264.88
296.52
244.72
262.01
261.25
269.58
236.32
293.97
245.13
301.03
270.86
250.72
258.34
263.87
235.35
235.97
244.26
248.04
240.33
266.36
245.34
289.14
228.78
150.24
240.77
243.46
187.70
218.57
221.81
269.48
248.40
236.42
236.95
238.26
263.39
255.28
252.95
199.81
259.62
264.10
250.44
204.45
273.01
314.16
280.00
319.20
281.92
211.42
280.97
240.72
207.04
235.12
234.76
243.60
215.12
271.03
226.35
202.06
274.12
242.21
262.00
184.55
261.13
273.72
214.77
153.13
178.27
198.70
162.65
190.98
149.64
141.58
186.91
155.13
122.76
166.94
141.55
91.20
108.87
121.48
93.33
88.05
177.59
77.86
110.54
105.80
104.24
157.78
155.80
147.12
148.18
137.17
150.50
121.18
121.94
103.23
131.79
74.62
139.05
168.96
208.75
158.26
149.12
186.60
172.00
124.49
151.88
106.20
121.82
170.69
196.81
183.02
161.83
136.79
131.90
129.22
144.01
143.74
136.11
141.06
167.50
136.32
106.88
102.80
148.24
145.84
159.83
118.45
194.87
143.21
124.45
82.55
110.33
97.67
160.55
93.34
105.97
144.16
168.34
119.85
93.82
102.35
130.67
153.19
141.71
134.39
127.23
96.37
123.24
144.05
106.97
112.92
147.46
93.09
104.20
113.52
114.31
118.50
119.55
119.56
148.96
108.89
58.02
78.47
85.66
101.52
141.67
105.52
117.65
136.36
127.25
113.75
105.95
137.18
129.36
159.15
168.56
128.92
96.06
127.02
155.65
133.44
82.11
105.79
151.11
153.04
156.64
149.48
123.54
158.73
184.64
155.00
148.64
189.25
161.69
167.39
159.27
154.34
190.49
146.54
187.91
197.61
231.58
199.46
183.49
189.90
201.58
198.35
182.46
201.83
193.06
171.64
182.08
200.45
144.89
159.61
175.83
198.43
198.09
176.84
226.25
200.15
198.25
209.46
212.59
219.11
207.97
190.61
201.32
199.75
156.22
194.80
187.46
211.74
186.92
180.35
241.05
229.32
214.33
252.25
229.53
237.50
173.32
200.81
233.94
206.95
251.36
207.59
234.33
184.67
223.27
192.53
186.78
255.65
250.16
250.64
192.74
183.64
235.51
209.97
206.34
268.07
246.19
230.97
206.22
263.86
231.35
245.80
200.18
241.39
247.99
239.90
262.35
202.91
184.20
229.70
184.49
204.97
177.04
162.11
193.41
186.72
224.83
201.10
202.05
184.05
218.74
212.18
201.76
146.18
174.78
162.88
167.80
146.85
190.67
203.84
169.90
152.22
181.50
181.22
193.81
190.18
186.87
191.11
214.68
202.41
207.83
214.43
211.29
220.75
214.27
196.77
257.58
249.09
224.16
230.86
227.80
253.91
269.34
238.42
198.69
192.18
176.49
197.40
187.79
212.90
213.35
204.50
222.44
233.82
252.64
251.90
254.62
236.10
217.64
223.13
223.40
218.31
220.15
235.04
179.90
256.76
235.29
235.81
251.42
236.45
220.03
249.78
239.35
223.09
218.96
256.25
236.63
186.21
240.21
255.76
125.91
170.10
154.06
229.12
178.25
135.78
181.61
154.51
162.72
134.13
106.83
84.79
131.36
90.21
97.22
89.41
105.67
87.09
107.08
103.57
116.68
112.19
80.41
139.68
101.66
144.61
124.03
104.62
99.46
84.85
71.31
95.26
100.01
107.49
113.89
110.86
115.07
96.76
94.96
103.14
79.36
95.35
83.67
91.70
101.58
108.74
110.12
176.57
154.69
151.06
118.10
121.00
90.53
148.86
122.82
98.28
109.38
102.10
95.92
89.84
96.79
69.63
127.67
105.26
86.11
83.78
103.61
94.49
107.27
102.97
97.25
87.45
61.94
80.52
74.25
105.26
90.13
83.00
112.03
116.50
97.87
87.26
73.37
72.98
60.70
76.56
59.48
49.24
52.68
77.86
67.04
58.15
64.15
79.15
93.98
117.55
111.03
101.30
90.51
121.37
132.41
108.53
114.65
138.10
130.98
105.86
87.66
83.67
72.41
85.37
91.58
89.66
81.16
94.29
76.74
86.07
80.82
98.08
80.87
79.21
96.74
69.78
93.00
110.63
94.61
110.70
79.07
96.84
76.53
101.47
96.64
97.07
121.89
86.70
147.92
104.37
101.87
109.16
113.36
100.79
89.50
105.78
94.03
91.26
96.19
113.67
112.98
106.71
98.80
170.68
125.96
151.96
165.63
177.35
231.59
160.05
178.06
254.72
239.21
228.76
213.89
200.78
174.00
161.73
193.04
168.64
189.67
234.40
184.40
201.92
183.95
185.36
231.08
237.43
182.65
172.84
187.33
170.01
179.21
173.53
227.08
162.89
249.34
271.72
238.27
259.15
240.77
190.56
201.68
176.56
245.66
192.60
159.80
235.46
200.87
216.90
206.62
152.19
179.79
157.89
123.61
213.72
172.04
158.60
131.76
105.78
113.54
89.09
174.84
160.38
215.29
127.82
158.93
183.66
179.30
194.77
168.08
142.55
143.10
167.89
150.11
186.87
187.03
171.86
169.09
205.31
209.90
145.59
262.49
205.71
179.06
161.03
134.32
251.59
203.15
230.84
248.29
228.33
198.55
234.01
230.25
222.05
214.09
260.02
240.74
249.59
224.50
198.27
249.23
271.76
274.89
236.61
235.44
278.59
241.93
196.16
217.42
290.30
240.92
156.48
261.89
186.90
217.74
210.60
234.31
194.75
184.26
163.51
149.31
157.48
124.92
154.80
193.61
164.02
191.93
165.02
184.79
253.03
184.13
184.50
185.03
215.52
168.46
159.22
228.01
146.93
173.80
228.65
175.09
162.66
170.37
161.47
210.73
185.80
151.28
210.17
177.69
155.90
239.76
180.30
198.90
257.18
214.05
205.65
213.47
179.02
252.79
236.79
218.17
241.66
217.59
194.01
191.59
157.59
249.04
224.84
232.41
157.23
226.26
249.60
202.86
256.34
203.28
242.87
230.39
231.76
224.07
185.68
242.45
225.19
199.78
186.36
200.63
263.44
269.27
280.85
205.60
287.88
