0.197695
3.740878
0.125103
0.111116
0.110220
0.123904
0.122111
0.104292
0.127542
0.124979
0.127780
0.131940
0.131784
0.145279
0.152664
0.146025
0.130625
0.117443
0.144145
0.113697
0.151657
0.158995
0.114768
0.130787
0.125267
0.162090
0.172692
0.135328
0.141643
0.100914
0.149115
0.141462
0.111584
0.111814
0.119321
0.115107
0.125312
0.122363
0.127791
0.127391
0.121812
0.103504
0.120548
0.125357
0.120792
0.109875
0.132581
0.141399
0.138487
0.138939
0.129309
0.133101
0.150895
0.149513
0.119521
0.107528
0.114745
0.133243
0.143768
0.153858
0.133319
0.142211
0.149966
0.165018
0.126666
0.149405
0.136895
0.130852
0.154822
0.125705
0.117472
0.089825
0.140563
0.129466
0.155961
0.129751
0.121154
0.156533
0.161095
0.131564
0.188677
0.142724
0.131105
0.133148
0.139858
0.106610
0.117217
0.162847
0.113547
0.103711
0.106317
0.133302
0.097569
0.141217
0.114475
0.120683
0.135936
0.122223
0.082026
0.115166
0.178447
0.120001
0.126880
0.141918
0.147418
0.100607
0.155231
0.130031
0.134357
0.123323
0.132040
0.167780
0.153224
0.123968
0.143247
0.143364
0.120941
0.133868
0.149657
0.150471
0.102453
0.125492
0.116553
0.129893
0.130267
0.144998
0.124236
0.156732
0.156262
0.116550
0.124891
0.125531
0.161193
0.108050
0.126368
0.114179
0.127165
0.130108
0.118806
0.133650
0.130649
0.133861
0.113322
0.126721
0.172013
0.131952
0.166960
0.148605
0.143481
0.144685
0.103977
0.150145
0.126889
0.107928
0.136201
0.198330
0.104936
0.116752
0.154814
0.135841
0.161711
0.122462
0.134346
0.103401
0.146730
0.111653
0.114002
0.121626
0.132048
0.124083
0.143447
0.128798
0.105629
0.138526
0.125440
0.135714
0.126745
0.154064
0.171713
0.151722
0.149266
0.108629
0.119702
0.125658
0.133719
-0.373032
0.131713
0.120887
0.142979
0.120793
0.096330
0.122614
0.115759
0.122019
0.113385
0.108991
0.142518
0.163924
0.118502
0.116222
0.142719
0.121719
0.132575
0.120817
0.146875
0.134395
0.135121
0.149088
0.125882
0.122785
0.137007
0.111761
0.141432
0.122776
0.134737
0.146974
0.145224
0.123715
0.145811
0.112936
0.120105
0.146782
0.170338
0.146506
0.125086
0.126273
0.119300
0.125659
0.134034
0.132324
0.125906
0.158071
0.135111
0.133672
0.140711
0.119197
0.109173
0.146700
0.142264
0.110923
0.134804
0.101701
0.147110
0.185649
0.129927
0.115523
0.136896
0.129480
0.126241
0.114288
0.133802
0.114520
0.136950
0.127341
0.147651
0.103232
0.148219
0.121339
0.134981
0.150468
0.158616
0.128895
0.122203
0.109975
0.147148
0.133229
0.137499
0.115518
0.120289
0.143486
0.122965
0.133579
0.144380
0.128227
0.144233
0.114233
0.121189
0.168066
0.117075
0.128651
0.147219
0.148499
0.107060
0.118625
0.124421
0.146415
0.130221
0.170563
0.130831
0.114108
0.147573
0.124554
0.156115
0.146177
0.125824
0.123690
0.118247
0.146582
0.121903
0.142566
0.131198
0.140882
0.155245
0.145397
0.123296
0.136082
0.128447
0.158592
0.131274
0.127084
0.143058
0.122429
0.133994
0.128920
0.160799
0.120651
0.143934
0.118870
0.091311
0.130952
0.135949
0.133248
0.131542
0.135820
0.100558
0.132324
0.132812
0.143001
0.134369
0.125118
0.132943
0.107899
0.144934
0.146855
0.119735
0.142723
0.135667
0.097729
0.134342
0.133263
0.169215
0.135187
0.120864
0.141403
0.146311
0.098871
0.117901
0.092437
0.134244
0.130400
0.117863
0.124948
0.101346
0.158438
0.140799
0.155064
0.175693
0.104400
0.148772
0.125772
0.135979
0.140326
0.128840
0.159890
0.133003
0.126395
0.137374
0.111820
0.116174
0.130997
0.117154
0.147505
0.140244
0.120364
0.140978
0.126787
0.130019
0.165583
0.127458
0.162438
0.124685
0.134333
0.145868
0.129154
0.142073
0.134340
0.128272
0.137196
0.113631
0.136204
0.131172
0.121819
0.140399
0.106687
0.148318
0.117729
0.111818
0.129680
0.104518
0.131753
0.130639
0.109396
0.106449
