0.205087
3.759668
0.128746
0.112679
0.114970
0.145416
0.098488
0.112324
0.112628
0.132225
0.120230
0.125083
0.107828
0.096236
0.104108
0.151385
0.126544
0.116862
0.113937
0.110367
0.107914
0.131396
0.144710
0.123301
0.098320
0.117379
0.150496
0.129028
0.150103
0.163714
0.141932
0.142621
0.134598
0.131225
0.123413
0.114214
0.116812
0.138187
0.134612
0.159510
0.135973
0.133712
0.136997
0.131638
0.115614
0.152090
0.098800
0.124525
0.102326
0.125393
0.137169
0.130967
0.097825
0.136333
0.157356
0.140190
0.106996
0.120474
0.159166
0.142094
0.124486
0.105267
0.136729
0.139678
0.130968
0.124155
0.118115
0.134224
0.127273
0.102428
0.114345
0.170644
0.153848
0.170237
0.102729
0.125925
0.132747
0.130254
0.187418
0.115842
0.149912
0.140978
0.120755
0.140750
0.171522
0.179456
0.154013
0.134306
0.119287
0.107985
0.133786
0.134092
0.127526
0.146422
0.126237
0.097321
0.123800
0.114556
0.112241
0.127333
0.136200
0.135817
0.127634
0.129451
0.122125
0.137109
0.125536
0.131739
0.126869
0.126291
0.138383
0.138974
0.136992
0.134205
0.130236
0.152005
0.127339
0.121710
0.124659
0.132303
0.124192
0.156985
0.134987
0.162739
0.151597
0.108424
0.122295
0.127247
0.128859
0.106424
0.115587
0.118214
0.113432
0.126569
0.144646
0.130172
0.141750
0.127146
0.134867
0.146013
0.137799
0.129286
0.130677
0.127543
0.160943
0.133634
0.122048
0.113121
0.133967
0.129942
0.122082
0.138773
0.173503
0.148041
0.114800
0.151504
0.124465
0.141348
0.124630
0.139396
0.149853
0.126842
0.119014
0.116528
0.157717
0.180086
0.161679
0.141903
0.136389
0.129436
0.099958
0.158009
0.118841
0.106988
0.113130
0.134346
0.118094
0.146840
0.126788
0.113648
0.113235
0.134394
0.116684
0.129821
0.158017
0.123955
0.171077
0.101917
0.130694
0.108305
0.123564
0.134780
-0.390935
0.123019
0.126012
0.129656
0.148295
0.113110
0.121475
0.129375
0.111701
0.138288
0.139852
0.155966
0.150358
0.139656
0.121788
0.105408
0.128273
0.148422
0.118340
0.115616
0.141189
0.130887
0.124738
0.111532
0.123857
0.126471
0.121789
0.138949
0.133652
0.116145
0.129301
0.112613
0.117263
0.145120
0.137893
0.117487
0.129808
0.117126
0.128701
0.149305
0.112238
0.124563
0.143931
0.086513
0.124134
0.133097
0.142565
0.130348
0.115649
0.128790
0.133389
0.122124
0.135345
0.166525
0.152688
0.134137
0.139782
0.116321
0.154906
0.157661
0.142553
0.149406
0.133090
0.136863
0.163018
0.125453
0.117803
0.153190
0.135933
0.131674
0.118304
0.120385
0.106232
0.153192
0.126797
0.173185
0.129677
0.112187
0.152276
0.130176
0.128901
0.136721
0.127515
0.133981
0.096903
0.130551
0.123412
0.118031
0.125685
0.129684
0.101445
0.139619
0.142772
0.138620
0.176691
0.131191
0.145981
0.140059
0.139545
0.116478
0.117373
0.109759
0.126207
0.141358
0.119312
0.110687
0.130595
0.111946
0.129577
0.126055
0.128138
0.143266
0.133167
0.166986
0.132898
0.136897
0.122296
0.118069
0.128975
0.125431
0.139800
0.149072
0.140107
0.128083
0.136557
0.123057
0.128175
0.156637
0.122758
0.125043
0.103938
0.127623
0.113097
0.138600
0.107178
0.113187
0.119307
0.142837
0.144798
0.117484
0.137914
0.125102
0.120363
0.115539
0.123590
0.124153
0.157061
0.157428
0.119847
0.145505
0.156544
0.130564
0.137470
0.147202
0.131099
0.108482
0.117010
0.128263
0.116520
0.110105
0.134712
0.162491
0.134411
0.102869
0.123483
0.091088
0.084657
0.136866
0.170386
0.167365
0.116066
0.140520
0.104170
0.133142
0.143401
0.169480
0.125937
0.131816
0.149923
0.133775
0.134591
0.138633
0.144324
0.152958
0.162345
0.136198
0.128494
0.128483
0.123796
0.127335
0.150900
0.129053
0.145776
0.110030
0.134200
0.118117
0.153134
0.141802
0.136599
0.133795
0.119895
0.137565
0.153354
0.157374
0.116139
0.107169
0.138920
0.129463
0.133891
0.106409
0.148078
0.109597
0.131139
0.112552
0.158216
0.145866
0.133093
0.132304
0.119914
0.074733
0.148993
0.139385
0.122560
0.115943
0.145393
0.121583
0.125045
0.092940
0.123718
0.145138
0.125360
0.109430
0.114539
0.121691
0.128552
0.161497
0.106492
0.119549
0.137398
0.125799
0.146852
0.144379
0.159023
0.110188
0.124574
0.129609
0.118784
0.115476
0.149458
0.145491
0.166723
0.156507
0.129634
0.173768
0.166021
0.164212
0.150963
0.107424
0.139403
0.174401
0.165103
0.121628
0.120989
0.146273
0.142312
0.127212
0.114277
0.113235
0.125917
0.132843
0.130767
0.114504
0.186859
0.120942
0.113489
0.156355
0.117657
0.131607
0.108692
0.146622
0.104182
0.125850
0.146407
0.136753
0.151127
0.145313
0.139286
0.116668
0.111655
0.136942
0.113238
0.127713
0.103048
0.126197
0.147894
0.095819
0.144537
0.094706
0.149711
0.151562
0.124101
0.137710
0.123696
0.109233
0.147573
0.126599
0.122929
0.142478
0.146800
0.149566
0.139124
0.142626
0.120123
0.108635
0.133602
0.123965
0.151608
0.141365
0.153126
0.155624
0.146322
0.113369
0.128364
0.160480
0.127013
0.129261
0.117547
0.094412
0.141952
0.120658
0.141446
0.128159
0.133554
0.149413
0.126726
0.118719
0.137136
0.138237
0.126666
0.151779
0.132399
0.133434
0.143526
0.128961
0.135077
