0.153237
0.165475
0.125363
0.127463
0.146797
0.136077
0.124882
0.124758
0.143934
0.125249
0.146202
0.150230
0.131325
0.144379
0.118235
0.126629
0.136969
0.136516
0.100921
0.126328
0.133217
0.122162
0.120118
0.125135
0.122539
0.117382
0.085161
0.108367
0.107785
0.103994
0.121720
0.122123
0.138994
0.126649
0.113594
0.117918
0.112186
0.140722
0.135562
0.158353
0.147277
0.150285
0.139026
0.128858
0.139838
0.126074
0.119888
0.112562
0.137363
0.138026
0.133492
0.155858
0.116815
0.126932
0.161633
0.121608
0.155294
0.152730
0.135459
0.140556
0.145049
0.133594
0.121894
0.145360
0.154061
0.109589
0.159991
0.126434
0.125824
0.128102
0.121345
0.139812
0.133323
0.118812
0.135325
0.142314
0.101419
0.131420
0.135065
0.154453
0.130986
0.126964
0.164967
0.128460
0.150977
0.131434
0.137069
0.116385
0.111620
0.108934
0.106314
0.119900
0.165885
0.124247
0.132598
0.138554
0.094977
0.125273
0.104800
0.142717
0.126911
0.111835
0.117431
0.100070
0.145520
0.115569
0.111226
0.119980
0.121951
0.107569
0.129870
0.132339
0.119653
0.114620
0.127676
0.117820
0.122789
0.129771
0.121240
0.141113
0.149200
0.137759
0.147059
0.165267
0.131657
0.157521
0.143513
0.110203
0.107236
0.114249
0.113771
0.115276
0.123078
0.108869
0.104016
0.138262
0.123666
0.120159
0.126720
0.133419
0.134199
0.132612
0.115289
0.126949
0.119197
0.154599
0.137849
0.130996
0.123081
0.117764
0.120821
0.134243
0.127178
0.126284
0.157684
0.117087
0.107996
0.098980
0.122753
0.081546
0.105310
0.098370
0.109042
0.091146
0.099720
0.112703
0.129818
0.120461
0.120187
0.122344
0.149704
0.122279
0.140399
0.099456
0.119806
0.122709
0.121258
0.139885
0.127716
0.119228
0.118492
0.151205
0.128664
0.122454
0.116760
0.130138
0.121968
0.118455
0.120630
0.129152
0.121709
0.148212
0.145577
0.106750
0.144162
0.105729
0.112328
0.108552
0.134430
0.127870
0.115109
0.125853
0.107254
0.100084
0.106661
0.109099
0.107177
0.100617
0.122114
0.127945
0.113182
0.123949
0.104578
0.125138
0.127185
0.146859
0.130170
0.127743
0.137709
0.138965
0.113543
0.131158
0.142287
0.140038
0.147714
0.135760
0.134671
0.132406
0.157747
0.117262
0.116057
0.134732
0.100816
0.158852
0.137727
0.153342
0.157255
0.135274
0.138029
0.134582
0.159371
0.137768
0.146714
0.160366
0.139663
0.118101
0.112353
0.113655
0.131042
0.123878
0.094214
0.152248
0.085439
0.143905
0.147549
0.113168
0.113809
0.110667
0.122889
0.135002
0.166320
0.166189
0.141038
0.149222
0.139040
0.160527
0.130986
0.099850
0.105106
0.108276
0.171906
0.136762
0.157802
0.175215
0.161017
0.102581
0.103243
0.123721
0.103707
0.115381
0.117798
0.136880
0.151907
0.144294
0.155090
0.154106
0.158415
0.131947
0.115953
0.112467
0.126424
0.119741
0.112994
0.123831
0.129021
0.115024
0.132349
0.113624
0.089499
0.111295
0.124325
0.127553
0.128108
0.125504
0.148630
0.132634
0.153551
0.200145
0.143584
0.118173
0.113322
0.142960
0.117831
0.136418
0.120462
0.128342
0.118692
0.148045
0.123681
0.131040
0.124165
0.135274
0.151180
0.149948
0.142724
0.158743
0.133227
0.146791
0.148583
0.134062
0.130502
0.141310
0.145193
0.107687
0.125818
0.153269
0.159918
0.182873
0.152713
0.163278
0.147391
0.114601
0.113781
0.138312
0.113684
0.106413
0.110279
0.148884
0.138239
0.144090
0.140550
0.119201
0.138478
0.137316
0.133941
0.128985
0.147828
0.143762
0.146293
0.157724
0.154643
0.138152
0.149547
0.158237
0.121832
0.152040
0.143343
0.120311
0.156809
0.153038
0.123673
0.119092
0.128947
0.161283
0.156527
0.128276
0.144732
0.144799
0.150976
0.149562
0.143407
0.155635
0.183069
0.110714
0.177688
0.135005
0.151379
0.140755
0.121868
0.134084
0.134452
0.136565
0.178233
0.171796
0.122387
0.134928
0.133276
0.159914
0.145325
0.140449
0.129603
0.148996
0.155102
0.148580
0.125836
0.109734
0.124672
0.139813
0.117404
0.166950
0.157481
0.148273
0.143818
0.138366
0.156372
0.114217
0.138876
0.135657
0.125050
0.126592
0.112007
0.143640
0.145425
0.135499
0.122293
0.128772
0.145501
0.133108
0.122119
0.142544
0.133131
0.134655
0.115458
0.139811
0.129929
0.143262
0.127119
0.124808
0.138803
0.104498
0.126312
0.118195
0.113463
0.111133
0.100721
0.105440
0.098204
0.123030
0.124155
0.104040
0.141133
0.137352
0.132084
0.131055
0.138049
0.116233
0.106210
0.104549
0.124948
0.115180
0.103498
0.126252
0.105077
0.129500
0.120733
0.133488
0.127291
0.127059
0.134024
0.108573
0.103932
0.130076
0.098576
0.096704
0.093089
0.142653
0.117427
0.102572
0.115447
0.117358
0.121815
0.122802
0.136449
0.132356
0.136661
0.189667
0.120089
0.113470
0.126250
0.074308
0.119703
0.154882
0.106422
0.111792
0.110904
0.111492
0.096125
0.103359
0.118969
0.124932
0.120561
0.103418
0.125481
0.126792
0.100091
0.136143
0.095664
0.144926
0.119381
0.117398
0.154920
0.109750
0.114738
0.121483
0.130277
0.111720
0.120206
0.100672
0.112811
0.098954
0.108945
0.120484
0.116117
0.119575
0.119246
0.118956
0.121976
0.102158
0.124421
0.101180
0.102306
0.111531
0.123989
0.112387
0.092135
0.107525
0.140589
0.108097
0.104215
0.106061
0.135741
0.137243
0.093562
0.100368
0.120806
0.126803
0.104293
0.113771
0.111490
0.128263
0.131742
0.136477
0.113755
0.108929
0.121682
0.114096
0.118475
0.115059
0.107783
0.117229
0.109739
0.113181
0.133111
0.102772
0.136363
0.098578
0.121869
0.117075
0.113418
0.126916
0.108562
0.125256
0.122763
0.109506
0.132272
0.107589
0.125346
0.110211
0.116072
0.149350
0.107075
0.116876
0.110194
0.110609
0.118839
0.133579
0.114876
0.138952
0.119269
0.100442
0.109049
0.111610
0.138733
0.101567
0.110888
0.094222
0.101064
0.139030
0.113972
0.117922
0.131996
0.123590
0.118011
0.132054
0.109364
0.130758
0.115836
0.108529
0.124747
0.127125
0.113884
0.132215
0.098831
0.121592
0.119888
0.121804
0.129067
0.121431
0.126679
0.120055
0.122358
0.108528
0.129672
0.109702
0.117697
0.118946
0.114296
0.116823
0.125741
0.125195
0.093886
0.113991
0.108835
0.127795
0.103428
0.110443
0.118728
0.109280
0.100929
0.107615
0.101011
0.116289
0.116648
0.109670
0.119310
0.119804
0.120905
0.105212
0.124704
0.113871
0.098093
0.138298
0.116891
0.127300
0.126254
0.107018
0.111923
0.126153
0.113865
0.136199
0.119244
0.134812
0.108740
0.125166
0.142624
0.128975
0.132365
0.137326
0.084250
0.073561
0.075917
0.068253
0.071395
0.064374
0.088591
0.097255
0.080831
0.077702
0.090952
0.075212
0.091105
0.083431
0.068277
0.084067
0.077661
0.085398
0.076548
0.082293
0.090117
0.087789
0.106530
0.104795
0.102011
0.082544
0.085630
0.090792
0.095185
0.081875
0.092066
0.076578
0.092921
0.067796
0.094931
0.102989
0.116779
0.077717
0.083739
0.077823
0.073468
0.078644
0.076964
0.096141
0.076218
0.088562
0.093912
0.080043
0.074550
0.076556
0.075043
0.102407
0.079485
0.086271
0.088057
0.084247
0.092568
0.089721
0.099394
0.090423
0.095519
0.083160
0.088877
0.094231
0.105481
0.102943
0.091542
0.099598
0.098704
0.084446
0.094500
0.085531
0.090638
0.088781
0.094625
0.089624
0.085842
0.100475
0.098956
0.091302
0.087951
0.086289
0.092375
0.087059
0.095799
0.098529
0.092814
0.107270
0.093742
0.101629
0.096817
0.095706
0.103167
0.091589
0.099643
0.093237
0.099488
0.088214
0.084973
0.096997
0.085897
0.096954
0.088459
0.108803
0.095978
0.077994
0.095529
0.083271
0.110610
0.134279
0.136556
0.088636
0.094723
0.102931
0.092041
0.105651
0.097983
0.109343
0.084136
0.089612
0.098331
0.093094
0.102851
0.083947
0.101726
0.091690
0.096289
0.090977
0.086040
0.098639
0.099549
0.105165
0.094533
0.093951
0.105445
0.089971
0.099998
0.094248
0.098663
0.096212
0.087259
0.113251
0.088544
0.090168
0.089879
0.100462
0.098745
0.100941
0.095474
0.093710
0.099488
0.095379
0.094796
0.090691
0.100471
0.089346
0.100055
0.094823
0.096740
0.105560
0.093119
0.108444
0.090191
0.101079
0.094606
0.093617
0.091738
0.093700
0.104781
0.090733
0.099656
0.100539
0.095890
0.092407
0.105911
0.103884
0.091146
0.107915
0.088425
0.096882
0.093024
0.082868
0.102569
0.114242
0.108887
0.082559
0.093567
0.102021
0.099865
0.105440
0.094777
0.089743
0.100164
0.087835
0.092202
0.112330
0.097378
0.097670
0.088141
0.098914
0.095265
0.091135
0.087074
0.092149
0.098180
0.087316
0.092026
0.087669
0.093362
0.094934
0.086725
0.095957
0.084850
0.087241
0.085673
0.082946
0.101030
0.107893
0.107387
0.110704
0.129396
0.093609
0.101296
0.089745
0.094176
0.107154
0.094108
0.093150
0.083598
0.085171
0.097529
0.084304
0.108283
0.116978
0.129450
0.087118
0.096950
0.093003
0.088970
0.096948
0.103654
0.096698
0.090285
0.097152
0.084125
0.084203
0.084245
0.086547
0.097716
0.087732
0.121724
0.090161
0.090876
0.100868
0.095348
0.095853
0.084381
0.098989
0.093132
0.089371
0.086372
0.088036
0.098570
0.090013
0.096653
0.103472
0.097018
0.100824
0.088659
0.095250
0.090924
0.099205
0.085273
0.084427
0.094214
0.090751
0.094917
0.090996
0.102910
0.100963
0.099948
0.109493
0.092242
0.105281
0.091695
0.090164
0.114291
0.147617
0.095925
0.085294
0.094342
0.087635
0.124833
0.163159
0.111058
0.106570
0.104675
0.152719
0.105413
0.132462
0.105303
0.087221
0.108268
0.093847
0.096831
0.103314
0.105591
0.106959
0.106487
0.096535
0.131981
0.096081
0.083525
0.083458
0.135814
0.132090
0.153601
0.147010
0.143267
0.138510
0.153332
0.138158
0.128224
0.155578
0.138282
0.142574
0.129237
0.131963
0.146412
0.146699
0.115339
0.117650
0.112864
0.117331
0.126200
0.150248
0.136686
0.135125
0.134256
0.104203
0.154039
0.120934
0.159340
0.119055
0.131794
0.119389
0.131488
0.165340
0.143212
0.167164
0.129586
0.126213
0.143782
0.114613
0.149953
0.136202
0.155484
0.134632
0.121746
0.147529
0.134463
0.137604
0.124331
0.147897
0.138688
0.131071
0.125715
0.131567
0.145178
0.117687
0.140629
0.132960
0.140032
0.131527
0.127898
0.101425
0.146790
0.139600
0.135838
0.144839
0.134551
0.114234
0.121314
0.115195
0.162353
0.142317
0.134426
0.165278
0.110795
0.122708
0.118860
0.145988
0.140473
0.133691
0.120799
0.111405
0.142462
0.139712
0.154269
0.117014
0.128787
0.119332
0.115743
0.128829
0.096647
0.126464
0.115267
0.121449
0.109827
0.107065
0.124987
0.103175
0.117231
0.117127
0.110218
0.120528
0.107868
0.119376
0.132667
0.116801
0.123065
0.099606
0.103830
0.111051
0.130026
0.118412
0.109204
0.114938
0.107255
0.110957
0.103540
0.112894
0.121965
0.109197
0.134487
0.123266
0.137727
0.125951
0.117870
0.105502
0.109296
0.130790
0.134940
0.118532
