0.00
238.06
182.88
260.23
227.05
275.46
157.90
268.71
182.57
240.44
197.97
255.48
168.17
197.64
220.63
204.79
229.33
223.97
170.74
188.07
235.76
192.81
178.52
192.20
257.87
156.13
190.74
256.42
213.93
237.46
154.73
213.95
186.70
163.58
186.86
187.84
132.98
191.76
174.05
151.63
184.32
218.83
165.86
198.86
150.69
158.76
188.03
185.89
166.42
176.68
146.04
186.22
172.09
260.28
229.14
218.79
224.10
235.42
258.78
212.42
218.16
185.76
203.87
211.83
177.92
182.61
227.16
226.80
189.05
165.41
193.37
204.07
211.99
141.73
202.21
162.80
250.61
222.61
169.01
228.47
146.53
151.57
154.81
198.28
173.74
157.05
139.10
200.93
135.99
195.44
146.58
164.57
153.99
166.30
192.81
197.99
166.50
140.56
128.14
136.19
192.38
192.63
170.13
210.28
180.51
196.82
199.15
148.91
176.81
174.63
178.19
167.86
187.43
197.87
171.16
160.47
185.54
168.39
179.91
174.30
144.16
174.14
174.79
176.85
183.29
190.36
146.75
144.81
160.67
150.74
209.54
209.52
160.35
250.42
234.62
200.28
261.70
246.75
223.60
184.11
264.31
260.26
251.67
248.05
188.77
257.04
172.28
191.32
197.12
187.84
238.56
229.68
219.06
186.84
198.88
181.67
161.15
186.07
156.08
169.96
212.87
148.06
160.83
185.35
185.66
142.37
168.05
174.39
194.63
171.83
233.69
193.03
209.07
216.89
168.33
225.18
204.99
191.56
186.46
229.08
184.83
185.73
195.57
188.30
194.15
191.01
193.85
159.18
208.33
177.84
225.35
194.88
168.63
241.05
238.97
222.75
131.76
200.57
200.83
177.53
195.12
251.48
225.50
223.11
278.25
252.88
242.98
236.06
260.94
226.62
248.42
253.53
204.50
224.83
238.72
195.63
283.13
204.05
180.64
199.33
195.05
254.70
195.54
174.17
157.23
191.14
193.21
169.06
240.45
177.62
178.39
212.73
199.39
218.98
203.74
148.35
161.80
194.94
173.81
189.42
135.34
171.34
137.19
132.76
127.63
123.54
112.18
133.17
111.05
123.48
103.32
102.89
98.94
111.58
108.68
97.00
130.68
117.57
104.04
102.12
103.37
122.11
117.39
120.86
117.46
114.88
82.53
98.52
112.08
78.43
74.53
67.00
102.18
88.38
99.39
87.54
137.88
126.81
110.67
116.77
149.51
164.22
160.36
160.60
179.27
176.18
139.94
135.01
147.44
159.32
140.28
151.92
152.35
169.17
175.97
151.70
151.19
144.56
144.97
167.16
144.02
132.87
123.86
69.09
80.72
90.80
93.60
72.58
82.09
66.62
63.50
55.35
108.02
92.98
103.68
140.69
122.74
116.97
106.45
110.33
114.60
110.53
119.10
127.62
123.85
117.98
134.18
130.31
119.40
132.05
123.30
116.56
114.76
117.47
117.60
118.79
117.73
129.61
103.43
139.00
122.04
128.82
122.69
118.80
119.87
120.45
128.18
117.76
125.54
135.38
113.45
139.30
115.36
107.95
101.26
102.38
99.52
104.22
97.99
104.46
125.00
112.27
95.18
120.84
110.66
103.75
115.08
76.76
106.67
82.56
110.84
89.39
77.92
62.71
58.80
59.46
70.65
71.00
63.57
56.21
72.52
101.34
46.93
10.42
12.20
13.44
13.98
53.64
40.38
37.27
42.07
39.62
30.31
36.99
26.78
30.02
25.82
27.88
19.49
29.51
135.51
102.02
82.65
112.92
146.28
145.86
153.67
139.24
181.45
153.23
169.73
173.84
137.18
143.47
173.42
125.25
89.53
106.40
133.42
172.89
188.50
185.66
141.17
198.40
170.32
183.01
127.71
173.71
117.78
156.69
138.22
134.57
151.03
140.41
173.46
204.47
223.06
158.04
204.56
237.73
131.32
108.07
131.25
156.36
116.41
152.43
177.43
148.77
161.37
138.55
123.47
137.72
161.04
93.28
100.69
108.11
112.27
97.46
92.42
128.21
86.56
134.77
99.65
139.13
136.89
135.60
110.10
64.27
88.24
66.41
70.37
116.09
106.97
113.79
88.20
108.66
126.77
112.81
89.11
58.75
90.53
76.17
88.81
82.02
103.86
83.91
126.01
80.16
99.96
113.30
88.89
103.77
116.28
83.37
124.28
67.99
128.01
116.68
139.42
113.65
142.36
113.66
170.80
121.33
195.72
113.17
107.34
150.70
103.07
149.86
139.66
119.45
74.83
68.80
97.83
190.77
185.38
240.78
182.92
253.22
220.77
233.86
199.86
172.65
212.48
187.15
156.40
253.99
164.78
174.74
173.95
182.91
196.22
162.68
156.52
174.34
130.85
199.24
170.30
106.60
158.14
165.21
131.71
206.34
215.34
189.12
277.45
265.56
221.14
195.00
232.37
162.77
152.86
205.11
195.77
139.94
253.76
221.62
168.31
136.20
206.08
193.03
115.35
195.57
169.92
193.75
129.66
254.19
236.47
190.31
165.08
204.22
139.79
184.22
137.24
158.92
167.04
117.49
189.35
118.30
103.02
113.45
148.38
167.12
111.04
169.74
123.15
139.68
133.19
156.49
193.34
168.53
135.13
112.85
154.24
116.39
117.33
102.89
118.19
120.84
127.69
105.07
117.21
98.46
85.40
95.35
119.81
113.36
117.56
102.07
75.79
81.14
107.47
85.64
116.96
95.50
111.08
118.25
99.10
129.86
78.44
74.65
89.22
80.96
101.85
110.94
102.85
88.73
129.53
116.00
141.52
158.81
117.72
99.62
114.96
89.64
104.56
90.50
106.98
120.94
85.49
97.23
70.04
117.72
119.99
122.07
120.18
104.03
69.70
40.39
54.34
55.19
66.89
66.71
80.61
97.34
79.67
105.99
107.25
84.55
112.30
126.60
62.99
67.58
58.53
82.13
58.85
61.23
49.70
91.89
61.38
74.39
97.25
67.97
66.96
89.63
73.12
109.15
66.81
49.04
77.77
84.16
107.55
79.80
123.07
115.23
123.90
103.61
141.01
115.64
172.54
104.46
109.97
85.85
144.60
92.17
78.93
72.96
57.79
48.94
41.24
46.40
40.24
38.70
44.14
41.58
41.04
27.63
56.42
68.57
96.27
80.67
80.59
62.67
48.98
37.46
60.36
27.83
39.15
21.35
44.67
52.96
47.45
55.06
50.78
34.68
62.93
43.74
38.00
27.97
66.96
54.30
54.38
49.82
78.59
90.32
74.99
68.66
29.41
59.03
70.54
37.58
58.99
32.20
90.31
78.68
70.09
90.83
97.07
97.40
80.59
118.10
89.32
103.99
58.70
61.76
82.42
55.82
86.29
85.15
111.42
100.05
104.59
54.15
52.25
74.87
42.98
32.04
37.65
65.62
29.23
71.45
102.68
141.42
99.98
212.95
158.98
124.37
157.45
110.06
111.18
63.07
63.90
70.84
31.19
33.43
33.73
38.51
41.78
41.67
44.71
78.20
48.52
40.27
97.02
64.72
121.10
135.44
103.57
82.36
130.41
109.77
57.90
71.45
92.35
140.86
144.26
118.16
118.83
93.76
88.47
101.33
89.31
80.72
56.47
57.74
28.74
56.71
73.24
44.32
64.90
78.40
73.50
59.26
102.46
52.92
46.75
82.41
62.74
95.86
89.86
91.00
66.17
91.83
80.65
90.45
135.22
89.96
100.88
88.36
71.97
66.06
62.49
76.14
51.31
50.64
78.83
63.27
39.07
80.98
72.05
46.23
63.78
59.54
93.43
90.08
80.76
45.43
62.44
53.96
76.38
38.60
57.40
59.49
91.56
84.80
105.64
85.55
107.62
72.93
47.85
41.26
69.36
87.89
61.92
47.41
26.23
56.68
92.51
54.48
54.74
64.37
39.68
29.97
61.83
76.63
31.93
85.09
81.49
49.86
20.79
62.58
96.71
79.72
142.38
92.70
79.58
64.29
85.09
77.31
65.18
49.60
104.37
100.73
148.70
70.85
105.10
88.51
87.62
96.31
87.57
72.46
77.27
58.07
58.96
80.29
93.54
59.15
96.12
101.64
106.92
64.47
154.59
95.46
96.16
60.64
116.98
65.86
41.97
66.69
52.09
111.38
63.69
68.27
97.31
99.09
80.98
57.36
76.63
80.81
60.69
63.96
46.80
54.02
95.39
121.67
99.37
88.34
97.98
124.83
70.93
65.24
55.22
57.29
63.16
68.30
86.57
63.23
52.21
59.41
75.18
49.68
74.89
102.27
168.01
82.71
86.90
64.34
56.89
55.37
51.48
72.15
43.69
43.20
35.83
81.15
79.62
46.67
56.51
30.21
45.93
53.56
55.68
