680	348	26	43
677	345	29	44
680	346	25	43
677	344	28	43
680	344	25	43
676	343	28	43
679	342	24	43
676	342	28	42
678	340	26	43
677	340	27	42
676	339	26	42
676	338	26	43
676	338	27	42
676	337	26	42
676	337	25	42
675	335	27	43
675	335	26	42
674	333	26	42
675	333	26	41
675	332	25	42
673	331	27	42
674	330	25	40
674	330	24	41
673	327	26	42
675	327	24	41
672	327	26	40
673	326	25	40
672	324	26	41
673	324	24	40
670	322	27	41
673	323	24	40
671	321	26	40
673	321	24	40
670	319	26	41
671	319	24	40
670	317	25	41
670	316	24	41
670	316	25	39
669	314	26	40
669	314	26	40
669	313	26	40
669	313	25	39
668	311	25	41
669	311	24	40
667	309	26	40
669	308	24	40
668	308	25	39
668	308	24	38
666	306	25	39
667	306	25	38
666	304	26	39
666	304	25	39
665	304	25	38
665	302	25	39
665	302	24	38
665	300	25	39
664	300	24	38
664	299	24	38
664	298	25	38
664	297	25	38
663	297	25	38
662	295	25	38
663	295	24	38
662	293	25	39
662	293	25	39
662	292	24	38
662	292	24	38
662	291	24	38
662	289	24	39
662	290	24	38
661	288	24	38
661	288	24	38
661	288	23	38
661	287	24	36
661	285	23	37
660	285	25	37
659	285	25	37
661	283	23	37
659	283	25	36
659	282	24	36
659	282	24	37
658	281	24	37
660	280	22	37
659	279	23	36
658	278	24	37
658	278	23	37
658	277	23	36
657	276	24	36
659	276	22	37
657	275	24	36
657	274	22	36
657	273	23	37
657	273	23	36
658	272	22	36
656	272	24	35
658	271	22	36
657	270	22	35
656	270	22	35
656	269	22	35
657	268	22	36
656	267	23	36
656	267	23	35
657	266	22	35
656	266	22	35
656	265	22	35
656	264	22	35
656	263	21	35
655	262	22	34
655	262	22	35
655	261	22	35
655	260	22	35
655	260	22	35
655	259	22	35
655	258	22	35
656	258	21	35
655	257	22	34
655	256	21	34
654	255	22	34
655	255	21	35
655	254	22	34
654	254	22	34
654	252	22	35
655	251	21	35
653	249	23	36
653	245	23	35
653	243	22	35
653	239	23	35
653	238	22	34
652	235	23	36
652	233	23	35
652	232	23	34
652	230	22	34
653	228	22	35
652	227	22	34
652	226	22	33
652	224	22	33
653	224	21	33
652	223	21	33
653	222	20	33
652	222	20	33
652	221	21	33
652	220	21	33
651	218	22	33
651	217	22	34
651	217	21	33
650	216	22	33
651	215	21	33
650	214	21	33
650	213	21	34
649	212	22	33
651	211	20	33
649	210	22	32
650	209	21	32
649	208	21	32
649	207	21	32
650	206	20	33
648	205	22	32
649	204	20	32
649	203	20	32
648	202	21	32
649	201	20	32
648	200	20	32
648	198	21	32
646	198	22	31
647	196	21	32
647	195	21	31
645	194	21	30
647	193	21	31
646	192	21	31
646	190	20	31
647	189	20	31
647	188	20	31
646	186	20	30
646	186	20	30
644	185	20	30
645	183	19	30
645	182	19	30
643	181	20	30
645	179	19	29
644	179	19	29
643	177	19	30
643	176	19	29
642	175	20	30
642	173	20	30
643	172	19	30
642	171	19	29
642	170	19	29
642	169	19	29
641	167	19	30
641	166	19	29
641	164	19	28
641	163	19	28
641	162	19	29
640	160	19	29
639	159	19	29
640	157	18	29
639	157	19	29
641	156	17	28
639	154	19	29
639	152	18	29
638	151	18	29
639	150	17	28
638	150	18	27
638	148	17	28
638	148	17	27
638	146	17	28
638	146	17	28
637	144	18	28
637	143	18	28
637	142	17	28
637	142	17	27
636	141	18	26
636	140	17	27
636	139	18	27
635	138	18	28
636	137	17	28
635	136	17	27
636	135	17	27
635	135	18	25
634	135	18	25
635	134	18	26
635	133	18	26
634	133	18	26
634	132	18	26
633	132	19	27
634	132	18	26
633	132	18	26
634	131	17	26
632	131	18	26
634	131	17	26
633	131	18	25
634	130	17	26
632	130	19	26
632	131	18	26
632	131	18	26
632	132	18	25
631	133	18	25
631	133	17	25
632	134	17	24
633	135	16	24
631	135	17	24
632	136	17	24
632	137	17	24
631	138	17	25
630	139	17	25
630	140	18	25
630	141	18	25
630	142	17	25
630	143	17	25
630	144	16	25
631	145	16	25
630	147	17	25
629	147	18	25
630	148	17	25
629	149	16	24
630	150	16	24
629	151	17	25
630	153	16	24
629	153	17	23
630	154	16	25
630	155	17	25
630	156	17	25
630	158	17	24
630	159	17	24
632	160	16	24
631	160	16	23
630	161	17	24
631	162	17	24
631	164	16	23
632	164	17	24
632	166	17	24
633	166	16	24
633	168	17	24
634	169	16	23
633	169	17	23
634	171	17	24
635	171	17	24
634	172	18	24
635	173	18	24
635	174	18	24
636	175	17	24
636	176	17	23
636	177	16	23
638	178	15	23
637	179	16	23
637	179	17	24
638	180	16	23
638	181	16	23
639	182	16	23
639	182	16	23
639	183	16	23
639	184	16	23
640	185	16	23
641	185	16	23
641	186	16	23
640	188	17	23
642	188	16	24
640	189	17	23
641	190	16	23
642	191	16	22
641	191	17	23
641	191	17	23
641	192	17	23
642	193	16	23
642	194	17	23
641	194	17	23
642	194	17	23
640	195	18	24
642	195	17	24
642	196	17	24
641	197	18	23
642	197	17	24
641	198	18	24
642	198	18	24
642	199	18	25
641	199	19	24
641	200	19	24
641	200	18	24
641	201	18	24
642	201	18	24
641	202	18	23
641	202	18	23
641	203	18	24
641	203	18	24
641	203	19	24
641	204	18	25
642	204	19	24
641	204	19	25
641	205	19	24
642	205	19	24
641	206	20	25
641	206	18	24
641	206	18	23
642	207	18	24
642	207	19	24
641	207	19	24
641	208	20	24
641	209	20	23
642	209	20	22
640	208	20	23
642	210	20	21
641	209	19	22
641	209	20	24
640	209	20	24
640	210	21	22
641	209	20	24
640	209	20	24
641	209	20	23
640	209	21	24
641	209	21	25
641	208	21	25
639	208	22	27
639	209	23	25
640	209	22	25
642	209	20	26
639	209	23	26
640	210	23	25
640	210	22	25
640	211	22	25
640	211	23	26
640	211	23	25
640	212	23	25
640	212	23	25
641	213	23	24
641	212	22	25
642	217	21	22
641	215	23	24
640	213	25	27
642	214	24	26
642	214	25	26
643	212	23	27
643	212	24	28
643	213	24	26
642	214	27	26
643	215	27	26
643	215	28	26
643	216	27	26
646	217	24	28
648	217	22	27
646	218	26	27
647	218	23	27
649	220	22	27
648	220	24	27
649	221	24	26
650	222	21	27
650	222	22	27
652	223	21	27
652	224	21	28
652	224	21	28
651	223	26	31
647	223	31	32
645	223	33	32
644	225	33	31
645	227	35	31
645	228	34	31
646	230	32	32
646	231	32	31
655	233	23	30
655	235	23	28
656	236	23	28
652	237	27	28
653	237	26	28
656	239	24	27
657	240	23	28
652	240	27	30
656	243	24	27
651	241	28	30
654	244	24	28
655	245	24	27
653	244	26	29
653	245	26	29
654	247	26	29
652	247	28	30
654	248	27	31
653	250	27	29
653	252	27	29
653	253	28	28
656	254	25	29
655	255	25	29
657	257	24	29
654	256	26	30
657	258	24	29
656	259	26	29
656	261	25	28
658	262	24	29
658	263	24	29
657	263	26	30
658	264	25	29
659	265	24	30
657	267	26	30
657	266	27	31
659	268	24	31
656	269	28	31
658	271	27	31
656	271	29	31
655	272	30	32
656	273	30	33
656	274	31	32
658	275	30	33
657	276	31	33
657	276	31	33
658	278	30	33
657	278	33	34
659	280	28	33
657	280	30	33
660	281	28	34
659	281	30	33
658	283	30	33
661	284	28	33
657	283	31	34
658	284	31	35
658	286	32	33
657	287	33	33
656	287	33	33
657	288	33	33
660	289	32	33
660	289	34	33
660	291	33	33
660	290	34	35
660	291	33	33
659	292	35	33
658	291	35	34
661	294	32	34
661	292	32	35
661	294	34	34
662	294	32	34
660	291	33	36
660	294	33	35
659	294	35	35
659	295	35	34
660	296	34	34
660	295	34	34
661	296	34	34
662	297	35	34
661	295	36	36
661	297	38	34
660	297	38	34
660	296	37	34
663	297	35	34
662	296	36	34
662	296	35	35
662	294	35	36
667	295	30	35
664	293	35	36
664	296	35	34
663	295	35	34
663	298	35	33
664	298	35	33
664	295	36	34
663	297	36	33
663	297	36	33
663	296	36	33
664	297	35	33
662	297	37	33
662	295	39	35
663	296	36	35
663	294	36	36
663	292	37	36
668	294	29	34
665	291	33	36
668	294	30	33
663	293	35	34
666	295	31	32
663	295	35	33
666	295	32	32
667	294	30	31
665	294	34	32
664	293	36	32
663	293	37	32
665	293	34	31
666	292	33	33
665	292	30	32
666	292	31	33
667	291	30	31
669	290	28	32
667	290	30	32
666	290	31	32
665	290	32	32
666	290	30	30
667	290	29	30
668	290	29	30
669	289	28	30
667	288	30	31
667	289	30	31
668	288	29	30
667	287	31	32
667	287	28	32
669	285	27	32
667	285	28	31
666	284	29	31
666	283	31	32
666	283	30	32
666	284	30	31
665	283	31	30
665	283	31	30
667	283	30	31
668	283	29	31
670	282	27	29
668	282	29	31
666	281	31	31
666	280	31	30
668	281	29	31
670	280	25	30
667	279	28	31
667	278	29	31
668	277	30	32
664	278	32	31
667	278	30	29
666	278	30	30
665	277	31	30
666	278	31	30
665	277	32	29
666	276	31	30
664	276	33	31
666	276	33	31
666	275	30	30
667	275	29	31
668	273	28	31
666	272	30	31
668	273	28	31
665	272	31	31
666	273	31	30
666	272	30	30
665	273	32	30
667	273	30	30
665	272	31	30
664	272	34	30
665	272	33	30
665	270	32	30
664	270	33	30
667	270	32	31
667	268	29	32
668	267	29	32
667	269	29	30
665	267	31	31
666	268	31	30
666	268	32	29
665	268	33	30
668	267	30	29
668	268	30	29
666	267	32	29
666	267	33	30
665	266	34	30
665	267	33	30
668	264	29	33
668	263	29	32
668	263	29	33
668	263	30	33
667	264	32	31
667	264	31	30
670	265	28	29
669	266	30	29
666	265	32	30
668	265	32	30
667	264	32	30
667	265	32	30
670	265	31	29
670	264	28	29
669	263	28	30
669	261	30	31
672	262	26	31
672	261	28	31
668	263	30	30
668	264	29	28
671	265	28	28
670	264	29	28
670	264	29	28
673	264	27	29
674	264	24	28
673	264	26	28
672	263	28	28
673	263	27	29
672	262	28	29
672	262	27	29
669	261	29	29
671	262	28	29
670	262	30	29
674	263	27	28
671	263	29	29
670	263	30	29
673	262	28	28
675	263	27	28
674	263	29	28
676	263	27	29
677	263	26	28
676	263	26	29
676	263	26	29
675	263	26	29
675	263	28	29
674	262	28	29
678	263	25	28
675	263	27	28
676	263	27	28
675	263	29	29
678	263	25	28
678	263	25	29
679	263	25	29
682	263	23	29
680	264	25	29
681	263	24	31
681	262	25	31
681	264	24	30
683	263	22	29
681	261	23	32
680	262	25	32
679	263	26	31
678	263	27	30
678	265	29	28
677	265	30	29
678	265	29	29
679	266	29	29
679	266	29	29
679	266	30	29
677	265	34	29
677	265	32	29
680	266	30	31
679	264	30	32
683	266	27	30
681	265	29	31
683	264	27	31
679	266	31	30
682	266	28	29
680	267	30	29
680	267	31	29
680	267	31	29
681	268	32	29
683	267	30	29
685	269	28	28
685	269	28	28
683	268	30	29
683	268	29	29
684	268	29	30
681	265	33	32
682	267	30	31
683	268	30	31
684	268	30	30
686	269	29	30
684	269	31	30
682	269	32	30
683	269	33	30
684	270	31	30
684	269	34	29
685	270	32	29
685	270	32	30
685	270	32	31
684	268	32	32
687	268	28	34
687	266	30	34
686	269	29	31
688	270	28	31
687	270	30	30
686	271	32	30
686	271	32	30
684	271	34	29
684	271	34	31
686	271	32	29
687	272	32	30
688	272	30	30
687	273	32	30
689	272	27	29
691	271	27	30
690	272	28	30
689	271	29	31
690	272	28	30
690	273	30	30
688	273	31	30
688	274	31	29
688	274	31	29
688	274	31	30
692	274	29	29
694	273	27	30
696	274	25	30
696	274	25	30
696	273	23	30
697	274	23	30
698	274	21	30
696	274	23	29
697	274	22	30
696	275	23	30
694	275	25	29
694	274	26	30
695	275	26	30
694	274	27	30
695	275	28	29
696	275	27	30
696	275	26	30
697	275	27	30
697	274	24	30
697	275	25	30
698	274	24	30
699	274	23	30
700	274	23	30
693	276	30	29
692	275	31	30
692	275	32	29
694	276	30	30
695	275	30	29
695	275	30	29
697	276	28	29
699	276	26	29
697	275	28	29
698	275	25	29
700	274	24	31
699	272	24	31
700	274	24	32
701	274	23	31
693	274	30	30
694	276	31	29
693	275	32	30
694	276	30	29
694	275	31	30
695	275	30	30
697	275	29	30
699	277	25	29
695	276	30	30
695	273	27	32
697	274	26	31
699	273	22	32
698	273	23	31
699	273	24	31
698	274	23	31
697	274	25	29
694	275	28	30
691	274	31	30
692	275	30	29
692	274	30	30
693	274	30	30
693	276	30	30
694	273	28	31
696	274	24	31
695	267	25	37
694	272	25	33
695	273	24	32
695	274	24	30
696	275	22	29
693	275	27	29
693	274	27	30
691	274	28	29
692	275	28	30
692	274	29	31
695	274	25	31
692	273	28	33
692	266	29	39
690	268	30	37
688	269	30	36
688	269	29	36
689	273	29	33
690	274	28	31
688	275	30	30
688	275	29	30
690	275	27	31
690	275	26	29
690	276	26	29
690	276	25	29
690	277	26	29
691	276	26	32
685	276	30	33
685	273	30	36
686	275	29	29
688	276	26	29
689	276	24	30
689	276	25	30
688	276	24	30
689	276	23	29
691	276	22	29
689	277	23	29
691	277	22	29
690	278	23	29
689	277	24	28
688	277	25	30
688	277	24	30
689	277	23	30
688	278	24	29
688	277	24	29
688	277	23	30
690	277	22	29
687	277	25	29
690	277	23	30
686	277	26	30
686	277	26	29
688	277	24	29
686	277	26	30
685	277	28	29
687	276	24	29
687	277	25	29
686	277	24	29
685	278	27	29
684	277	29	29
686	276	27	30
686	276	26	29
688	276	23	30
686	276	26	30
686	276	26	29
686	275	25	30
688	276	23	29
687	275	25	31
688	275	22	31
687	275	23	30
685	276	26	30
687	278	24	28
687	278	25	28
680	277	30	28
684	277	27	29
688	275	22	30
689	277	22	29
687	277	22	29
687	275	22	30
686	274	23	30
685	274	24	30
687	276	22	29
685	275	26	31
682	273	28	34
685	275	24	32
682	268	27	37
682	270	27	35
680	272	29	33
678	274	31	36
681	274	28	37
683	276	26	32
676	274	32	34
677	274	33	35
678	276	30	32
676	273	32	34
675	273	33	35
678	274	30	31
675	275	32	31
676	276	32	32
677	277	30	28
680	277	27	29
680	276	27	30
681	276	26	29
681	276	25	29
682	277	25	29
676	276	28	29
678	275	27	30
681	275	23	29
680	275	24	29
680	274	23	30
680	275	23	30
679	275	23	30
679	274	24	31
680	277	22	28
677	275	26	30
680	277	23	28
677	271	26	33
676	274	25	32
676	272	24	33
678	274	22	31
678	273	22	31
680	276	20	28
677	276	23	27
678	276	21	28
677	276	22	28
675	276	22	28
676	276	23	28
676	276	24	29
675	275	23	29
675	276	23	29
675	276	23	29
677	275	21	29
675	275	21	28
677	275	21	29
675	274	22	30
676	274	21	30
673	275	23	29
671	274	27	29
672	274	26	29
673	275	25	29
675	274	22	28
674	274	23	29
675	273	24	29
673	274	24	29
675	273	24	29
670	273	26	30
671	271	26	32
671	271	27	31
672	272	25	30
672	272	25	30
673	273	25	29
671	273	26	29
670	272	27	28
672	272	25	29
672	271	26	29
673	272	25	29
673	272	24	29
674	271	24	29
676	271	21	29
674	271	22	28
673	271	23	30
672	270	26	29
671	270	26	29
672	270	25	29
672	271	26	28
673	270	24	28
675	270	22	28
676	271	21	28
674	270	23	28
675	270	23	28
675	270	22	28
676	269	22	28
676	269	22	27
678	269	19	28
674	269	23	27
677	269	20	27
676	269	23	28
676	268	22	28
677	269	20	28
677	269	21	27
677	268	22	28
675	267	25	29
678	268	21	28
671	267	26	28
674	267	25	27
674	267	25	29
677	266	21	28
678	266	21	28
678	266	20	29
677	266	21	28
678	266	21	29
677	266	21	28
678	265	21	29
677	264	21	30
678	262	21	32
678	262	21	31
678	264	20	29
677	264	21	28
678	265	20	27
676	265	22	27
677	264	21	28
677	265	21	28
678	265	22	28
675	264	22	27
677	264	22	28
677	265	21	27
677	264	20	27
676	264	21	27
676	264	24	28
676	263	22	28
677	263	21	28
676	263	22	28
673	262	27	29
675	263	24	28
675	264	24	28
677	263	21	27
676	263	21	27
676	263	21	29
676	262	22	29
676	262	21	29
676	262	21	29
676	262	21	29
676	262	21	29
676	262	21	29
676	262	21	28
677	262	20	28
676	261	21	29
676	262	21	28
674	259	23	31
675	260	21	31
675	261	21	29
675	263	21	26
674	263	22	26
673	263	21	27
674	263	21	27
672	263	22	27
673	263	22	27
673	263	21	27
673	263	23	27
671	262	23	27
673	262	22	27
672	262	22	27
673	262	21	27
671	262	23	27
672	263	21	26
671	263	23	26
671	262	22	26
671	263	21	25
672	263	21	26
668	263	25	26
671	262	21	26
671	262	21	26
671	262	20	25
668	262	22	27
671	263	19	25
669	264	20	23
669	263	19	25
669	263	20	25
667	262	21	26
668	262	19	26
668	262	20	26
668	262	19	26
666	262	22	26
666	263	21	26
665	263	22	26
666	263	21	26
665	263	21	26
664	263	23	26
663	263	22	26
663	261	22	27
664	262	22	26
664	262	21	27
663	263	21	26
663	263	22	26
663	262	20	27
662	262	20	27
662	262	20	26
661	263	21	27
660	263	21	26
661	262	21	26
661	262	20	26
660	263	20	27
660	263	20	25
660	264	20	25
660	263	20	26
660	263	20	25
660	263	20	26
659	262	21	27
659	262	21	27
658	261	22	28
658	261	23	27
658	262	23	26
658	260	23	29
658	261	22	27
658	259	22	30
659	259	21	31
655	260	26	29
659	261	19	27
657	262	22	26
658	262	20	27
657	263	21	26
656	262	23	27
657	262	20	28
657	262	19	27
656	262	22	27
658	262	20	26
656	262	21	26
658	261	19	27
658	261	19	26
657	262	19	27
658	262	19	27
658	262	19	27
658	261	19	26
657	261	20	26
658	261	20	26
658	261	19	26
658	261	19	26
657	261	21	26
657	262	20	26
656	261	22	26
656	261	23	27
655	261	22	27
657	261	22	27
657	261	22	27
657	261	21	27
657	261	22	26
657	260	20	26
658	260	20	27
657	259	20	27
659	260	19	27
658	260	19	27
656	259	23	27
657	260	21	27
657	260	22	26
656	259	23	27
657	259	21	26
657	259	20	26
658	259	20	26
659	258	20	27
657	258	21	28
657	257	22	28
660	259	20	27
660	259	20	26
659	258	21	26
657	258	23	26
658	258	22	27
658	257	23	27
657	258	23	27
655	257	24	27
655	257	24	27
661	258	20	25
660	257	21	25
660	256	21	26
660	256	20	27
660	257	22	26
658	257	23	26
658	256	23	26
658	256	23	25
658	257	24	25
659	256	23	26
660	256	22	25
660	255	23	25
660	255	21	26
660	255	23	25
662	254	22	28
661	253	23	27
662	254	22	26
661	255	23	26
661	255	22	26
661	255	23	26
661	254	22	26
662	254	22	26
661	255	23	26
661	254	24	26
663	253	21	27
662	254	22	26
662	253	23	26
662	253	22	26
663	253	21	27
663	254	23	26
662	253	23	26
662	254	23	26
662	254	23	26
662	253	24	26
665	254	21	26
665	253	22	26
664	253	22	26
666	253	20	26
664	253	21	26
665	251	23	28
665	251	21	28
666	252	21	27
666	253	21	26
666	253	21	26
665	253	21	26
667	253	21	26
667	252	20	27
668	252	20	26
667	253	21	27
669	253	19	26
669	253	20	25
668	253	20	26
669	252	20	26
669	252	20	26
670	252	19	26
670	252	20	26
670	252	20	26
670	252	20	26
670	252	21	26
671	252	19	26
670	252	21	26
670	252	21	26
673	252	19	26
672	252	19	26
672	251	20	26
674	251	18	27
675	252	19	26
673	252	20	26
674	252	19	26
674	252	20	26
672	251	22	26
672	252	22	26
674	251	22	27
673	251	23	26
675	252	20	26
674	252	21	26
675	251	21	27
674	251	21	26
674	251	22	26
675	251	21	26
677	251	20	26
676	251	20	25
675	251	22	26
675	251	23	27
675	251	23	26
677	251	21	26
676	251	21	25
676	251	21	26
677	251	20	25
676	251	21	26
676	250	21	26
678	250	22	27
679	251	20	26
679	251	20	25
678	251	20	25
678	251	21	26
678	252	20	25
678	252	22	26
677	252	21	25
677	252	22	26
678	252	21	26
679	252	19	25
678	251	21	26
678	250	21	26
678	250	22	26
679	252	20	25
679	252	20	24
679	251	20	25
678	251	20	26
678	251	21	25
678	251	21	25
677	251	22	26
676	251	23	26
677	251	21	27
676	250	23	26
678	249	21	27
678	248	22	28
678	249	21	26
678	251	23	25
676	251	23	26
676	251	23	26
675	251	24	26
674	251	24	26
673	251	26	27
674	251	26	27
674	251	24	27
674	251	23	27
675	250	23	28
675	249	23	27
676	250	21	26
677	250	21	27
677	251	22	25
675	250	23	25
675	250	23	26
672	251	25	25
676	250	21	26
674	250	21	24
674	251	21	25
672	251	22	25
675	251	21	25
675	250	19	25
675	249	20	25
675	250	20	26
674	250	21	26
674	250	20	25
674	250	20	26
673	250	20	25
673	250	20	26
674	250	19	25
674	250	19	26
675	250	18	25
673	250	19	26
674	249	19	25
674	250	19	25
674	250	18	25
674	250	18	25
673	250	19	26
672	250	21	26
673	250	19	26
672	250	20	26
673	250	19	25
673	250	19	26
671	250	20	25
671	250	20	25
672	249	21	26
671	250	20	26
671	249	20	26
670	249	20	26
669	249	23	27
670	250	20	26
670	250	20	25
670	249	19	26
670	250	20	26
670	249	18	25
669	250	19	25
669	250	19	25
669	249	19	25
669	250	20	26
670	250	19	26
669	250	18	25
668	249	19	25
669	249	18	25
669	249	19	25
668	249	19	26
668	250	20	25
667	250	20	25
666	251	21	25
667	250	20	24
667	250	19	26
667	251	19	25
667	251	19	25
667	251	19	25
665	251	21	26
666	251	20	25
665	251	20	26
665	250	20	24
666	251	19	25
666	251	19	25
666	252	20	25
666	252	20	24
666	251	20	25
666	251	19	25
666	252	20	25
665	252	20	25
665	252	20	24
664	252	20	25
664	252	21	24
666	251	20	26
666	252	20	25
665	252	22	25
665	252	22	25
665	253	22	25
664	253	22	25
664	253	21	25
664	253	21	26
663	254	21	25
664	254	21	25
664	254	21	25
664	255	20	25
665	254	20	24
666	254	20	24
665	254	20	25
664	254	20	25
663	254	22	25
665	254	19	25
665	255	20	26
665	255	21	25
664	255	20	25
665	255	18	25
665	255	18	24
665	255	19	24
667	256	18	25
664	257	20	25
666	256	18	25
667	256	18	25
666	256	19	25
665	255	20	26
668	256	18	25
666	257	18	25
666	257	19	25
667	257	19	25
666	257	20	26
667	257	19	26
666	257	19	26
667	257	19	25
666	258	21	26
668	257	19	25
668	258	20	26
668	258	19	26
668	258	19	26
668	257	20	27
670	259	18	26
668	259	20	26
668	258	21	27
669	259	19	27
669	259	19	26
670	260	19	26
670	260	19	26
669	260	20	27
670	260	20	26
670	261	20	26
670	261	20	26
671	261	19	26
671	261	19	26
671	261	20	27
671	261	21	27
673	262	19	26
672	262	21	26
673	262	20	26
671	263	21	26
672	262	21	26
672	263	20	26
673	263	20	26
673	263	20	26
673	263	21	26
673	263	20	26
674	263	21	27
674	264	20	26
675	264	19	27
675	264	20	28
673	264	22	26
676	266	20	26
675	265	21	26
675	265	21	27
676	266	22	26
678	267	20	27
677	267	22	26
676	267	23	26
676	267	22	27
677	267	22	26
678	268	21	27
678	268	22	26
678	268	23	27
678	268	23	28
679	268	23	28
680	268	24	27
679	269	24	28
681	271	23	26
680	271	23	26
679	271	24	26
680	272	24	26
680	272	23	26
680	272	22	26
679	272	23	27
681	273	24	27
681	273	23	27
682	274	22	26
682	274	23	27
683	273	22	29
684	273	22	28
685	273	23	30
686	273	23	28
686	275	23	28
686	275	22	27
686	275	21	28
686	276	22	28
686	276	23	27
686	276	22	28
687	277	21	27
689	278	20	27
688	278	21	27
687	278	22	28
688	278	22	29
686	278	26	30
687	277	25	33
685	274	29	38
685	275	26	36
686	278	29	32
684	278	29	33
685	280	28	31
685	280	29	31
685	281	29	32
689	281	25	32
689	281	28	31
690	281	25	31
692	282	25	31
692	282	23	29
694	283	21	29
694	283	22	29
696	284	20	28
694	285	22	28
695	284	21	28
694	284	23	29
697	286	19	27
696	286	22	28
698	286	21	27
697	286	22	29
697	287	23	29
698	287	22	30
698	288	23	30
698	288	24	30
698	288	24	31
696	289	27	32
697	289	26	31
699	290	24	31
698	290	26	32
700	290	24	32
701	290	21	31
700	290	24	31
702	291	23	30
701	292	23	30
702	292	23	30
702	294	23	29
703	293	22	29
704	294	22	29
704	295	22	28
704	295	22	28
704	295	23	31
705	296	23	30
704	296	25	32
705	296	24	32
704	298	25	31
701	298	27	33
700	295	28	39
701	295	30	40
702	296	29	36
702	297	29	36
705	299	24	33
702	300	26	30
703	300	26	31
703	302	25	30
705	302	24	30
707	302	23	30
706	303	23	30
704	303	24	29
704	304	24	31
707	304	21	30
705	305	23	31
706	305	23	32
703	306	25	34
702	303	27	36
700	306	27	34
698	303	33	38
698	306	34	36
696	306	34	36
696	309	35	35
693	308	38	38
694	308	40	39
690	308	43	37
692	308	45	38
687	304	47	41
684	289	53	57
675	289	63	57
678	287	62	65
672	283	65	71
677	286	59	64
678	286	62	68
671	262	62	85
670	275	65	78
670	289	69	67
669	279	66	71
668	292	69	64
663	278	73	74
668	277	68	77
667	273	66	74
663	277	71	75
661	257	71	85
661	267	73	83
661	242	71	99
664	268	68	73
668	268	69	71
661	257	73	84
663	271	67	77
666	266	66	77
666	247	64	82
668	259	62	73
664	267	70	71
662	257	67	73
665	274	63	63
666	267	62	59
665	260	59	64
657	240	71	78
660	254	61	66
661	249	64	67
661	241	66	74
660	254	61	59
662	243	64	67
656	236	68	76
652	210	69	95
654	236	67	70
654	230	67	71
649	208	72	88
656	228	61	66
652	235	70	67
652	225	70	69
651	205	66	85
649	202	70	86
655	218	62	71
656	217	62	65
651	210	70	69
657	202	62	75
654	210	67	69
654	201	62	73
653	198	71	72
646	195	73	74
644	197	67	71
641	193	72	78
647	208	63	64
640	204	73	66
645	201	61	68
649	202	67	63
650	209	60	60
655	209	57	55
648	212	64	52
655	216	52	45
659	219	45	39
662	221	38	35
662	220	36	34
661	218	34	36
662	220	33	35
662	218	33	36
661	218	34	37
660	216	33	38
659	218	33	37
659	215	35	37
659	218	33	35
659	214	34	38
657	209	34	41
657	209	34	43
658	206	32	46
659	207	33	43
654	207	37	42
652	210	38	39
655	208	35	38
654	211	34	36
654	209	34	36
654	210	34	35
653	208	34	36
652	209	36	36
652	206	35	37
653	208	33	35
652	206	35	36
652	205	35	35
652	208	36	35
650	204	35	36
652	205	35	38
651	202	34	37
653	204	34	36
650	203	34	38
651	194	34	46
647	198	38	42
641	200	45	42
649	201	38	41
649	202	39	36
648	202	38	36
648	204	39	34
648	201	35	34
650	203	34	35
647	202	36	35
649	203	35	34
648	200	36	35
649	202	34	34
648	197	35	37
647	201	36	36
646	202	37	36
644	199	39	37
644	198	39	40
643	195	42	46
643	190	39	49
638	188	47	55
638	187	49	55
638	188	47	54
638	190	48	50
639	193	46	46
640	197	47	42
644	200	44	37
645	200	41	35
644	199	43	36
645	199	42	35
640	200	47	37
642	201	46	35
644	200	40	34
644	202	42	34
644	196	42	39
641	189	46	50
636	181	52	60
638	172	50	71
638	183	54	59
636	173	54	72
637	139	56	105
633	133	63	113
636	133	58	108
635	136	60	110
638	135	61	112
638	138	55	107
636	142	60	104
638	138	58	108
637	145	60	99
640	148	55	95
637	145	57	102
639	147	54	97
637	150	57	102
640	156	56	89
638	157	56	91
639	157	55	87
639	162	52	84
638	161	56	82
640	165	59	84
639	165	52	82
646	173	49	72
642	172	54	77
641	172	52	76
642	173	52	77
644	179	52	69
642	179	54	69
643	180	54	67
644	185	52	63
644	188	54	61
644	188	55	61
645	190	55	61
645	191	53	61
645	193	55	60
645	195	56	61
647	198	54	60
647	200	55	59
647	198	57	61
648	208	55	53
646	205	58	58
646	203	60	61
648	210	58	58
647	208	59	57
648	216	59	54
649	215	58	53
648	213	59	57
649	223	58	53
650	223	57	49
650	225	46	48
651	230	58	49
648	228	61	53
649	228	61	55
649	229	61	56
648	230	64	56
648	230	65	60
648	230	67	65
648	230	66	64
649	224	66	69
651	231	68	76
649	225	74	79
646	223	68	78
650	224	70	88
648	222	68	86
652	231	72	86
649	210	60	93
649	228	67	87
649	228	64	86
645	210	60	88
654	233	59	83
649	220	51	69
656	241	41	56
654	235	44	53
654	234	45	58
650	237	51	58
655	239	46	54
653	240	45	55
655	242	46	52
655	245	44	49
658	249	42	45
660	253	40	42
660	253	40	42
658	252	41	44
658	250	43	48
660	252	42	47
662	256	41	43
660	253	43	48
661	253	42	45
661	257	43	44
660	255	42	44
663	257	42	45
661	254	42	49
660	253	43	52
661	253	43	55
662	254	42	55
661	254	43	56
660	257	43	52
665	262	40	47
663	260	40	46
665	263	41	46
663	266	42	49
663	262	45	51
664	264	42	49
664	266	42	48
665	266	43	49
664	266	44	49
665	273	46	53
663	267	45	52
666	270	45	50
667	270	45	47
666	272	45	47
667	272	46	46
666	273	45	45
666	275	45	45
666	275	46	45
667	275	44	45
668	278	43	42
669	279	41	43
669	279	44	45
669	279	45	45
670	279	43	47
670	280	44	48
670	275	42	53
669	280	44	50
667	278	46	55
670	282	47	58
669	282	46	56
669	281	46	52
672	288	43	53
670	287	44	49
670	287	46	46
669	290	45	45
669	288	46	49
670	293	46	47
670	289	47	46
672	295	45	46
673	292	44	43
673	295	42	44
672	297	45	44
671	297	46	46
672	295	47	47
672	299	47	45
674	300	45	45
674	300	47	47
673	301	46	47
672	297	48	53
672	298	48	55
672	299	48	52
674	300	48	52
673	302	47	49
674	303	48	51
673	300	47	52
674	302	49	55
677	303	44	53
677	310	45	52
674	303	48	50
675	306	47	55
674	307	49	50
677	311	48	60
676	303	46	56
678	308	45	51
680	313	42	45
679	311	43	49
677	314	45	47
679	314	44	51
678	312	46	53
678	315	46	52
677	312	47	53
679	316	46	54
676	316	48	52
678	315	47	51
681	318	45	48
681	318	44	48
682	320	43	46
684	320	42	46
684	322	42	44
684	320	43	46
684	321	43	45
684	320	43	46
686	319	42	45
687	317	40	47
688	319	41	46
690	317	38	47
689	317	38	47
689	316	39	49
689	314	40	50
692	313	38	51
691	311	37	53
691	312	38	50
691	310	37	50
693	308	35	52
692	308	36	49
693	308	36	48
694	306	35	47
694	306	34	45
695	305	33	45
697	303	32	47
697	303	31	43
698	303	30	43
699	302	31	45
698	301	30	44
699	301	31	45
699	299	29	44
699	299	31	43
698	297	31	44
698	297	31	44
698	296	34	45
699	296	30	44
698	296	34	43
694	294	37	46
695	295	36	45
694	295	38	45
697	296	35	46
694	294	38	46
698	298	34	42
696	296	37	44
696	298	37	43
697	298	36	44
697	296	37	46
697	299	36	44
697	298	36	45
697	296	36	47
697	298	36	46
699	298	34	46
696	297	38	48
697	297	37	47
695	299	39	46
694	301	41	48
695	300	41	52
695	299	40	52
694	301	41	51
695	302	40	53
697	301	38	47
698	304	38	45
699	304	37	45
701	306	35	42
701	307	34	41
702	307	36	40
703	307	33	41
703	307	33	42
703	308	35	41
703	308	35	41
703	309	34	41
704	309	35	41
702	308	35	42
703	309	35	42
704	310	35	41
704	310	34	43
705	311	34	43
705	310	35	45
705	311	36	45
707	312	34	44
705	312	36	45
705	313	36	44
707	313	35	44
708	314	34	43
709	314	32	45
710	313	31	47
710	314	31	46
709	315	32	43
711	316	30	40
712	317	28	39
713	317	28	39
713	316	28	39
712	317	29	39
711	318	32	40
711	318	31	41
710	319	31	40
710	319	32	41
709	319	32	41
710	320	32	40
710	320	33	41
709	320	32	40
712	320	31	41
714	320	28	40
713	320	27	40
714	320	28	41
712	321	29	40
714	321	29	40
714	322	29	39
715	321	29	40
713	321	29	40
713	322	31	39
714	323	30	39
714	323	30	39
714	323	31	40
713	323	30	41
713	324	32	41
712	322	32	43
713	323	32	42
713	323	32	42
713	322	32	45
712	321	37	46
716	321	32	46
717	322	30	45
716	323	31	43
717	324	30	42
717	324	30	42
717	327	29	38
715	327	31	39
718	328	28	39
720	330	27	37
718	329	29	39
717	330	30	38
718	330	29	37
716	330	29	40
715	330	31	40
715	330	30	38
714	329	32	42
711	329	35	41
714	331	33	40
713	328	34	41
711	328	37	42
712	329	35	42
712	330	33	40
715	332	32	38
715	332	29	38
716	333	28	37
716	333	28	37
715	334	29	38
715	334	29	37
713	334	30	39
712	334	34	39
711	330	33	41
713	331	29	40
711	331	30	42
711	331	31	41
708	331	33	42
707	331	35	44
707	333	35	43
707	332	36	44
707	332	36	45
706	333	37	46
708	333	36	46
708	335	37	44
710	336	35	44
710	337	37	45
709	338	36	45
708	337	39	44
709	337	37	43
710	339	37	43
709	337	38	43
711	339	38	43
710	340	39	42
711	340	39	42
711	341	39	42
710	342	41	42
711	342	41	43
709	342	43	42
712	344	38	44
710	342	40	45
713	343	40	48
712	343	39	46
711	343	40	48
715	345	37	47
711	342	42	48
714	344	39	49
709	345	47	46
713	346	39	44
710	347	48	44
706	347	48	43
714	346	47	46
706	348	54	45
710	350	46	43
710	352	45	42
712	351	44	42
713	351	41	43
711	351	44	44
713	352	40	43
712	353	38	44
709	351	45	44
709	354	45	44
710	354	45	43
710	355	42	43
713	354	47	43
712	356	41	43
709	354	44	44
711	356	43	42
710	356	43	42
710	358	42	41
707	357	46	41
710	358	43	42
708	357	47	43
708	358	45	41
708	358	48	42
708	360	43	41
709	359	45	43
709	361	41	40
707	358	45	43
708	361	42	41
708	360	45	43
709	361	42	42
708	360	43	44
706	362	42	42
705	358	48	46
705	361	45	43
705	361	45	43
705	361	43	43
706	361	43	43
702	361	46	43
703	363	44	41
702	363	44	41
702	361	45	44
700	362	45	42
700	362	44	43
697	361	46	42
699	363	44	40
696	361	44	43
697	363	42	41
691	360	47	44
692	362	48	42
692	363	44	40
687	360	48	44
686	361	46	42
688	363	41	40
682	360	47	43
684	361	44	41
685	362	40	40
679	359	48	42
679	360	44	41
675	359	47	42
676	358	39	41
671	357	48	42
670	355	45	43
668	355	47	44
665	356	45	42
665	355	47	42
663	356	47	43
661	355	46	42
660	354	47	43
658	354	48	44
656	354	46	43
655	354	48	42
653	353	45	43
652	354	47	43
650	354	47	42
648	354	46	42
646	353	46	42
643	352	45	42
642	352	49	42
640	352	47	42
639	352	48	42
637	351	48	41
636	351	47	41
635	352	47	41
633	350	48	42
632	352	47	41
632	351	47	41
630	352	46	42
630	351	47	41
628	351	46	41
628	351	46	41
627	352	47	40
625	352	47	41
624	352	47	41
623	352	48	41
621	351	47	41
622	352	47	40
620	352	47	40
618	352	47	40
616	351	48	40
615	352	48	40
613	351	49	40
611	351	48	39
609	352	48	40
608	352	48	39
607	351	48	40
606	352	48	39
605	352	47	39
605	353	47	38
604	353	48	39
602	352	47	39
601	353	47	39
601	353	46	39
599	353	46	38
597	353	47	38
596	353	48	38
597	353	45	38
592	354	48	38
591	352	49	39
591	352	49	39
591	354	45	38
588	354	49	38
588	353	48	38
590	354	45	37
588	354	48	38
589	354	47	38
585	354	49	37
591	355	43	37
589	355	46	37
591	356	44	37
588	356	46	36
588	356	46	37
583	355	50	38
589	357	44	37
588	357	45	36
586	357	46	37
588	358	43	36
590	359	41	35
584	358	46	36
589	359	40	35
581	358	48	35
589	359	39	35
583	359	45	34
588	359	38	34
583	360	43	33
585	361	41	33
578	360	46	33
582	361	41	31
575	360	47	33
579	361	42	31
578	361	42	31
574	360	45	33
580	362	37	30
576	362	39	29
567	360	48	32
567	359	46	33
572	361	40	31
559	359	53	34
561	357	47	35
560	358	47	34
557	358	48	34
555	356	50	40
553	357	50	38
552	357	53	36
548	357	55	34
550	358	47	33
547	358	51	33
542	354	53	38
540	354	54	39
548	358	45	31
540	355	51	35
538	354	53	37
537	354	52	37
534	354	54	38
540	355	45	34
539	354	43	35
533	354	50	34
529	352	53	36
524	352	55	36
521	352	56	37
520	351	55	38
530	354	44	33
521	351	52	35
516	350	55	36
516	349	52	37
517	349	50	37
514	348	51	35
508	347	56	40
510	347	52	36
506	347	55	35
506	345	55	38
505	346	56	38
499	344	60	40
500	342	56	38
500	342	54	36
499	342	54	36
494	340	57	33
494	338	56	36
498	338	50	36
486	334	35	32
486	334	31	30
489	334	30	28
490	333	28	25
484	331	36	29
487	329	33	30
487	329	35	29
488	327	34	29
489	326	36	29
500	326	27	23
501	326	27	20
506	325	26	20
511	323	25	19
512	322	29	20
513	320	31	20
520	320	25	19
524	319	27	18
526	318	27	19
530	317	26	18
535	316	25	17
538	315	29	19
543	314	28	20
547	313	28	19
551	312	29	18
552	311	31	20
559	310	28	19
564	309	34	22
561	307	38	22
571	307	36	25
575	306	36	21
575	305	48	39
566	303	59	40
571	301	55	39
572	299	57	41
580	299	50	40
576	297	56	41
579	296	53	40
582	294	50	40
581	293	54	40
583	291	52	40
585	289	50	40
585	289	51	39
585	288	50	40
589	286	48	39
588	285	49	39
591	283	45	38
593	282	44	38
594	281	43	38
593	279	44	37
594	277	43	37
595	276	43	38
595	274	43	37
594	273	43	37
595	271	42	36
596	270	42	36
596	269	42	36
596	268	42	36
595	266	43	36
595	265	43	35
596	263	41	35
597	263	42	35
596	262	42	35
595	261	43	35
598	260	40	35
600	260	39	35
596	259	42	37
595	258	43	35
600	258	38	35
597	258	41	37
593	257	46	38
597	256	42	36
594	256	45	36
594	255	45	38
591	253	46	39
592	253	45	38
590	252	48	38
592	252	46	37
591	252	47	38
592	252	45	39
592	252	46	40
591	252	46	39
591	251	47	39
591	251	46	37
592	252	46	37
592	251	47	38
592	252	46	37
591	251	48	38
592	250	47	38
592	251	47	36
592	251	47	37
592	251	47	37
593	252	47	36
593	249	47	38
591	247	48	40
589	249	49	38
590	248	49	39
591	247	50	39
591	249	50	37
590	250	50	36
591	249	50	38
590	247	51	39
589	248	50	37
591	249	49	38
591	249	51	37
591	249	50	37
592	250	50	36
593	250	48	35
593	250	49	36
593	250	48	35
593	250	49	36
594	251	49	35
594	249	48	35
595	251	46	34
600	249	45	37
598	251	48	34
601	250	44	36
600	251	47	34
602	250	45	36
601	251	47	35
600	252	48	34
601	251	47	34
602	251	47	35
604	251	45	34
605	251	46	34
605	251	44	34
614	252	38	32
611	249	39	36
611	250	42	35
616	251	38	32
615	250	37	34
612	250	40	33
613	249	40	35
617	251	38	32
617	249	38	33
614	249	40	34
621	250	35	31
621	250	34	32
618	250	37	32
618	249	39	31
617	248	40	33
619	248	38	31
617	248	40	33
624	248	34	31
623	248	34	31
622	248	36	31
621	248	36	32
616	247	42	30
625	246	33	31
624	247	34	31
622	247	37	31
623	247	35	31
624	246	35	30
624	246	35	29
625	246	33	29
623	245	36	29
628	245	32	29
628	245	31	29
625	245	34	28
627	244	31	29
627	244	32	29
627	245	32	28
628	244	31	28
626	244	33	28
628	243	32	28
627	243	33	29
627	243	33	29
626	243	33	28
628	243	32	28
627	244	32	28
628	243	32	28
630	243	31	29
628	243	31	28
630	243	31	27
631	243	30	26
630	244	31	26
631	243	31	27
629	243	32	26
629	242	31	26
629	242	32	26
630	242	31	28
628	244	33	26
636	242	26	26
636	243	25	25
633	243	28	28
630	242	32	28
629	242	35	30
631	243	32	29
632	242	32	28
630	242	34	30
632	244	33	29
630	242	35	29
631	242	36	30
631	242	35	29
630	243	36	29
630	243	35	28
634	243	33	27
633	244	34	29
633	244	34	27
632	244	35	27
633	245	35	26
638	244	29	26
635	244	33	25
640	244	28	26
637	245	30	26
642	246	27	25
636	245	32	25
642	247	28	25
650	248	21	22
649	249	22	22
652	249	19	21
651	250	20	21
656	253	16	17
658	255	14	15
658	256	13	14
658	255	14	14
658	255	14	15
658	255	15	14
660	257	13	14
660	257	13	13
660	257	13	14
