0.00
0.51
0.56
0.49
0.47
0.47
0.54
0.56
0.44
0.48
0.48
0.57
0.46
0.52
0.56
0.54
0.52
0.53
0.43
0.48
0.54
0.48
0.58
0.54
0.52
0.59
0.57
0.65
0.54
0.56
0.63
0.50
0.65
0.63
0.56
0.54
0.68
0.52
0.63
0.64
0.55
0.51
0.53
0.47
0.54
0.56
0.53
0.56
0.49
0.46
0.51
0.50
0.57
0.55
0.53
0.60
0.52
0.54
0.56
0.50
0.60
0.48
0.58
0.58
0.65
0.54
0.65
0.55
0.56
0.54
0.62
0.56
0.64
0.64
0.65
0.64
0.59
0.63
0.58
0.60
0.51
0.57
0.59
0.55
0.61
0.55
0.56
0.55
0.61
0.59
0.63
0.63
0.56
0.63
0.59
0.58
0.55
0.65
0.60
0.60
0.55
0.56
0.54
0.55
0.57
0.58
0.55
0.59
0.58
0.56
0.54
0.56
0.53
0.56
0.46
0.52
0.47
0.59
0.52
0.59
0.52
0.48
0.48
0.48
0.51
0.46
0.51
0.48
0.58
0.47
0.54
0.51
0.54
0.46
0.53
0.53
0.47
0.52
0.51
0.54
0.56
0.51
0.55
0.49
0.58
0.51
0.53
0.58
0.56
0.56
0.56
0.53
0.52
0.55
0.46
0.47
0.59
0.50
0.52
0.47
0.52
0.50
0.42
0.38
0.39
0.38
0.29
0.26
0.24
0.29
0.41
0.51
0.49
0.50
0.48
0.49
0.59
0.46
0.47
0.50
0.47
0.34
0.40
0.52
0.52
0.49
0.36
0.47
0.48
0.46
0.53
0.45
0.53
0.54
0.52
0.52
0.51
0.56
0.58
0.52
0.56
0.45
0.46
0.54
0.43
0.59
0.46
0.58
0.47
0.55
0.44
0.60
0.47
0.62
0.47
0.57
0.52
0.59
0.53
0.49
0.59
0.48
0.55
0.59
0.59
0.59
0.57
0.58
0.58
0.61
0.60
0.61
0.56
0.59
0.58
0.58
0.60
0.56
0.62
0.57
0.58
0.59
0.60
0.61
0.62
0.56
0.63
0.58
0.59
0.59
0.56
0.49
0.53
0.48
0.49
0.50
0.46
0.48
0.55
0.52
0.56
0.53
0.56
0.55
0.53
0.56
0.55
0.58
0.55
0.55
0.56
0.59
0.58
0.55
0.62
0.58
0.59
0.55
0.58
0.55
0.59
0.56
0.55
0.51
0.61
0.56
0.57
0.56
0.63
0.63
0.61
0.64
0.66
0.65
0.67
0.65
0.66
0.62
0.67
0.61
0.69
0.61
0.67
0.64
0.64
0.67
0.67
0.66
0.69
0.67
0.69
0.68
0.71
0.66
0.70
0.68
0.70
0.68
0.68
0.67
0.63
0.65
0.66
0.67
0.70
0.72
0.71
0.71
0.71
0.71
0.70
0.70
0.70
0.71
0.69
0.73
0.73
0.74
0.72
0.72
0.73
0.71
0.70
0.70
0.71
0.70
0.67
0.62
0.63
0.62
0.70
0.70
0.70
0.69
0.65
0.71
0.75
0.72
0.72
0.73
0.70
0.72
0.60
0.67
0.71
0.69
0.68
0.67
0.66
0.59
0.61
0.67
0.72
0.68
0.75
0.77
0.73
0.72
0.71
0.71
0.68
0.73
0.72
0.71
0.68
0.65
0.59
0.68
0.63
0.68
0.71
0.71
0.73
0.71
0.73
0.71
0.66
0.72
0.71
0.73
0.73
0.74
0.72
0.72
0.72
0.74
0.68
0.74
0.74
0.72
0.71
0.72
0.74
0.77
0.75
0.75
0.75
0.71
0.75
0.68
0.75
0.67
0.70
0.75
0.76
0.75
0.70
0.76
0.70
0.74
0.74
0.74
0.66
0.77
0.63
0.77
0.67
0.66
0.75
0.60
0.75
0.63
0.68
0.72
0.66
0.69
0.64
0.68
0.67
0.75
0.69
0.69
0.70
0.76
0.70
0.70
0.68
0.73
0.75
0.62
0.71
0.67
0.67
0.63
0.65
0.67
0.61
0.75
0.65
0.67
0.74
0.64
0.68
0.76
0.70
0.72
0.70
0.74
0.73
0.70
0.72
0.71
0.75
0.69
0.73
0.75
0.72
0.77
0.71
0.74
0.73
0.77
0.76
0.72
0.74
0.71
0.75
0.74
0.71
0.71
0.71
0.73
0.74
0.76
0.70
0.76
0.77
0.72
0.75
0.64
0.75
0.72
0.63
0.74
0.73
0.69
0.66
0.69
0.67
0.71
0.68
0.70
0.65
0.75
0.64
0.70
0.70
0.74
0.68
0.63
0.70
0.59
0.72
0.70
0.71
0.64
0.75
0.72
0.72
0.63
0.75
0.73
0.74
0.75
0.74
0.64
0.69
0.71
0.71
0.70
0.71
0.74
0.72
0.71
0.72
0.71
0.71
0.72
0.70
0.67
0.69
0.71
0.69
0.69
0.68
0.68
0.69
0.71
0.72
0.68
0.70
0.65
0.69
0.67
0.69
0.70
0.65
0.69
0.68
0.68
0.69
0.66
0.70
0.57
0.68
0.69
0.69
0.64
0.68
0.64
0.70
0.61
0.71
0.60
0.68
0.68
0.72
0.64
0.68
0.69
0.64
0.69
0.68
0.69
0.71
0.70
0.69
0.69
0.69
0.62
0.73
0.71
0.69
0.68
0.68
0.67
0.69
0.70
0.70
0.71
0.70
0.71
0.68
0.72
0.71
0.74
0.73
0.73
0.71
0.69
0.70
0.71
0.67
0.71
0.67
0.70
0.68
0.66
0.71
0.63
0.64
0.56
0.60
0.63
0.63
0.64
0.58
0.62
0.62
0.53
0.64
0.55
0.62
0.57
0.66
0.55
0.67
0.51
0.61
0.58
0.63
0.57
0.63
0.60
0.53
0.62
0.55
0.54
0.63
0.57
0.56
0.58
0.63
0.56
0.58
0.58
0.60
0.54
0.65
0.56
0.50
0.68
0.49
0.60
0.60
0.57
0.58
0.51
0.54
0.50
0.50
0.57
0.57
0.57
0.52
0.53
0.50
0.54
0.58
0.66
0.52
0.53
0.66
0.58
0.60
0.61
0.65
0.48
0.57
0.66
0.51
0.61
0.58
0.63
0.49
0.57
0.64
0.61
0.51
0.62
0.64
0.68
0.51
0.58
0.67
0.55
0.55
0.71
0.57
0.56
0.69
0.58
0.70
0.57
0.66
0.62
0.46
0.58
0.62
0.56
0.59
0.61
