0.261596
0.171044
0.099772
0.143641
0.111839
0.173213
0.103026
0.135156
0.152891
0.155346
0.136692
0.148833
0.193628
0.156957
0.144849
0.160058
0.162685
0.180216
0.176102
0.151986
0.153829
0.139032
0.127240
0.155469
0.160465
0.154164
0.106596
0.133375
0.157553
0.153804
0.104385
0.136578
0.159026
0.107120
0.149748
0.145015
0.136647
0.147653
0.112930
0.137507
0.117992
0.134264
0.150326
0.159055
0.131395
0.100903
0.156677
0.164956
0.186351
0.114249
0.167495
0.143929
0.175627
0.130580
0.131701
0.157199
0.131003
0.145967
0.149928
0.163789
0.165192
0.153907
0.172599
0.130503
0.103124
0.124487
0.138605
0.172601
0.176201
0.108229
0.133088
0.127659
0.144482
0.174996
0.182527
0.145836
0.166001
0.131480
0.128544
0.141804
0.115030
0.151144
0.163144
0.155674
0.129883
0.143880
0.132707
0.144747
0.140657
0.123300
0.157235
0.157840
0.125287
0.190767
0.168374
0.151316
0.137780
0.117553
0.161061
0.129605
0.130055
0.131474
0.142906
0.167021
0.131415
0.125745
0.143221
0.122017
0.158332
0.131500
0.127856
0.120698
0.105589
0.147410
0.176811
0.163737
0.126891
0.160610
0.119342
0.127554
0.169234
0.161072
0.133495
0.126038
0.127108
0.161532
0.126482
0.148289
0.120281
0.128710
0.113861
0.125375
0.124465
0.134547
0.172277
0.155650
0.160418
0.148153
0.115740
0.137480
0.109804
0.158328
0.155694
0.148284
0.161971
0.134283
0.109073
0.117325
0.119538
0.140403
0.127476
0.137742
0.139582
0.155611
0.112717
0.156384
0.148820
0.126466
0.117898
0.123230
0.157714
0.133467
0.166235
0.120367
0.130407
0.139106
0.137683
0.135405
0.158464
0.147775
0.113627
0.137595
0.146668
0.169807
0.127187
0.139877
0.119892
0.154941
0.125484
0.153895
0.091101
0.139046
0.125163
0.102331
0.133794
0.144145
0.137551
0.135137
0.144827
0.159358
0.150722
0.155069
0.168288
0.151068
0.132110
0.161655
0.178798
0.176814
0.116483
0.143609
0.144895
0.127217
0.125540
0.122978
0.161902
0.119719
0.133400
0.150587
0.103225
0.154303
0.167377
0.196944
0.143893
0.172541
0.181295
0.143220
0.147010
0.125620
0.118048
0.150529
0.102631
0.132703
0.157532
0.157635
0.143792
0.169199
0.151982
0.159127
0.142826
0.115854
0.112964
0.167813
0.147890
0.151345
0.162228
0.152671
0.174130
0.148082
0.124236
0.159535
0.131987
0.167169
0.149472
0.144483
0.178064
0.120937
0.146691
0.110320
0.153712
0.095423
0.149247
0.183319
0.125149
0.107851
0.160258
0.129336
0.114465
0.127527
0.148458
0.133409
0.159273
0.142804
0.134292
0.147471
0.136904
0.157309
0.188670
0.154909
0.108521
0.084906
0.170164
0.143705
0.143685
0.132762
0.149232
0.178866
0.137454
0.159163
0.131079
0.174042
0.144063
0.174081
0.166009
0.180055
0.157159
0.148520
0.125060
0.126538
0.154585
0.185849
0.166099
0.191331
0.168039
0.140503
0.170007
0.162383
0.168106
0.143311
0.120908
0.138719
0.101938
0.137210
0.166170
0.167511
0.154767
0.121427
0.167237
0.188502
0.117560
0.172651
0.185389
0.138412
0.144444
0.132840
0.146764
0.175747
0.148135
0.196224
0.149741
0.131437
0.137147
0.176576
0.123482
0.118941
0.129784
0.176035
0.147286
0.152236
0.153223
0.111500
0.139747
0.129520
0.114272
0.176954
0.096604
0.138122
0.132420
0.134681
0.165032
0.152021
0.162051
0.151528
0.198246
0.150817
0.132203
0.143964
0.113460
0.196816
0.153995
0.144690
0.148686
0.139560
0.122991
0.122648
0.096480
0.130444
0.124565
0.129677
0.130663
0.160697
0.139285
0.126706
0.141445
0.129270
0.082681
0.165076
0.132170
0.166224
0.151983
0.133421
0.130714
0.135274
0.149788
0.108546
0.146056
0.169900
0.127870
0.149312
0.147044
0.165746
0.132076
0.159049
0.119786
0.162798
0.166691
0.153169
0.094511
0.118984
0.138007
0.118841
0.167827
0.168161
0.137005
0.128614
0.143494
0.117316
0.134221
0.168139
0.168350
0.135767
0.155413
0.179970
0.130012
0.162721
0.147083
0.153729
0.147990
0.164219
0.170211
0.153099
0.142542
0.161807
0.130327
0.135633
0.127094
0.119661
0.114111
0.146166
0.159248
0.156830
0.169241
0.145855
0.118446
0.140250
0.142555
0.138249
0.111909
0.119457
0.126574
0.138138
0.167454
0.147254
0.098237
0.126739
0.104279
0.126530
0.142196
0.094462
0.128855
0.115021
0.148434
0.160597
0.096537
0.155905
0.192242
0.160300
0.167891
0.107467
0.121468
0.149164
0.153947
0.132114
0.150366
0.144963
0.131508
0.153578
