0.00
289.00
258.95
313.27
262.83
243.81
222.51
290.44
183.92
130.12
119.56
130.53
90.25
86.52
110.59
126.06
131.14
146.31
115.15
167.75
94.74
149.55
124.24
135.79
122.35
117.10
145.49
107.14
93.35
99.36
70.56
42.58
73.04
90.91
150.01
140.16
252.91
175.35
247.09
186.67
238.52
224.34
221.39
148.32
185.66
127.85
228.94
242.97
215.40
203.46
217.38
220.64
201.01
187.29
234.03
259.72
281.26
300.81
340.78
324.43
329.03
305.06
285.75
251.04
308.90
364.79
291.96
220.04
203.87
193.51
235.37
255.34
204.81
221.66
192.09
240.39
259.24
246.85
299.73
319.01
316.63
253.83
263.50
275.63
231.68
231.46
228.61
198.91
246.58
292.02
273.29
285.65
130.05
231.96
175.06
215.71
159.19
182.90
122.88
196.98
204.83
185.91
142.10
122.78
214.31
237.63
309.99
235.85
233.39
214.03
98.95
66.68
241.61
228.80
200.75
284.69
208.51
214.19
225.67
202.90
261.62
348.21
350.52
294.06
347.01
341.76
412.21
325.58
343.05
196.23
205.90
219.59
189.00
171.75
162.75
118.66
91.92
121.53
210.38
111.62
131.08
115.79
268.66
289.99
253.90
336.07
232.17
196.12
189.41
165.17
150.09
204.05
214.22
149.42
130.24
93.94
124.64
189.62
142.87
215.80
221.21
250.80
256.74
231.57
289.00
280.08
218.02
209.88
203.32
178.62
156.39
191.08
309.24
197.88
290.78
265.05
227.04
256.49
263.66
205.51
268.93
212.24
247.24
241.50
274.52
267.39
345.82
411.97
429.19
409.20
358.14
378.65
383.97
358.29
354.82
400.14
343.79
316.76
336.35
243.16
291.93
237.02
280.50
368.59
272.08
318.41
316.54
351.34
354.34
364.73
284.99
362.63
348.16
338.38
360.47
334.65
432.30
404.35
379.67
359.10
401.86
388.18
396.68
371.23
428.30
356.60
449.26
435.06
277.39
386.37
399.09
387.22
345.86
384.93
401.42
355.24
353.56
316.00
275.22
284.24
292.59
274.56
348.87
290.28
243.14
257.13
340.58
274.96
264.18
284.93
291.95
271.53
213.59
255.39
184.14
203.12
186.06
152.30
165.70
139.83
134.59
133.73
134.14
155.65
93.62
93.52
111.81
138.63
156.75
172.50
155.91
173.32
113.33
200.22
177.18
180.25
129.10
108.40
105.68
98.22
105.71
165.46
184.01
194.84
131.64
126.28
128.92
100.19
115.33
96.21
81.40
139.70
146.90
178.04
166.50
163.81
151.11
178.82
179.97
189.59
174.42
195.62
196.09
187.02
164.13
212.98
208.00
208.95
233.31
179.09
202.45
191.84
120.80
185.68
242.80
214.66
194.12
181.50
209.04
194.47
185.81
176.39
218.62
221.35
162.64
166.67
178.72
183.05
159.12
161.99
136.98
227.03
161.19
155.67
114.92
148.80
127.48
153.51
80.60
69.37
83.18
93.43
111.28
106.68
95.37
68.29
63.17
91.40
79.58
77.30
100.92
78.49
80.62
118.98
107.53
75.37
112.72
69.31
96.13
97.93
83.07
71.90
98.94
103.46
98.53
121.80
78.61
79.61
86.41
109.44
70.49
97.09
120.63
107.12
71.97
65.49
67.70
94.29
86.77
65.80
102.31
76.92
73.28
97.26
109.16
94.52
111.56
95.71
80.97
109.64
96.49
74.85
79.32
72.10
76.18
77.77
96.29
64.28
54.61
96.09
43.36
49.41
76.59
66.69
51.53
69.17
63.89
53.55
56.39
60.71
78.20
81.33
91.60
81.39
114.76
140.91
105.38
67.48
69.06
105.95
129.97
105.66
117.38
127.57
108.12
137.81
136.61
117.51
148.56
131.19
148.40
102.20
159.45
159.91
125.98
159.27
140.23
142.79
153.95
133.82
138.58
110.16
108.93
134.04
154.37
140.89
168.79
145.98
139.28
139.73
113.10
148.92
199.35
129.48
154.12
160.53
163.59
149.32
174.08
179.61
203.03
170.00
208.18
153.18
188.14
134.11
160.31
133.76
144.20
165.29
127.83
133.82
120.03
137.05
107.31
103.63
104.63
79.98
72.43
91.76
103.94
111.04
80.47
68.49
80.09
50.74
56.52
56.24
69.88
44.74
67.74
72.83
119.61
117.05
94.76
114.06
133.58
144.63
132.95
143.60
102.64
133.38
136.21
109.47
118.19
118.54
94.65
114.68
97.16
136.80
112.64
109.49
156.81
92.74
126.44
83.32
84.63
72.01
54.64
64.47
82.95
58.65
74.51
78.74
64.99
70.49
83.26
82.22
111.92
167.14
128.17
127.48
145.87
187.75
147.13
138.64
138.08
97.85
95.97
105.74
103.02
147.48
137.32
105.82
122.77
62.44
84.55
119.76
87.75
94.84
85.00
167.50
120.73
100.18
99.28
136.57
138.42
138.94
190.13
174.91
158.01
91.84
125.99
106.57
88.29
132.70
102.54
121.86
103.87
111.56
133.69
88.39
112.77
174.64
125.74
141.25
134.20
76.17
60.84
86.80
85.41
85.76
140.47
118.19
76.65
83.96
101.49
76.73
85.33
120.76
106.52
114.94
160.86
109.39
86.98
126.54
139.76
141.98
152.82
187.48
86.16
95.75
144.69
211.81
72.43
177.86
117.67
147.88
129.75
97.89
138.43
129.94
118.29
163.67
130.61
193.02
110.16
116.74
60.74
37.52
104.30
184.29
184.65
191.07
198.87
226.35
174.59
214.22
187.48
128.96
138.94
171.37
176.40
263.39
196.67
110.20
167.80
145.26
158.17
161.36
149.05
211.43
138.94
265.51
220.00
111.73
197.16
91.93
109.64
80.96
167.57
93.65
196.67
100.01
162.76
154.33
104.47
209.53
144.85
127.14
114.46
132.74
119.98
107.29
152.47
128.09
103.25
83.33
97.81
86.74
129.93
123.55
99.98
92.81
232.47
159.15
154.05
164.48
265.28
182.00
175.36
186.73
217.36
186.73
194.00
191.84
186.89
136.57
206.46
151.65
129.09
214.07
171.08
159.53
195.43
179.65
249.74
154.33
132.07
134.99
107.61
138.44
203.68
154.24
200.39
138.85
305.65
236.62
146.59
149.25
210.56
158.82
187.19
213.47
189.82
185.24
186.46
204.37
115.30
136.50
123.73
111.01
97.79
122.76
101.86
94.61
118.75
129.94
167.07
271.85
189.16
239.65
242.88
268.61
257.92
185.61
247.52
154.65
220.06
125.89
149.48
150.73
162.48
121.15
152.01
194.94
187.71
192.24
176.75
165.15
209.56
186.06
143.12
214.14
282.35
182.93
219.61
202.43
273.55
211.41
187.54
203.42
161.19
139.25
163.80
109.60
102.73
161.77
159.14
122.50
147.05
103.39
243.51
166.74
131.87
161.17
141.76
131.14
137.21
198.53
200.27
185.18
279.70
207.09
180.09
151.66
176.37
199.04
178.21
178.13
243.56
200.07
197.37
132.93
222.30
264.22
161.29
77.88
88.90
95.20
67.85
89.69
66.27
39.48
49.46
