0.185057
0.099280
0.136393
0.117572
0.145373
0.137275
0.135054
0.122565
0.128621
0.125247
0.153192
0.134906
0.133568
0.136180
0.179297
0.115279
0.130549
0.108872
0.138775
0.117166
0.124822
0.134133
0.117990
0.126281
0.139741
0.133118
0.129276
0.113423
0.147964
0.154297
0.153295
0.139937
0.115311
0.139116
0.124820
0.100379
0.124385
0.131480
0.111383
0.134198
0.139924
0.137699
0.126379
0.130430
0.114207
0.122602
0.124525
0.120969
0.131782
0.134587
0.133591
0.120590
0.136090
0.150550
0.158713
0.120140
0.151481
0.132988
0.107018
0.071229
0.096365
0.098603
0.109232
0.107735
0.112867
0.123501
0.107635
0.130895
0.115208
0.115966
0.131626
0.144252
0.107795
0.128113
0.137166
0.122790
0.131361
0.115459
0.105643
0.108217
0.122270
0.106507
0.128899
0.114816
0.122811
0.130359
0.128846
0.128713
0.125156
0.139112
0.125871
0.134579
0.133031
0.159889
0.146464
0.152830
0.149581
0.129268
0.141961
0.150824
0.120750
0.146365
0.153167
0.124135
0.131666
0.130395
0.129873
0.111103
0.093308
0.105135
0.137686
0.153441
0.155361
0.160379
0.140981
0.156899
0.145286
0.146030
0.144734
0.139355
0.157353
0.156064
0.158738
0.153361
0.123672
0.138880
0.141360
0.101813
0.119960
0.139507
0.117868
0.154224
0.140767
0.138168
0.139266
0.141711
0.139677
0.154109
0.145596
0.162362
0.157986
0.165964
0.161624
0.153686
0.136720
0.132356
0.155535
0.129800
0.142100
0.149395
0.155894
0.108832
0.131527
0.160347
0.132092
0.118512
0.121328
0.133751
0.107739
0.143964
0.127170
0.131676
0.112078
0.117951
0.118174
0.130738
0.139750
0.120136
0.132611
0.124274
0.154707
0.159597
0.117969
0.161402
0.115666
0.104299
0.100426
0.143335
0.139335
0.153252
0.117759
0.117059
0.134176
0.134946
0.127763
0.121304
0.108637
0.128392
0.120001
0.129581
0.124074
0.115075
0.121636
0.117410
0.136338
0.147115
0.128949
0.134973
0.108683
0.147660
0.124928
0.136030
0.150431
0.103768
0.123130
0.085263
0.111219
0.124501
0.128640
0.097559
0.114091
0.131712
0.124797
0.143415
0.110500
0.128887
0.103050
0.144293
0.124973
0.118543
0.130521
0.123369
0.170354
0.122861
0.121355
0.161704
0.130891
0.124899
0.126326
0.149461
0.141831
0.139395
0.131107
0.130145
0.164051
0.150915
0.131258
0.163418
0.139371
0.161119
0.147516
0.116679
0.146371
0.138480
0.144355
0.136415
0.171339
0.163193
0.116195
0.131755
0.120734
0.186262
0.117427
0.110075
0.148453
0.146994
0.142179
0.133643
0.140926
0.130001
0.185543
0.111686
0.115023
0.134709
0.110647
0.158051
0.196033
0.120842
0.128991
0.140249
0.122611
0.089468
0.137329
0.132609
0.126513
0.108114
0.116109
0.142840
0.155888
0.147791
0.140788
0.127307
0.188721
0.178353
0.126493
0.150132
0.142630
0.149265
0.159146
0.118374
0.125706
0.131314
0.140188
0.142301
0.146387
0.141012
0.091231
0.137114
0.117275
0.174074
0.131371
0.160235
0.124006
0.137916
0.169985
0.153287
0.125644
0.134634
0.137235
0.114084
0.117064
0.128169
0.133437
0.164673
0.123739
0.144095
0.128314
0.139099
0.139998
0.127308
0.128039
0.102689
0.127872
0.144731
0.127529
0.133085
0.165195
0.117188
0.159155
0.116955
0.127944
0.117846
0.134071
0.138839
0.118384
0.130220
0.128208
0.128060
0.103739
0.125457
0.120237
0.136838
0.141587
0.150643
0.146918
0.113833
0.153169
0.111508
0.118099
0.130983
0.111678
0.110250
0.117069
0.113917
0.116387
0.139526
0.124577
0.110748
0.139499
0.115376
0.138600
0.168247
0.148872
0.138894
0.144576
0.148801
0.126838
0.130235
0.112331
0.116379
0.148926
0.119784
0.128027
0.149280
0.128649
0.127234
0.117635
0.105701
0.132211
0.108885
0.110189
0.132311
0.129610
0.158770
0.108932
0.100131
0.116180
0.102905
0.131253
0.121011
0.122344
0.131587
0.120648
0.139084
0.132903
0.137201
0.144464
0.147874
0.125923
0.118892
0.138392
0.127237
0.124920
0.143389
0.132063
0.142080
0.145461
0.158031
0.128548
0.131021
0.132917
0.141423
0.148609
0.143568
0.145785
0.136981
0.123112
0.146847
0.146835
0.111241
0.127710
0.128982
0.129826
0.137704
0.153060
0.172713
0.142727
0.150470
0.127234
0.142665
0.124459
0.173934
0.152027
0.173264
0.146459
0.146714
0.173845
0.158538
0.163240
0.111375
0.191782
0.145000
0.150383
0.145732
0.162592
0.154431
0.144741
0.123960
0.142481
0.107746
0.140653
0.125518
0.155271
0.135730
0.134865
0.127861
0.123396
0.134930
0.129169
0.172336
0.137162
0.161035
0.149720
0.138793
0.140251
0.134008
0.171155
0.154908
0.134900
0.166854
0.114899
0.130701
0.129108
0.137495
0.156836
0.118604
0.114669
0.099180
0.124454
0.116732
0.119052
0.143574
0.124245
0.128358
0.129673
0.072122
0.123558
0.127349
0.140766
0.118695
0.116896
0.137753
0.150659
0.152222
0.175758
0.128849
0.157878
0.192281
0.152640
0.141181
0.157017
0.144327
0.152606
0.138443
0.157153
0.145221
0.134230
0.134669
0.159741
0.152180
0.145399
0.148782
0.150899
0.137415
0.118640
0.127854
0.110838
0.131029
0.143649
0.133465
0.142216
0.132470
0.137669
0.118438
0.108683
0.138517
0.126248
0.140919
0.111012
0.107674
0.107254
0.127706
0.163727
0.116373
0.182491
0.134342
0.149081
0.170606
0.132939
0.122913
-0.315664
0.109715
0.121304
0.133480
0.158674
0.155000
0.096976
0.154224
0.140463
0.168436
0.154052
0.179757
0.164023
0.164543
0.147996
0.151353
0.172950
0.133844
0.152075
0.140941
0.141336
0.115523
0.123732
0.140764
0.107439
0.116288
0.126476
0.112092
0.131024
0.134599
0.130224
0.138841
0.141993
0.150918
0.134252
0.161852
0.129349
0.121428
0.132304
0.188281
0.115263
0.118911
0.159571
0.137553
0.124276
0.159856
0.149235
0.102224
0.116039
0.127114
0.129261
0.134484
0.135564
0.137028
0.110782
0.111480
0.146530
0.159347
0.151967
0.125228
0.123430
0.164942
0.134073
0.160671
0.138676
0.146383
0.136805
0.165098
0.125084
0.148983
0.115431
0.135114
0.157126
0.162968
0.166753
0.149166
0.169480
0.122721
0.130750
0.142280
0.145602
0.132008
0.142877
0.128007
0.161749
0.125103
0.130930
0.158149
0.221219
0.161181
0.147687
0.179190
0.100537
0.136998
0.170319
0.133530
0.164757
0.175589
0.170294
0.153422
0.162159
0.128614
0.147523
0.168512
0.172701
0.141132
0.162262
0.121349
0.102851
0.118077
0.149049
0.121831
0.141649
0.133660
0.109327
0.125326
0.126218
0.137282
0.151957
0.132373
0.141881
0.152536
0.146281
0.143217
0.111179
0.127106
0.123959
0.173002
0.176529
0.161931
0.107812
0.147186
0.106977
0.113651
0.151411
0.160016
0.136195
0.135968
0.123382
0.152211
0.151950
0.120709
0.102238
0.169075
0.166121
0.135215
0.159436
0.152024
0.142914
0.201054
0.148825
0.161681
0.183160
0.170434
0.130763
0.148669
0.125406
0.115422
0.150276
0.129182
0.153356
0.105258
0.106359
0.127548
0.117089
0.116534
0.128570
0.131117
0.131451
0.136846
0.139385
0.130811
0.166466
0.146125
0.124276
0.134025
0.127417
0.128117
0.132804
0.156131
0.125708
0.141796
0.134161
0.138485
0.150921
0.169198
0.156989
0.143101
0.126744
0.144875
0.141522
0.136945
0.124357
0.130934
0.106224
0.114548
0.164833
0.140501
0.138979
0.136310
0.101015
0.130924
0.100592
0.098495
0.119714
0.144714
0.113102
0.128514
0.143957
0.123171
0.143107
0.121973
0.148146
0.111021
0.135723
0.149778
0.135144
0.147954
0.112240
0.152382
0.141311
0.130345
0.133978
0.146509
0.132387
0.149211
0.147747
0.138570
0.175003
0.165046
0.128211
0.158847
0.139215
0.147273
0.144884
0.158782
0.160712
0.147439
0.125607
0.153025
0.155209
0.131650
0.153467
0.145479
0.146231
0.126961
0.122937
0.109157
0.131880
0.152482
0.131299
0.160802
0.131008
0.118976
0.121882
0.114052
0.162855
0.129216
0.114161
0.118752
0.117413
0.123760
0.123264
0.131309
0.121821
0.134617
0.133918
0.131705
0.127921
0.119743
0.208157
0.128518
0.109522
0.113100
0.169245
0.118244
0.131079
0.143496
0.142121
0.127956
0.145543
0.146220
0.160038
0.117815
0.108089
0.124502
0.166655
0.158661
0.164366
0.197640
0.200942
0.160913
0.154580
0.153414
0.138285
0.122136
0.130363
0.142149
0.141465
0.135676
0.082953
0.136350
0.159351
0.147948
0.152828
0.143137
0.128242
0.164313
0.136385
0.129813
0.105453
0.167339
0.117445
0.130700
0.126801
0.139735
0.131638
0.117435
0.113596
0.129090
0.090236
0.146359
0.132128
0.178794
0.163165
0.205795
0.237944
0.127572
0.163971
0.126707
0.122705
0.126323
0.181459
0.126791
0.131489
0.159926
0.162338
0.169116
0.164358
0.142784
0.189360
0.172038
0.109589
0.149675
0.111465
0.137341
0.169127
0.167882
0.145691
0.186458
0.130701
0.152747
0.149361
0.107283
0.191022
0.121405
0.168608
0.157640
0.180878
0.210260
0.126197
0.152981
0.181895
0.121747
0.151659
0.092363
0.120878
0.100174
0.108279
0.106158
0.121051
0.095320
0.117843
0.108071
0.105069
0.107287
0.127865
0.134881
0.117252
0.144954
0.117359
0.159391
0.106411
0.126283
0.126425
0.099208
0.162497
0.182641
0.148862
0.195380
0.191110
0.145742
0.116708
0.230345
0.194898
0.138982
0.161280
0.220187
0.156027
0.235552
0.171665
0.161392
0.190216
0.172063
0.147278
0.170142
0.158592
0.197374
0.225616
0.201674
0.226251
0.201370
0.154853
0.198994
0.190713
0.156924
0.172950
0.191498
0.187665
0.151578
0.140847
0.155366
0.164646
0.158654
0.115262
0.194469
0.147388
0.185827
0.204954
0.200193
0.194753
0.216425
0.180840
0.187345
0.170482
0.154926
0.108018
0.171546
0.190121
0.193333
0.198089
0.243626
0.167973
0.179932
0.194893
0.168444
0.173828
0.155868
0.130673
0.118324
0.214780
0.177147
0.202091
0.173474
0.199790
0.165593
0.143765
0.177233
0.161307
0.118597
0.148051
0.177939
0.180762
0.158633
0.182635
0.181983
0.141935
0.170200
0.223496
0.152006
0.139610
0.158432
0.165698
0.139077
0.193750
0.149241
0.119985
0.157290
0.147363
0.166153
0.152457
0.184703
0.153337
0.162522
0.157676
0.155074
0.144973
0.169333
0.182598
0.119186
0.131392
0.201614
0.176043
0.163097
0.162515
0.164514
0.136227
0.139409
0.155104
0.163518
0.150420
0.176097
0.185303
0.133448
0.158435
0.190405
0.184241
0.146422
0.186875
0.149620
0.128593
0.157737
0.180974
0.193120
0.137214
0.167738
0.197921
0.146159
0.186036
0.159322
0.149923
0.149001
0.160199
0.188534
0.155616
0.143213
0.217798
0.155042
0.137241
0.170098
0.168617
0.174217
0.151825
0.186953
0.172053
0.116026
0.130050
0.175811
0.188047
0.189294
0.173288
0.195632
0.138144
0.137072
0.149788
0.163626
0.175731
0.186331
0.164132
0.177825
0.195195
0.189864
0.160785
0.180980
0.197555
0.214421
0.148936
0.136161
0.164634
0.177840
0.175608
0.174775
0.248309
0.136355
0.093083
0.084463
0.112146
0.162529
0.130908
0.121432
0.134606
0.097497
0.100992
0.121372
0.107254
0.151055
0.106133
0.137716
0.122650
0.101018
0.102653
0.106066
0.117522
0.163519
0.189660
0.189805
0.145558
0.222638
0.174926
0.174861
0.181409
0.154676
0.158894
0.213453
0.157111
0.173865
0.176282
0.159068
0.178770
0.128050
0.151795
0.195110
0.203907
0.191505
0.185690
0.142547
0.139296
0.163783
0.158021
0.156180
0.184992
0.179682
0.139162
0.198431
0.171436
0.154344
0.154920
0.141139
0.146001
0.171360
0.146642
0.147663
0.181658
0.182579
0.165737
0.197712
0.133270
0.178005
0.129737
0.177496
0.185971
0.132924
0.165893
0.173354
0.205964
0.168843
0.169892
0.166848
0.127340
0.160149
0.187498
0.132297
0.129977
0.170868
0.180706
0.160495
0.160192
0.147358
0.160374
0.165648
0.221313
0.158990
0.148313
0.160805
0.148609
0.173893
0.116152
0.177418
0.169592
0.179970
0.173911
0.180190
0.189462
0.113399
0.164507
0.207811
0.178670
0.147000
0.161509
0.185443
0.141011
0.166074
0.156625
0.132656
0.143008
0.168206
0.175162
0.144565
0.195395
0.152865
0.165583
0.155183
0.133413
0.175482
0.140216
0.194113
0.163764
0.164551
0.162999
0.173149
0.175305
0.111928
0.162571
0.154432
0.178694
0.141694
0.182714
0.151026
0.161837
0.139517
0.161118
0.178375
0.144221
0.187259
0.158767
0.172063
0.164210
0.172122
0.169003
0.124481
0.162827
0.191559
0.160474
0.142641
0.177275
0.168340
0.145244
0.146547
0.176440
0.182346
0.180129
0.170066
0.128386
0.164116
0.171250
0.184530
0.143559
0.160060
0.133469
0.142309
0.146373
0.155704
0.191582
0.149929
0.139839
0.151797
0.205660
0.131082
0.133225
0.159190
0.176179
0.134037
0.172742
0.171538
0.116890
0.156006
0.216840
0.142986
0.150156
0.187433
0.160405
0.158397
0.159880
0.203454
0.179838
0.203153
0.163254
0.144050
0.149667
0.176706
0.156025
0.189437
0.164549
0.170529
0.149889
0.192363
0.197526
0.166841
0.163182
0.165318
0.152787
0.138364
0.194669
0.192997
0.161053
0.179023
0.176424
0.196601
0.120250
0.149672
0.176025
0.159464
0.117435
0.242753
0.178163
0.147432
0.153161
0.151563
0.144713
0.172889
0.159123
0.160506
0.186537
0.158799
0.198821
0.170542
0.170193
0.154948
0.154489
0.128367
0.146048
0.184941
0.165973
0.137637
0.185141
0.152100
0.152251
0.156950
0.237487
0.133845
0.149642
0.185232
0.198378
0.139573
0.175919
0.159207
0.195651
0.150250
0.156080
0.169306
0.143116
0.122612
0.168720
0.170945
0.162711
0.164317
0.158201
0.174066
0.147781
0.189018
0.162084
0.139500
0.157455
0.167038
0.176148
0.160201
0.170175
0.144898
0.108552
0.173677
0.202489
0.131947
0.186942
0.195656
0.145415
0.209371
0.163234
0.153908
0.161397
0.176583
0.129266
0.183547
0.169110
0.152181
0.155191
0.182964
0.192028
0.168776
0.141077
0.178689
0.137244
0.137547
0.174604
0.223591
0.168232
0.167131
0.166038
0.176836
0.183561
0.183614
0.148397
0.158682
0.170996
0.106287
0.134581
0.134705
0.186002
0.168382
0.181247
0.186313
0.172237
0.143146
0.159422
0.201056
0.171706
0.178559
0.202891
0.143487
0.196210
0.158737
0.143288
0.156185
0.170710
0.140098
0.171635
0.147021
0.184073
0.184510
0.175416
0.133117
0.178081
0.178462
0.144055
0.177592
0.170702
0.208922
0.148525
0.148704
0.163901
0.136764
0.149653
0.202181
0.162253
0.167542
0.200710
0.196299
0.177996
0.124932
0.105715
0.201648
0.104983
0.133173
0.134126
0.115888
0.109491
0.117917
0.121078
0.114070
0.099228
0.077852
0.104579
0.078564
0.111544
0.123202
0.068341
0.094530
0.092319
0.092270
0.099707
0.145459
0.122905
0.108932
0.122872
0.104680
0.126857
0.150597
0.098543
0.106619
0.142084
0.151007
0.101597
0.174054
0.137032
0.108827
0.142704
0.111293
0.097356
0.201744
0.131698
0.170537
0.133946
0.111523
0.153937
0.161854
0.118753
0.203026
0.134762
0.179609
0.107501
0.154352
0.140346
0.154847
0.134140
0.113746
0.114667
0.125482
0.139162
0.139715
0.126275
0.116083
0.148709
0.150422
0.120530
0.138023
0.128977
0.089417
0.131668
0.149530
0.122824
0.128227
0.133296
0.171895
0.133503
0.159630
0.151867
0.119547
0.153303
0.097719
0.097981
0.109405
0.103009
0.112147
0.126573
0.111960
0.133466
0.136701
0.127883
0.146819
0.121738
0.114266
0.150071
0.089492
0.124925
0.172979
0.145493
0.118886
0.171408
0.162667
0.154947
0.136262
0.182470
0.166025
0.121664
0.135273
0.151810
0.135415
0.156448
0.210450
0.155434
0.161801
0.154070
0.153601
0.199323
0.104655
0.194393
0.114034
0.147011
0.131085
0.105818
0.100514
0.110550
0.112412
0.109941
0.132600
0.143876
0.145485
0.162092
0.139436
0.217357
0.205117
0.108167
0.126453
0.123465
0.131558
0.118979
0.163164
0.135438
0.148564
0.156626
0.120310
0.153828
0.112267
0.114942
0.155059
0.135942
0.102144
0.151545
0.149541
0.103854
0.120519
0.142608
0.157524
0.115367
0.125464
0.099898
0.162384
0.171445
0.111412
0.137069
0.130176
0.140719
0.112465
0.135858
0.110602
0.177124
0.197397
0.136235
0.187071
0.142502
0.130909
0.125980
0.162100
0.185857
0.148556
0.139953
0.177308
0.125974
0.132391
0.120264
0.159178
0.165084
0.115207
0.154535
0.156271
0.130873
0.199250
0.144912
0.133171
0.143796
0.124716
0.147436
0.119479
0.151544
0.149873
0.087849
0.100436
0.106319
0.174479
0.161355
0.135067
0.134429
0.126924
0.114679
0.143056
0.129891
0.171348
0.130128
0.196078
0.181790
0.158356
0.152531
0.109349
0.135336
0.129762
0.103023
0.126518
0.141741
0.181983
0.164457
0.166260
0.122195
0.144992
0.135645
0.141162
0.122323
0.155618
0.151746
0.171782
0.640812
0.134371
0.135869
0.131182
0.118310
0.112553
0.127233
0.137795
0.145955
0.188484
0.157283
0.170987
0.204547
0.119761
0.135754
0.165096
0.114908
0.149209
0.139680
0.139579
0.124798
0.133062
0.156866
0.164346
0.140027
0.115498
0.178324
0.152868
0.141325
0.134202
0.134696
0.125587
0.126616
0.174260
0.173182
0.110014
0.139544
0.118930
0.149974
0.134130
0.101270
0.171189
0.128109
0.123920
0.168788
0.105953
0.105390
0.151622
0.090841
0.165107
0.126694
0.138138
0.152765
0.161658
0.133037
0.187684
0.139051
0.110010
0.122144
0.145399
0.147617
0.124469
0.108683
0.154837
0.117226
0.106879
0.170985
0.157845
0.115527
0.143877
0.126383
0.153629
0.133619
0.142513
0.162047
0.109232
0.112324
0.139728
0.138874
0.200921
0.145313
0.147005
0.160775
0.171064
0.118602
0.185272
0.200162
0.134501
0.172566
0.147312
0.130222
0.133194
0.124789
0.115045
0.124387
0.105805
0.139588
0.122879
0.102418
0.135003
0.151529
0.115255
0.142588
0.201015
0.113417
0.165744
0.133018
0.140774
0.106849
0.120009
0.187267
0.148478
0.151866
0.142668
0.159041
0.123496
0.156288
0.198051
0.132770
0.176593
0.182812
0.164281
0.154822
0.190866
0.132005
0.127955
0.159882
0.137563
0.143298
0.128611
0.102914
0.155149
0.155094
0.129894
0.164110
0.144526
0.175336
0.094911
0.125406
0.153259
0.141744
0.176620
0.188168
0.133739
0.185464
0.148722
0.148732
0.166342
0.194565
0.157772
0.130090
0.128474
0.166133
0.134177
0.134400
0.151039
0.115826
0.125580
0.145278
0.135989
0.193482
0.154002
0.142462
0.146511
0.197170
0.154360
0.107116
0.129081
0.115301
0.140064
0.144474
0.131614
0.134070
0.083418
0.140724
0.144225
0.171752
0.153023
0.132301
0.128588
0.149815
0.133628
0.132117
0.107632
0.160402
0.127220
0.130760
0.143767
0.146013
0.128349
0.160992
0.154003
0.137372
0.163952
0.144103
0.152052
0.147717
0.167297
0.150389
0.176342
0.110559
0.133350
0.165005
0.129158
0.116107
0.129567
0.137246
0.099030
0.151572
0.149377
0.115819
0.162423
0.132998
0.129017
0.124887
0.131454
0.132110
0.135581
0.112117
0.135292
0.098049
0.119161
0.127366
0.135792
0.125679
0.128869
0.170745
0.111667
0.142807
0.098100
0.134871
0.134017
0.121441
0.160431
0.178785
0.124378
0.157607
0.141419
0.152998
0.143059
0.163085
0.177286
0.186795
0.183330
0.146945
0.116326
0.146562
0.189750
0.120254
0.121858
0.127976
0.151392
0.147783
0.128808
0.126440
0.131248
0.125462
0.136372
0.115282
0.137485
0.115275
0.147731
0.081931
0.163915
0.093675
0.119302
0.144124
0.103424
0.150623
0.126377
0.170270
0.139218
0.156553
0.077788
0.113012
0.142328
0.155604
0.209776
0.148284
0.122943
0.156167
0.177766
0.177640
0.112932
0.139450
0.149188
0.110047
0.148301
0.168011
0.113309
0.198551
0.153899
0.135086
0.166092
0.157616
0.183055
0.105349
0.179586
0.154091
0.130113
0.173279
0.151287
0.137166
0.140222
0.130539
0.117505
0.121023
0.121699
0.122635
0.128080
0.134489
0.149298
0.157944
0.127588
0.198328
0.158988
0.111863
0.133263
0.135076
0.129069
0.129064
0.122662
0.138159
0.147834
0.144236
0.122583
0.124669
0.138759
0.103706
0.146741
0.112795
0.135352
0.117080
0.142634
0.161624
0.103478
0.154104
0.125475
0.139232
0.174822
0.113344
0.129014
0.122444
0.131547
0.118155
0.113631
0.136528
0.127894
0.151434
0.141009
0.174847
0.113195
0.172521
0.162340
0.147857
0.132364
0.150907
