0.00
0.88
0.87
0.86
0.88
0.79
0.87
0.88
0.83
0.87
0.73
0.88
0.86
0.83
0.87
0.85
0.87
0.87
0.87
0.84
0.86
0.87
0.82
0.87
0.82
0.88
0.86
0.88
0.85
0.86
0.87
0.78
0.89
0.81
0.87
0.82
0.86
0.82
0.87
0.80
0.89
0.87
0.88
0.90
0.81
0.85
0.87
0.83
0.87
0.81
0.87
0.84
0.86
0.84
0.82
0.84
0.85
0.85
0.84
0.83
0.85
0.81
0.86
0.86
0.84
0.81
0.85
0.85
0.85
0.85
0.82
0.82
0.84
0.80
0.82
0.84
0.82
0.82
0.81
0.82
0.78
0.84
0.85
0.73
0.82
0.80
0.83
0.83
0.82
0.81
0.82
0.83
0.73
0.83
0.75
0.79
0.82
0.72
0.81
0.81
0.82
0.76
0.78
0.78
0.78
0.78
0.82
0.69
0.82
0.74
0.78
0.78
0.74
0.72
0.77
0.71
0.80
0.74
0.74
0.77
0.71
0.70
0.77
0.64
0.74
0.70
0.76
0.70
0.80
0.63
0.75
0.62
0.68
0.70
0.69
0.70
0.69
0.71
0.73
0.64
0.78
0.67
0.74
0.66
0.78
0.64
0.73
0.69
0.72
0.73
0.71
0.72
0.64
0.73
0.70
0.76
0.71
0.70
0.72
0.72
0.72
0.69
0.70
0.67
0.71
0.68
0.67
0.67
0.71
0.68
0.69
0.68
0.69
0.67
0.69
0.65
0.68
0.65
0.64
0.69
0.60
0.63
0.63
0.62
0.66
0.56
0.62
0.54
0.57
0.57
0.57
0.63
0.63
0.66
0.51
0.62
0.61
0.60
0.61
0.57
0.58
0.57
0.55
0.54
0.62
0.62
0.68
0.64
0.56
0.66
0.67
0.58
0.68
0.62
0.60
0.64
0.59
0.63
0.60
0.65
0.62
0.63
0.57
0.61
0.58
0.65
0.57
0.63
0.60
0.62
0.61
0.57
0.65
0.63
0.63
0.57
0.68
0.61
0.59
0.67
0.62
0.70
0.56
0.64
0.70
0.56
0.65
0.63
0.70
0.59
0.64
0.67
0.70
0.54
0.69
0.61
0.66
0.70
0.66
0.63
0.71
0.68
0.71
0.54
0.73
0.69
0.71
0.71
0.63
0.66
0.74
0.65
0.64
0.74
0.59
0.73
0.72
0.68
0.72
0.54
0.71
0.55
0.72
0.61
0.66
0.61
0.56
0.70
0.61
0.63
0.68
0.65
0.60
0.63
0.61
0.59
0.67
0.63
0.63
0.59
0.59
0.66
0.57
0.64
0.59
0.64
0.61
0.55
0.63
0.59
0.57
0.57
0.52
0.57
0.61
0.60
0.59
0.58
0.60
0.55
0.52
0.66
0.51
0.52
0.60
0.62
0.60
0.51
0.63
0.48
0.59
0.57
0.58
0.49
0.63
0.65
0.55
0.58
0.63
0.51
0.55
0.53
0.57
0.63
0.56
0.60
0.62
0.58
0.50
0.57
0.51
0.59
0.53
0.61
0.54
0.57
0.56
0.55
0.58
0.53
0.55
0.52
0.54
0.50
0.54
0.56
0.51
0.56
0.51
0.55
0.60
0.52
0.55
0.54
0.52
0.57
0.57
0.56
0.57
0.52
0.51
0.53
0.55
0.57
0.51
0.49
0.63
0.51
0.53
0.51
0.52
0.53
0.58
0.56
0.52
0.53
0.54
0.54
0.55
0.63
0.55
0.48
0.60
0.53
0.49
0.51
0.58
0.51
0.50
0.52
0.51
0.47
0.41
0.52
0.51
0.55
0.52
0.48
0.54
0.52
0.51
0.58
0.47
0.47
0.47
0.58
0.53
0.55
0.44
0.50
0.48
0.52
0.52
0.59
0.63
0.56
0.55
0.56
0.54
0.58
0.54
0.52
0.60
0.50
0.54
0.61
0.56
0.63
0.54
0.57
0.64
0.54
0.61
0.51
0.43
0.37
