0.00
545.43
558.46
553.02
550.58
558.86
555.73
511.89
543.69
551.90
541.93
548.19
545.94
547.77
547.54
553.38
543.30
530.77
549.80
546.35
531.27
544.39
534.94
552.20
543.90
536.66
550.94
550.60
550.31
540.88
549.43
551.59
542.75
534.25
540.16
544.34
529.23
538.02
539.49
526.33
534.08
510.56
533.35
506.23
526.39
506.77
538.71
533.42
497.56
529.61
531.41
525.50
512.04
510.11
507.55
497.68
524.92
495.77
526.60
500.04
517.71
439.23
520.27
416.99
522.34
520.06
513.41
473.82
496.99
468.90
505.57
465.26
504.00
457.44
482.41
470.26
517.16
452.36
492.89
460.00
506.87
495.17
491.93
491.10
443.36
486.92
458.33
450.12
484.95
436.15
451.99
484.16
488.76
502.34
511.86
437.23
497.83
486.28
495.19
510.71
493.69
519.61
452.67
505.56
510.35
462.55
508.84
492.32
493.94
500.78
524.53
487.63
508.64
515.22
516.55
518.85
521.53
511.16
517.95
491.04
514.69
519.06
523.19
521.31
511.75
475.76
524.00
488.95
521.02
529.84
512.72
521.89
508.96
523.31
514.20
529.76
527.56
534.39
523.15
519.24
532.93
479.78
538.55
522.25
514.73
533.09
531.38
532.57
499.43
530.57
531.39
506.67
509.35
512.81
520.31
531.56
520.56
515.85
529.19
519.03
518.84
523.85
507.57
502.39
506.30
502.95
528.22
502.64
527.10
534.46
498.90
527.52
503.86
497.01
499.95
544.06
477.36
542.52
502.84
523.43
536.79
534.31
537.02
536.82
529.81
522.39
503.94
530.76
476.25
505.19
514.14
528.05
510.82
479.36
502.65
490.43
469.46
460.89
499.96
477.13
473.04
473.99
477.93
475.76
482.08
495.45
461.97
454.67
491.65
457.41
439.87
484.22
387.88
516.61
485.23
448.40
476.69
484.95
482.08
491.19
485.60
475.85
462.04
467.20
485.13
484.46
403.36
461.22
488.51
506.38
503.62
439.60
421.98
504.48
512.27
441.19
515.55
425.88
457.98
497.04
462.33
523.52
445.60
514.52
474.05
525.13
463.90
471.01
511.97
521.48
513.88
470.23
519.38
500.75
520.33
521.89
511.43
461.71
510.40
521.21
506.24
524.91
525.46
464.38
515.11
527.58
476.29
512.20
517.06
464.56
497.32
500.73
484.86
533.02
509.10
488.12
505.44
492.80
503.86
512.51
509.56
486.35
500.84
518.69
423.13
480.32
459.45
515.51
389.66
522.37
469.06
517.18
448.94
494.85
522.42
493.13
527.62
466.43
511.64
503.92
461.66
512.20
465.12
501.67
487.20
504.23
501.40
509.67
509.70
389.27
510.39
481.51
469.85
503.93
461.62
464.02
446.58
474.95
466.75
437.91
437.69
452.40
482.20
475.03
444.78
491.18
503.96
400.02
486.62
480.63
414.62
465.29
502.42
470.69
513.89
513.35
511.86
513.16
495.56
526.11
483.85
513.51
487.21
507.63
511.67
435.38
495.73
490.87
485.97
515.94
487.65
478.76
493.18
478.82
491.07
427.55
492.94
485.35
493.15
447.91
516.09
474.72
466.04
444.23
459.07
464.13
474.27
503.26
429.46
505.24
427.63
486.97
516.06
488.84
468.34
462.57
512.63
431.37
497.86
467.70
488.45
491.47
480.98
497.90
450.24
472.29
466.02
435.58
508.60
465.04
454.32
489.30
481.51
495.99
470.68
450.07
488.92
501.46
474.93
451.84
265.78
392.99
387.34
441.42
351.55
426.52
405.77
490.11
442.56
394.71
277.98
327.17
464.68
455.47
410.19
427.69
428.68
402.69
420.84
456.76
356.48
451.71
383.09
409.86
471.62
430.61
491.23
472.67
434.84
491.28
422.29
506.49
515.08
460.77
507.81
408.03
498.56
487.77
483.63
490.39
455.77
513.60
485.26
482.17
496.96
478.53
450.10
482.68
491.80
508.03
525.81
451.59
511.61
502.29
510.20
484.55
429.65
491.36
499.89
490.77
458.21
485.59
505.09
480.03
440.39
491.03
502.42
464.34
498.21
501.45
493.64
469.30
518.69
471.53
513.45
517.44
518.49
508.55
515.73
494.55
505.05
494.89
483.18
491.45
501.08
469.64
505.23
485.15
496.70
454.36
497.05
465.29
442.51
429.39
454.25
485.65
454.95
500.78
465.34
480.65
462.38
468.31
488.65
451.83
481.68
454.55
442.03
416.05
422.47
500.80
461.16
464.80
429.33
450.72
456.95
453.26
418.14
482.37
464.18
477.12
485.49
485.41
473.77
478.02
490.87
474.63
467.00
491.14
507.03
476.56
489.23
463.87
483.92
482.62
502.60
482.88
492.78
484.79
487.84
481.03
498.69
482.11
467.32
493.52
473.04
473.36
481.63
483.48
521.53
508.18
496.13
503.38
478.51
502.82
514.11
510.16
482.37
471.14
493.50
510.65
505.31
504.53
500.61
508.57
517.05
505.77
524.50
508.38
469.50
494.45
488.33
490.97
496.72
504.23
481.18
447.86
497.42
504.85
477.42
498.83
502.93
476.86
515.68
520.30
522.15
502.10
519.96
504.44
524.53
537.55
522.66
524.02
434.23
518.55
534.36
421.14
524.79
416.45
515.70
522.20
503.70
489.10
444.46
530.22
501.88
529.81
453.08
519.31
499.41
513.26
474.75
496.64
510.32
477.98
432.12
520.08
485.43
417.74
485.15
468.67
462.25
483.82
468.59
529.59
497.26
496.38
495.03
529.51
505.20
466.94
469.50
468.93
439.05
368.11
422.55
443.49
439.10
403.67
411.59
420.02
473.41
422.43
530.00
525.34
533.55
510.39
532.50
535.16
539.69
537.90
538.98
530.96
534.59
527.86
515.40
510.00
494.68
493.53
487.36
523.28
493.63
516.27
484.09
499.76
494.74
502.70
507.49
505.44
492.94
505.95
475.73
511.74
518.11
518.71
509.78
503.15
507.05
517.40
482.86
509.46
480.65
510.93
505.07
509.14
517.58
504.69
502.17
510.49
500.20
476.20
477.76
471.61
493.75
475.63
500.57
483.70
490.63
466.86
506.35
499.03
484.78
460.73
486.74
449.66
485.50
441.86
436.05
460.86
428.36
408.60
472.26
386.35
408.93
435.37
428.41
418.60
424.58
444.63
374.59
444.61
394.01
383.88
445.55
388.04
447.06
413.36
440.63
351.67
401.66
379.53
400.70
408.25
432.82
432.31
423.37
399.69
389.88
405.43
400.84
419.42
375.07
415.10
402.37
407.02
418.96
414.70
390.45
416.89
416.89
405.80
415.76
386.18
399.86
405.96
398.13
391.36
413.21
404.54
425.69
390.59
388.68
392.87
347.35
415.30
379.48
384.06
336.82
346.62
330.65
349.20
301.35
349.68
266.41
383.59
392.15
386.46
348.27
332.44
339.63
291.11
360.33
309.44
394.91
364.83
422.68
339.03
327.87
356.43
377.72
334.03
370.28
324.48
381.86
368.91
291.56
369.74
359.62
261.33
401.78
420.32
410.96
323.32
407.93
433.91
353.71
375.35
350.52
390.72
431.12
357.86
366.81
286.38
395.36
426.37
351.22
403.74
430.65
404.83
336.51
389.57
410.17
441.11
406.05
458.01
440.08
472.42
432.96
454.56
459.47
453.77
414.59
465.71
454.87
433.37
450.34
345.86
436.92
401.89
431.80
385.15
426.57
427.90
406.12
383.35
446.32
379.86
391.05
388.02
426.45
427.41
368.52
377.88
303.21
294.22
327.28
368.18
398.96
374.66
378.95
389.53
352.03
344.31
351.91
356.10
364.01
373.50
391.15
376.78
372.73
393.45
390.09
401.92
411.32
402.35
411.65
365.06
355.78
393.85
358.53
332.71
346.34
328.98
383.05
366.15
352.58
380.35
326.39
382.67
379.58
397.82
388.69
387.98
338.46
357.04
318.88
345.06
308.24
280.75
332.10
360.16
345.93
348.33
332.35
333.64
326.16
329.35
348.32
374.57
353.58
374.82
334.77
341.58
303.54
340.08
319.83
265.82
361.62
371.48
367.63
257.44
335.32
371.02
265.63
308.25
185.44
343.81
301.96
337.14
317.78
368.86
393.05
324.68
331.61
303.18
323.40
409.14
376.87
402.45
322.83
394.06
383.05
416.45
397.63
400.53
383.49
387.64
388.64
373.33
373.78
376.76
430.21
379.51
387.50
400.34
373.19
414.85
382.35
416.83
429.19
446.12
463.72
449.18
454.48
444.71
477.87
469.60
475.54
474.17
469.82
428.07
451.43
488.70
482.86
474.63
478.87
517.16
517.75
448.17
527.50
448.18
507.07
511.00
445.84
499.23
383.70
498.46
426.70
416.29
472.57
442.09
456.50
471.77
485.54
399.15
421.83
485.39
472.41
388.14
499.68
395.21
491.23
461.65
516.77
475.03
508.24
488.97
465.88
508.47
453.69
426.82
471.90
516.76
351.17
308.44
461.78
418.13
428.99
517.81
409.94
514.04
451.70
459.29
441.86
451.33
474.64
509.55
473.61
505.99
510.03
462.61
496.90
533.23
446.40
532.53
500.41
544.94
498.88
521.99
497.02
516.57
459.56
512.88
462.08
507.18
437.30
496.62
530.75
510.49
522.19
521.16
491.75
503.35
500.60
516.00
436.58
509.68
488.35
528.54
514.50
503.13
515.50
525.62
532.03
513.03
492.29
511.63
500.98
473.87
479.03
482.65
472.62
483.14
434.19
484.55
469.85
461.41
447.06
463.95
484.36
465.13
486.96
478.11
487.28
476.83
505.60
516.97
512.79
527.53
525.84
493.61
548.54
540.77
543.51
531.10
549.89
539.15
541.71
536.11
539.89
546.71
539.60
548.19
524.93
542.57
545.20
537.30
531.72
546.97
532.63
539.52
539.77
531.63
529.60
540.48
545.65
531.51
535.90
524.17
535.10
520.13
505.73
516.97
537.47
523.79
522.53
533.21
532.84
522.12
533.80
523.16
530.09
522.28
510.82
509.68
513.77
515.72
510.71
472.63
465.46
496.55
523.22
505.72
487.25
493.17
499.13
472.61
503.93
405.78
438.65
457.27
404.55
372.58
429.54
369.04
353.91
389.35
366.67
345.30
433.02
388.68
452.08
425.29
345.67
485.70
424.27
480.21
374.72
486.15
411.54
436.52
479.33
488.33
461.66
483.15
463.81
423.43
488.84
488.35
492.02
522.12
506.04
505.40
431.43
467.43
455.54
483.39
477.56
480.64
501.87
482.53
463.67
504.15
506.09
503.33
507.27
497.16
507.23
502.26
489.29
497.92
490.23
494.07
476.94
469.88
438.49
442.44
441.83
444.25
457.30
471.57
505.09
487.82
514.51
484.20
491.54
486.67
504.20
482.24
490.47
488.53
482.59
494.62
493.17
500.40
474.91
469.12
469.10
460.04
471.39
461.49
464.80
485.20
462.67
439.46
454.95
417.50
405.54
372.11
397.45
333.00
375.77
358.57
369.59
384.56
375.06
441.75
432.89
462.89
457.15
472.60
443.91
444.48
456.76
356.54
383.15
395.91
420.45
427.63
456.99
389.17
459.15
469.93
471.58
437.39
413.84
475.69
470.96
387.38
443.36
461.26
428.69
400.43
382.29
399.18
434.63
419.05
383.17
407.12
426.01
378.98
383.25
370.97
370.35
415.46
393.16
374.34
370.57
350.09
414.77
404.58
398.38
382.17
309.21
380.45
418.18
375.50
387.82
371.35
333.19
409.67
360.08
332.98
375.58
311.87
290.93
374.46
299.57
339.85
269.51
319.66
298.93
331.45
302.87
282.18
288.16
301.69
306.84
282.71
299.04
288.59
290.56
255.04
291.23
276.46
271.50
299.17
308.22
322.04
331.05
266.03
286.86
248.35
249.61
280.80
264.50
264.10
251.15
276.85
249.94
249.80
270.11
262.82
294.93
268.64
248.54
272.75
273.26
207.29
189.44
217.44
280.40
314.52
284.16
287.68
281.83
285.49
304.13
314.39
319.27
338.41
322.07
272.37
276.95
243.09
272.01
297.04
267.33
282.48
302.54
291.66
240.56
252.57
260.14
255.14
262.44
240.84
195.32
225.03
264.18
237.55
270.85
286.51
290.40
205.11
309.46
313.85
237.84
270.02
275.77
244.70
264.01
217.00
225.02
230.67
243.09
251.59
176.89
257.29
246.81
241.93
218.53
201.42
205.05
193.99
190.70
191.63
152.32
177.26
158.37
185.89
196.58
174.47
205.97
175.04
205.90
167.24
134.99
184.80
149.86
164.60
171.45
129.98
111.05
137.61
109.66
128.14
132.77
145.30
134.57
126.42
137.35
130.37
121.10
115.02
151.63
85.93
93.03
123.93
134.51
92.80
126.26
114.54
94.82
118.59
112.90
156.65
99.22
92.99
128.96
86.99
100.44
106.07
88.32
88.51
75.21
111.18
113.31
104.48
87.78
100.34
137.70
123.71
123.00
139.46
130.21
77.27
71.62
98.84
72.73
102.12
91.32
97.27
106.46
93.29
131.17
131.18
105.76
121.76
93.99
160.67
150.33
84.79
98.11
135.57
128.70
101.50
110.16
100.91
197.09
134.25
106.99
94.75
148.41
98.21
89.35
94.22
107.20
122.24
87.28
109.80
88.57
86.33
112.07
77.16
89.82
67.85
102.67
90.59
62.30
79.97
110.73
57.02
75.87
67.31
73.42
71.84
52.50
74.15
71.71
52.01
61.47
48.49
59.95
50.05
66.56
55.67
62.85
77.22
65.25
70.76
68.59
84.12
109.19
87.73
65.76
113.81
79.23
97.87
116.11
63.36
79.45
96.28
91.27
77.82
58.29
162.26
116.50
81.66
65.41
89.83
101.90
151.93
89.21
87.52
81.66
71.49
108.10
107.37
87.20
58.19
65.38
97.32
86.34
88.43
80.77
93.30
44.67
60.20
65.00
77.26
76.66
49.57
71.39
69.22
89.45
71.90
71.20
64.97
69.81
55.83
65.22
81.62
75.56
127.20
91.72
96.61
106.21
103.94
84.61
78.06
62.37
34.62
55.76
70.36
70.76
52.69
59.98
30.49
61.89
76.73
83.36
66.31
52.95
68.39
61.74
53.56
51.50
85.03
66.04
55.93
84.28
60.16
61.07
72.17
51.21
76.43
96.31
108.75
118.63
122.99
55.73
72.36
67.67
106.86
72.55
95.85
61.16
54.82
44.25
29.73
54.36
58.15
63.85
50.74
35.52
39.70
81.29
51.81
51.65
64.24
54.19
47.99
60.17
65.05
32.85
52.44
48.80
47.22
69.21
54.86
39.49
55.02
93.90
85.72
37.72
54.91
50.79
89.91
55.70
68.05
98.65
81.33
43.78
140.03
121.69
101.61
105.43
57.57
84.46
74.70
92.28
97.44
55.08
108.44
107.00
74.05
85.92
83.48
87.89
71.48
109.69
63.54
129.73
96.07
79.87
81.70
67.01
95.71
69.74
106.30
85.04
70.03
73.60
83.38
79.88
96.76
94.62
88.03
132.69
94.70
113.55
64.59
84.52
86.04
95.71
91.34
52.67
70.59
92.10
60.76
102.15
55.37
86.97
70.98
62.52
69.92
114.24
96.16
59.15
100.05
102.94
109.65
115.36
106.65
84.30
120.22
96.50
130.10
90.60
99.41
109.62
161.99
90.43
81.76
49.14
54.45
91.09
80.24
66.80
83.49
70.81
86.44
83.99
71.95
124.84
100.69
77.95
83.60
96.78
93.76
74.26
68.87
71.52
96.32
55.36
112.72
82.15
123.94
96.13
71.55
99.68
129.41
58.63
169.79
133.24
92.26
124.80
104.89
105.66
137.59
115.66
133.08
105.21
125.53
124.09
120.67
100.38
95.38
103.23
85.39
108.56
112.44
81.25
126.00
95.28
127.97
93.37
102.67
153.47
156.90
110.66
124.54
107.91
116.45
85.49
71.36
88.57
80.51
108.62
97.57
87.45
135.21
118.26
94.88
86.55
57.27
87.70
156.30
150.02
176.64
120.07
147.58
123.15
150.36
153.94
221.45
132.63
169.03
199.60
161.86
170.83
212.68
146.46
154.50
171.19
117.76
167.09
135.73
129.81
150.02
107.09
81.97
100.12
103.17
77.21
96.15
145.59
109.04
113.30
99.48
91.61
115.46
75.28
96.37
111.56
122.94
151.84
152.63
136.83
183.36
195.26
148.83
162.55
125.44
185.53
138.61
151.88
118.02
175.77
180.33
164.16
175.26
165.81
202.95
219.26
189.42
218.28
215.62
228.95
276.25
209.11
259.46
210.95
215.23
247.21
234.85
241.01
198.22
223.25
191.26
236.67
271.33
264.09
203.69
221.51
285.61
235.20
300.43
283.48
331.65
259.42
243.83
317.75
247.41
194.39
214.39
159.68
318.10
228.84
278.24
258.38
286.11
258.62
263.01
251.97
160.81
190.03
192.43
139.47
240.18
219.97
234.91
291.31
188.05
296.58
236.68
301.65
251.52
265.66
319.36
248.52
297.32
269.50
248.95
271.52
250.02
234.79
176.98
260.31
173.84
267.42
260.80
233.86
174.51
236.32
118.61
227.31
158.78
190.97
241.42
184.98
206.45
215.01
146.02
182.26
181.58
188.55
176.78
245.28
216.75
229.54
269.10
250.15
215.61
231.04
201.36
229.53
187.67
284.76
185.82
221.08
266.48
167.60
238.59
222.07
200.02
240.70
233.54
208.14
177.47
276.41
213.55
313.11
209.82
208.57
233.30
181.61
229.67
202.48
238.11
223.40
246.97
197.34
262.42
239.80
261.05
236.83
182.52
256.08
254.34
260.09
248.46
274.42
265.80
268.71
304.19
232.29
300.45
351.53
244.11
356.18
228.25
297.03
365.35
371.80
316.17
271.40
261.24
260.09
195.63
149.70
166.53
219.71
169.86
139.05
145.52
116.31
151.70
137.16
111.32
125.00
148.42
137.24
148.82
120.61
158.38
157.80
109.80
109.50
89.08
93.84
144.60
156.79
124.68
180.22
190.08
189.77
180.93
219.11
177.37
157.43
158.94
158.52
129.39
125.29
