0.00
0.70
0.60
0.61
0.63
0.61
0.63
0.67
0.62
0.58
0.60
0.61
0.61
0.53
0.57
0.52
0.50
0.57
0.52
0.50
0.57
0.50
0.49
0.49
0.51
0.51
0.49
0.50
0.59
0.53
0.57
0.49
0.55
0.53
0.55
0.51
0.48
0.59
0.59
0.55
0.53
0.52
0.59
0.57
0.53
0.49
0.55
0.54
0.57
0.44
0.56
0.52
0.52
0.52
0.57
0.53
0.59
0.59
0.61
0.59
0.60
0.60
0.57
0.64
0.60
0.55
0.62
0.63
0.57
0.56
0.59
0.48
0.56
0.53
0.53
0.51
0.52
0.50
0.50
0.46
0.44
0.57
0.51
0.45
0.46
0.47
0.42
0.48
0.42
0.51
0.46
0.44
0.54
0.59
0.56
0.52
0.52
0.49
0.49
0.34
0.54
0.48
0.48
0.31
0.31
0.33
0.29
0.29
0.30
0.30
0.30
0.32
0.39
0.37
0.40
0.41
0.36
0.33
0.25
0.19
0.29
0.33
0.35
0.33
0.40
0.37
0.44
0.43
0.43
0.45
0.42
0.53
0.55
0.48
0.41
0.43
0.49
0.44
0.46
0.49
0.48
0.45
0.42
0.40
0.39
0.35
0.38
0.34
0.44
0.32
0.37
0.36
0.45
0.49
0.39
0.32
0.40
0.37
0.28
0.33
0.27
0.42
0.37
0.36
0.35
0.32
0.30
0.30
0.33
0.37
0.27
0.34
0.30
0.38
0.31
0.25
0.33
0.31
0.35
0.34
0.29
0.38
0.35
0.31
0.32
0.28
0.31
0.36
