502	342	29	42
501	338	29	42
501	335	29	41
501	332	29	41
500	331	29	40
500	328	29	40
500	326	28	40
500	324	28	39
500	322	28	38
500	321	27	38
500	319	27	38
500	317	27	37
500	316	27	37
500	315	27	37
500	313	28	36
499	313	26	36
500	311	26	36
500	311	26	35
500	310	26	35
500	310	26	35
500	310	25	34
500	310	25	33
500	308	26	34
501	309	25	33
501	309	25	33
501	310	24	32
501	310	24	32
501	310	24	31
501	311	24	31
502	310	24	32
502	312	24	31
502	312	23	31
502	313	23	30
502	314	23	30
502	314	23	30
502	315	23	29
502	317	23	29
502	317	23	29
503	318	23	29
503	319	23	29
503	320	22	28
503	321	23	29
503	322	22	28
503	323	22	28
504	324	22	28
504	326	22	28
504	326	22	28
504	328	22	28
503	329	22	27
504	330	22	28
504	332	22	27
504	333	22	27
505	334	22	27
505	334	22	27
505	336	22	27
504	336	22	26
505	338	21	27
504	338	22	27
505	339	22	27
505	340	21	26
505	341	21	26
505	343	21	26
506	343	21	26
506	344	21	26
506	345	21	26
507	346	21	26
507	347	21	25
507	348	21	25
507	348	21	25
507	350	21	25
507	351	21	25
507	351	21	25
507	352	21	25
507	352	21	25
508	353	20	25
508	354	21	25
508	355	20	25
508	355	21	25
509	356	20	25
509	356	20	25
509	358	20	24
509	358	21	24
509	358	20	24
510	360	20	24
510	360	21	24
510	361	20	24
510	361	20	24
510	362	20	24
511	362	20	24
511	363	20	24
511	363	20	24
511	364	20	24
511	364	20	24
512	365	20	24
512	366	20	24
511	367	20	24
512	366	20	24
512	367	21	24
512	367	20	24
512	368	21	24
512	368	21	24
512	369	20	24
512	370	20	24
512	370	21	24
512	371	20	24
512	371	20	24
513	372	20	24
513	372	20	24
513	372	20	24
513	372	20	24
513	373	20	24
513	374	20	24
513	374	20	24
513	374	20	24
513	375	20	24
514	375	20	24
514	375	20	24
513	375	20	24
514	376	20	24
514	375	21	24
514	376	20	24
513	377	20	24
514	377	20	24
514	377	20	24
514	377	21	24
514	378	20	24
514	378	21	25
514	379	20	24
514	378	21	25
514	379	21	25
515	380	20	25
514	380	21	24
515	380	20	24
515	380	21	25
515	380	21	25
515	381	21	25
515	381	21	25
515	382	21	25
515	382	21	25
514	382	21	25
515	383	20	25
515	383	21	25
515	384	20	25
515	384	21	25
515	385	20	25
516	385	21	25
515	384	21	26
515	386	21	25
515	385	21	25
516	386	21	25
515	386	21	26
515	387	21	26
515	387	21	26
515	387	21	26
515	388	21	26
515	389	21	26
514	388	22	26
515	389	21	26
515	389	22	26
515	389	21	26
515	390	21	26
514	390	21	27
515	391	21	27
514	391	22	27
514	392	22	27
514	391	22	27
515	392	22	27
515	392	22	27
514	391	22	28
515	393	22	27
514	393	22	28
514	392	22	28
514	393	22	28
514	393	22	28
514	393	23	28
514	394	22	28
514	393	23	28
514	394	22	28
512	393	23	28
513	394	23	29
513	395	22	28
513	394	23	29
513	394	23	29
513	393	23	29
513	395	23	28
512	393	24	29
512	395	23	29
512	394	24	30
512	393	24	30
512	394	23	30
512	394	23	29
512	393	24	30
512	393	24	30
512	393	24	30
512	393	24	30
512	392	24	30
512	391	24	30
511	391	24	30
512	391	23	30
511	391	24	30
511	391	24	30
511	389	24	31
511	389	24	31
511	389	24	30
510	388	25	31
511	387	24	31
511	388	24	31
511	387	24	31
510	386	25	31
510	386	24	30
510	385	25	31
510	384	24	31
510	384	24	31
510	383	24	31
510	383	24	31
510	383	24	31
510	382	24	31
509	382	24	31
509	380	25	31
509	379	24	31
509	379	24	31
508	379	25	31
508	377	25	32
508	376	24	31
508	376	24	31
507	375	25	31
508	375	24	31
508	374	24	31
507	373	25	31
507	373	24	30
506	371	25	31
507	372	24	30
506	370	25	31
507	370	24	30
506	369	24	30
506	369	24	30
507	369	24	30
506	368	24	30
506	367	24	30
506	366	24	30
505	366	24	30
506	367	24	29
504	365	24	30
505	366	23	29
505	365	24	30
505	364	24	29
505	365	24	29
504	364	24	29
504	363	24	29
505	364	24	29
505	363	24	29
505	363	23	29
505	363	23	29
505	363	23	29
504	362	23	29
505	363	23	29
503	362	23	29
504	362	23	29
504	361	23	28
504	361	23	28
504	361	23	28
504	362	22	27
504	361	23	28
504	362	23	28
504	360	23	28
504	361	22	27
504	362	23	28
504	362	22	27
504	361	23	28
504	362	22	28
503	361	23	28
504	362	22	27
504	361	23	28
504	362	22	28
504	361	23	28
504	361	22	27
503	362	22	27
504	361	22	28
503	362	22	27
504	362	22	27
504	362	22	27
503	361	23	27
503	363	22	27
503	362	22	27
503	362	22	27
504	363	22	27
503	362	22	27
504	363	22	27
504	363	22	27
503	363	22	27
504	363	22	27
504	362	22	27
504	364	22	26
504	363	22	27
503	363	22	26
503	364	22	26
503	364	22	26
504	364	21	26
504	364	21	26
504	364	22	26
504	365	22	26
503	364	22	26
504	365	21	26
504	365	21	26
504	366	22	26
503	365	22	26
503	366	21	26
504	366	21	26
504	366	21	26
504	366	21	26
504	366	21	26
504	366	21	25
504	366	21	26
504	366	22	26
504	366	21	25
504	367	21	26
504	367	21	26
504	367	21	25
504	367	21	25
505	368	21	26
504	367	22	26
505	367	21	26
504	368	21	25
504	367	21	26
504	368	21	25
505	369	21	25
505	368	21	26
505	369	21	25
505	368	21	25
506	368	21	25
505	369	21	25
506	369	21	25
505	370	21	25
506	369	21	25
505	369	21	25
506	369	21	25
506	369	21	25
506	369	21	25
506	370	21	25
505	371	21	25
506	369	21	25
506	370	21	25
506	371	21	25
506	371	21	25
506	371	21	25
506	371	21	25
506	371	21	25
506	372	21	25
505	371	21	25
506	372	21	25
506	372	21	25
506	373	21	25
506	372	21	25
506	372	21	25
506	373	21	25
506	373	21	25
506	374	21	24
506	372	21	25
506	373	21	25
506	373	21	25
506	373	21	25
506	373	21	25
506	374	21	25
506	374	21	25
506	374	21	25
506	374	21	24
506	374	21	25
506	374	21	25
507	375	21	24
506	373	22	25
506	374	21	25
506	374	21	25
507	375	21	25
506	375	21	24
507	374	21	25
507	375	21	25
506	374	21	25
507	376	21	25
507	375	21	25
507	375	21	25
507	375	21	25
507	375	21	25
507	376	21	25
507	376	21	25
507	375	21	25
507	376	21	25
507	376	21	25
507	376	21	25
507	375	21	25
508	376	21	25
507	376	21	25
508	376	21	25
508	376	21	25
508	377	21	25
508	376	21	25
508	377	21	25
508	378	21	25
508	377	21	25
508	376	21	25
509	378	21	25
508	377	21	25
508	377	21	25
509	378	21	25
509	378	21	25
508	378	21	25
508	377	22	26
509	379	21	25
508	377	22	26
508	379	21	25
508	378	21	25
508	379	21	25
508	378	22	25
508	379	21	25
509	380	21	25
508	379	22	26
508	380	21	25
509	380	21	25
508	380	21	25
509	380	21	25
509	381	21	25
509	380	21	25
508	381	21	25
508	381	21	25
509	381	21	25
509	381	21	25
509	381	21	25
509	381	21	25
509	382	21	25
509	381	22	26
509	382	21	25
508	381	22	26
508	381	22	26
509	383	22	25
509	382	21	25
509	383	22	25
509	382	22	25
509	383	22	25
509	383	22	25
509	383	21	25
509	383	22	26
509	383	22	25
509	384	21	25
510	383	21	26
510	383	22	25
509	383	21	25
509	383	22	25
509	383	21	25
509	384	22	26
509	383	22	25
509	384	22	25
509	384	21	25
508	383	22	26
509	383	22	26
509	383	22	25
509	383	22	25
509	384	22	25
509	383	22	26
509	383	21	26
509	383	22	25
508	383	22	26
508	382	22	26
508	383	22	25
509	383	21	25
509	382	22	26
508	383	21	25
509	382	22	26
509	382	22	26
508	383	21	25
508	382	22	26
509	382	22	26
508	383	21	25
508	382	22	26
509	383	22	26
508	382	22	26
508	382	22	26
509	383	22	26
508	382	22	26
509	383	21	26
508	383	22	26
508	382	22	26
508	382	22	26
509	383	21	26
509	384	22	26
508	382	22	26
508	383	22	26
508	384	22	26
508	383	22	26
508	383	22	26
508	384	22	26
509	383	22	26
509	384	22	26
509	384	22	26
509	384	22	26
509	384	22	26
509	385	22	26
509	384	22	26
510	385	22	27
510	385	22	26
510	386	22	26
510	386	22	27
510	386	22	27
510	387	22	26
510	387	23	27
511	388	22	27
510	388	22	27
510	388	23	27
510	388	23	27
510	389	23	27
510	389	23	27
511	389	23	27
510	391	23	27
510	389	23	28
510	390	23	27
511	391	23	27
511	391	23	28
510	392	23	27
510	391	23	28
510	392	23	27
511	393	23	28
511	392	23	28
511	393	23	28
511	394	23	28
510	393	24	29
511	394	23	29
511	394	23	28
511	394	23	29
511	395	23	28
511	395	24	29
511	395	23	28
511	396	24	29
511	396	24	29
511	397	24	29
510	396	24	30
510	396	24	30
511	397	24	29
510	396	25	30
511	398	24	30
510	397	25	30
510	396	25	31
511	397	24	30
511	396	25	31
510	397	24	30
511	395	25	31
510	395	25	31
511	395	25	31
511	394	25	31
510	393	26	32
511	392	26	31
510	391	26	31
511	390	26	32
510	388	26	32
510	387	26	32
510	385	26	32
510	385	26	32
511	382	26	33
510	381	26	33
511	379	26	33
510	377	26	34
511	376	26	33
510	374	26	33
510	371	26	34
510	370	26	34
511	369	27	33
510	366	27	34
511	364	27	34
510	362	27	34
510	361	27	34
511	358	27	35
510	356	27	35
510	353	27	35
511	352	27	34
510	349	27	35
510	347	27	35
509	345	27	35
510	343	27	35
510	340	28	36
510	338	27	35
510	336	28	35
510	333	27	35
510	330	28	36
510	328	28	36
510	326	28	36
510	323	28	36
509	320	28	36
509	318	28	36
509	315	28	36
509	312	28	37
509	311	28	36
509	307	28	37
508	305	28	37
509	303	28	36
509	300	28	37
509	298	28	37
508	295	29	37
509	293	29	37
508	290	29	37
509	288	29	37
508	286	29	37
508	284	29	38
508	283	29	37
508	282	29	37
509	280	29	38
508	278	29	38
509	278	29	37
507	276	29	38
508	275	30	38
508	273	30	38
507	274	29	38
507	272	30	38
508	271	30	38
507	271	29	38
507	268	30	39
507	269	30	38
507	269	30	39
507	268	30	39
506	268	30	38
506	266	31	39
507	266	30	39
507	265	30	39
506	265	30	38
506	263	31	40
506	263	31	39
506	263	31	39
506	263	30	39
507	262	31	40
506	263	30	39
505	260	31	40
505	261	30	40
505	260	31	40
505	261	31	40
506	260	31	41
505	259	31	40
505	260	31	40
505	257	31	41
505	259	31	40
505	258	31	41
505	257	32	41
504	258	30	40
505	256	32	42
504	256	31	41
504	256	32	42
504	255	32	42
504	256	31	42
503	254	32	42
504	255	32	42
504	253	32	43
504	256	31	41
504	255	32	42
504	254	32	42
503	255	32	42
504	254	32	43
503	255	32	42
504	255	33	43
504	255	32	43
503	255	32	43
504	256	33	43
504	255	33	43
504	257	32	42
504	255	33	44
503	257	33	43
505	258	33	44
504	257	33	44
504	258	32	43
504	257	33	45
504	259	33	43
505	258	33	44
505	259	33	44
504	259	33	44
504	260	33	44
505	258	34	45
504	260	33	44
504	259	34	46
504	261	33	45
504	261	33	45
504	260	34	46
504	262	33	45
504	260	34	46
504	263	33	44
504	261	34	46
504	263	34	45
503	261	34	46
504	262	34	45
504	262	34	46
503	262	34	45
504	261	34	46
503	262	34	46
503	262	34	46
503	261	34	47
503	262	34	46
503	261	34	47
503	262	34	46
503	261	35	47
503	263	34	45
503	261	35	47
503	262	34	46
503	260	35	47
503	261	35	47
503	261	35	47
502	260	35	47
502	261	34	47
502	260	35	48
502	259	35	48
502	260	34	46
502	259	36	48
502	260	34	47
501	258	35	48
501	259	35	47
501	259	36	48
500	258	35	48
500	258	36	48
501	259	35	47
501	257	36	48
500	259	35	47
501	256	36	48
500	258	35	47
500	256	36	48
500	257	36	48
500	257	36	48
500	257	36	48
500	256	36	48
500	257	36	48
499	256	36	48
499	255	36	49
499	256	36	48
499	255	36	48
499	256	36	48
498	256	36	48
498	255	36	49
498	256	36	48
499	254	36	48
498	256	35	47
498	254	36	49
499	255	36	48
498	255	36	48
498	255	36	48
498	254	36	49
498	255	36	49
498	254	37	49
497	255	36	47
498	253	36	49
497	255	36	47
498	252	36	50
497	254	36	49
497	254	37	48
497	253	37	49
497	253	37	49
497	254	36	48
497	253	37	49
497	253	37	49
497	254	37	49
497	253	37	50
497	253	37	49
497	253	37	49
496	254	37	48
497	253	37	49
496	254	36	48
496	253	37	49
496	254	37	49
496	253	37	49
496	254	37	49
496	253	37	49
495	254	37	48
495	252	37	50
496	253	37	50
496	254	37	49
495	253	38	50
495	253	37	49
496	253	37	49
496	252	37	50
495	254	37	49
495	253	37	50
495	251	38	50
494	253	37	49
494	251	38	50
494	253	37	49
494	253	38	50
495	251	37	51
495	253	37	49
494	251	38	51
494	252	38	49
494	253	37	49
495	251	37	50
494	252	38	49
495	252	38	50
494	253	37	49
494	250	38	51
493	252	37	49
494	251	38	50
494	251	38	50
493	251	37	50
493	251	38	50
494	251	38	50
493	251	37	50
494	251	38	50
494	249	38	51
493	251	37	49
494	250	37	50
493	251	37	49
493	250	37	50
493	249	38	51
493	249	38	51
493	249	38	51
494	249	38	50
493	250	37	49
494	248	38	51
494	250	37	49
494	249	38	51
493	251	37	49
493	249	38	51
493	251	37	50
494	249	38	52
494	252	37	49
493	250	38	51
493	252	37	49
494	250	38	52
493	252	37	49
494	251	38	50
494	252	37	50
494	252	37	50
494	252	37	51
494	253	38	51
495	253	37	51
494	254	37	51
495	253	38	51
495	253	38	53
494	254	38	53
494	255	38	51
495	255	38	52
495	255	38	53
494	255	38	54
495	256	38	55
495	258	38	53
495	259	38	52
495	259	38	52
496	260	38	52
496	261	38	53
497	259	39	55
495	259	39	56
497	260	38	57
497	260	38	58
497	262	38	56
497	262	38	57
497	264	38	57
498	265	38	55
497	266	39	55
498	267	39	54
498	266	39	57
498	268	39	56
499	271	39	53
500	273	39	51
499	271	38	52
499	272	39	54
499	274	39	51
499	273	39	53
499	273	40	54
499	272	41	56
499	276	40	52
500	276	40	53
501	275	40	54
501	274	40	56
500	273	41	57
500	273	41	57
500	273	41	57
499	275	41	56
500	273	41	57
500	274	41	56
500	272	42	59
500	271	41	60
500	270	41	61
500	273	40	60
501	271	40	60
500	272	41	60
500	270	42	62
501	273	41	61
501	271	42	61
501	273	41	61
502	271	41	62
501	272	41	62
501	271	41	61
501	270	41	63
501	270	41	63
501	271	42	63
501	270	42	63
501	271	43	62
502	270	42	62
502	269	42	63
500	269	41	64
500	269	43	65
500	268	44	67
501	268	43	66
501	268	43	66
501	269	42	64
501	268	42	63
499	266	44	66
500	267	43	64
501	266	44	64
501	265	44	63
500	264	44	65
501	263	43	64
500	262	44	65
500	262	43	64
500	261	43	65
501	261	43	64
499	261	44	65
499	261	44	65
500	259	44	65
498	258	44	65
499	258	45	64
499	259	44	65
498	258	46	65
499	257	44	64
498	257	44	65
499	256	45	64
498	256	45	65
499	254	45	65
498	254	45	64
498	254	45	65
498	253	45	64
497	251	45	66
499	252	44	63
496	249	45	66
498	249	45	64
497	251	44	64
497	249	45	64
496	249	46	64
497	250	45	62
496	248	45	63
496	246	45	64
496	247	45	63
495	246	45	62
495	245	46	64
495	244	45	64
494	244	46	64
495	243	45	64
494	243	45	63
494	242	46	63
494	241	45	64
492	241	45	64
494	239	45	64
492	240	45	63
493	239	45	63
492	238	45	63
492	238	46	63
492	237	46	64
491	236	45	64
491	236	46	64
491	236	45	63
491	235	44	63
490	235	45	63
491	234	46	64
489	233	45	63
490	233	45	63
489	232	46	64
488	233	45	62
490	232	45	63
487	231	45	63
489	230	45	64
487	230	45	62
488	230	46	63
488	230	45	62
488	230	46	62
488	229	44	61
487	229	45	61
487	228	44	62
486	227	46	63
487	227	45	62
487	226	45	63
486	224	45	63
487	224	46	63
484	224	44	63
487	224	44	63
485	225	44	61
485	225	45	61
486	224	45	61
484	224	44	61
486	224	43	60
484	223	43	61
485	223	45	61
485	223	44	59
485	223	43	58
485	223	43	58
485	222	43	59
485	221	43	59
484	221	43	59
484	221	43	58
483	220	44	59
483	220	42	58
483	220	43	58
483	220	43	58
483	220	42	56
482	219	43	57
483	219	43	57
482	218	42	57
482	217	43	58
483	218	42	57
483	218	42	56
481	218	42	57
482	218	42	57
482	217	42	56
481	218	42	56
482	216	41	58
481	217	42	57
481	217	42	57
481	216	42	57
482	216	42	58
481	218	42	56
481	216	43	58
481	217	42	56
481	216	42	57
481	217	42	56
481	217	41	55
481	217	42	56
481	217	41	56
481	217	41	55
481	218	41	55
481	218	41	55
481	218	41	55
481	217	41	55
481	218	41	55
481	218	41	54
481	217	41	55
482	217	40	54
482	217	40	54
483	217	40	54
483	218	40	54
482	218	40	54
483	217	39	54
482	217	40	55
482	217	39	54
482	218	39	53
482	217	40	53
483	218	39	53
483	218	39	52
483	219	39	51
484	218	39	52
483	218	39	52
483	218	39	51
484	218	39	52
484	218	38	52
484	218	38	51
484	218	38	51
484	218	38	51
483	218	38	51
484	217	38	51
484	219	38	50
485	218	38	51
485	218	38	50
484	218	38	50
485	217	37	50
485	218	37	50
484	217	38	50
486	216	37	50
485	218	37	49
486	217	37	50
485	218	37	49
486	217	37	50
486	218	36	49
486	216	36	49
486	218	36	48
487	216	36	50
486	217	36	49
487	216	36	49
487	218	36	48
487	216	36	50
487	217	36	48
488	215	36	49
488	218	35	47
487	216	36	49
489	218	35	47
488	218	36	48
489	216	35	49
489	217	36	48
489	216	35	48
488	218	35	47
490	216	35	48
489	218	35	47
490	217	35	48
489	217	35	47
490	217	35	47
490	216	35	47
490	218	34	46
490	216	34	47
491	217	34	46
490	216	34	46
491	218	34	45
491	216	34	46
491	217	34	45
491	217	34	45
490	217	34	45
491	216	34	45
490	217	34	45
491	217	34	45
491	217	34	45
492	216	34	45
491	217	34	45
491	218	34	44
492	216	34	45
492	218	33	43
492	216	33	44
492	218	33	43
492	217	33	44
492	217	33	43
491	217	33	43
492	217	33	43
492	217	33	43
492	218	33	42
492	218	33	42
492	217	33	42
493	217	33	42
492	218	32	41
492	217	33	42
493	218	32	41
493	218	32	41
492	219	32	41
493	218	32	41
493	220	31	40
493	218	32	41
493	220	31	40
493	219	32	40
493	219	32	40
494	219	31	40
494	219	31	39
494	221	31	38
494	222	31	37
493	221	31	38
494	220	31	38
494	221	31	37
494	221	30	37
495	221	31	37
493	220	32	39
494	221	31	37
494	220	30	38
495	222	30	37
495	220	30	38
495	221	29	37
495	222	28	38
495	222	29	38
494	221	29	38
495	221	29	38
494	222	28	37
494	221	28	38
496	223	28	37
495	222	29	38
495	222	28	39
495	223	29	37
495	222	28	38
496	222	28	38
496	224	28	37
496	222	29	37
495	225	28	36
495	223	29	37
495	224	28	36
496	224	28	37
496	224	28	37
496	224	28	37
496	224	28	37
496	223	28	37
497	225	27	36
496	224	28	37
497	224	28	37
497	225	28	36
496	224	28	37
497	226	27	36
497	224	28	37
497	225	28	36
497	224	28	36
497	226	27	35
497	225	28	36
498	226	27	36
497	226	27	36
497	225	27	36
498	226	27	35
497	226	27	35
497	226	27	35
497	225	27	36
498	227	26	34
497	227	27	35
497	226	27	35
498	227	26	34
499	226	26	35
499	228	26	34
499	226	27	35
499	226	27	34
499	226	26	34
499	228	26	34
498	226	27	34
499	228	26	33
499	227	26	34
500	227	26	34
499	228	26	34
499	226	27	34
500	226	26	34
500	227	26	33
500	227	26	33
499	227	26	34
500	227	26	34
500	228	26	33
500	227	26	33
500	228	26	33
501	227	26	33
500	228	25	32
501	228	26	33
501	227	26	33
501	228	25	33
501	227	26	33
502	228	25	32
502	227	25	32
501	228	25	32
501	228	25	32
502	228	25	32
502	228	25	32
502	228	25	32
502	228	25	32
502	227	25	32
503	228	25	31
502	228	25	32
502	230	24	31
503	228	25	32
503	229	25	31
503	230	24	31
503	229	25	31
503	229	25	31
503	229	25	31
503	229	25	31
503	229	25	31
504	230	24	31
504	229	24	32
504	229	24	31
505	230	24	31
505	229	24	31
504	230	24	30
504	230	24	31
504	230	24	31
504	229	24	31
505	229	24	30
505	230	24	30
505	229	24	31
505	229	23	30
505	229	24	30
505	230	23	30
505	230	23	30
506	229	24	30
505	229	24	30
506	230	23	30
505	229	24	30
505	230	23	30
505	228	24	30
506	229	23	30
506	229	24	30
506	229	23	29
506	230	23	29
506	229	23	29
506	230	23	29
506	229	23	29
506	230	23	29
506	230	23	29
506	230	23	29
506	230	23	29
506	230	23	29
506	231	23	28
506	230	23	29
506	231	23	28
506	231	23	29
507	231	23	29
507	231	22	28
507	231	23	28
507	231	22	28
507	232	22	28
507	231	22	28
507	231	22	28
507	232	22	28
507	231	23	28
508	232	22	28
507	232	23	28
508	232	22	28
507	232	22	27
508	232	22	28
508	233	22	28
508	232	22	28
507	233	22	27
508	232	22	28
508	233	22	27
509	233	22	27
508	234	22	27
509	234	22	27
508	234	22	27
509	234	22	27
509	234	22	27
509	235	22	27
509	234	22	27
509	235	22	27
509	235	22	27
509	235	22	27
510	235	22	27
510	237	22	27
509	235	22	27
510	236	22	27
510	236	22	27
510	237	22	27
509	237	22	27
509	237	22	27
509	236	22	27
510	237	21	27
510	237	22	27
509	239	21	27
510	237	22	28
510	238	22	27
510	238	21	27
510	239	22	27
510	238	22	27
510	239	22	27
510	238	22	27
510	238	22	27
510	239	22	27
510	240	22	27
511	238	22	27
510	239	22	27
511	239	22	27
511	240	22	26
511	240	22	26
511	240	22	26
510	240	22	26
511	239	22	27
511	240	22	26
511	239	21	27
511	240	22	26
511	240	21	27
511	240	22	27
512	240	22	27
510	240	22	27
511	240	22	27
511	240	22	26
511	239	22	27
511	241	22	27
511	240	22	27
512	240	22	27
511	240	22	27
511	240	22	26
512	240	22	26
512	240	21	27
512	239	22	27
511	240	22	26
512	240	21	26
512	239	22	27
513	240	21	26
513	240	22	26
511	240	22	26
512	240	21	26
513	239	21	27
512	239	21	26
512	240	22	26
512	239	22	26
512	239	22	26
512	239	22	26
512	239	22	26
513	240	22	26
512	240	22	26
512	239	22	26
512	240	22	26
512	240	22	26
513	239	22	27
512	240	22	26
512	240	21	26
513	239	22	27
513	240	22	26
513	240	21	26
512	239	22	26
513	239	21	26
513	239	21	26
513	240	21	26
513	240	21	26
513	240	21	26
513	240	21	26
512	239	22	26
513	240	21	26
513	239	22	26
513	239	21	26
513	239	21	26
513	238	22	26
513	239	21	26
514	239	21	26
513	240	22	26
513	238	22	26
513	239	22	26
514	239	21	26
513	239	21	26
513	239	22	26
514	239	21	26
514	239	22	26
513	239	21	26
514	239	21	26
514	239	21	26
514	240	21	26
514	239	21	26
513	239	22	26
513	240	21	26
513	239	21	26
513	239	21	26
513	240	21	26
513	238	22	26
514	239	21	26
513	239	21	26
514	239	21	26
514	239	21	25
513	239	21	25
513	239	21	25
513	240	21	25
513	239	21	26
514	240	21	26
513	239	21	26
513	239	21	25
513	240	21	26
513	239	22	26
513	239	21	25
513	240	21	26
513	240	21	25
513	240	21	25
513	240	21	25
513	240	21	26
513	240	21	26
513	240	21	25
513	240	21	25
513	240	21	25
513	240	21	25
513	241	21	25
513	240	21	25
513	240	21	25
513	240	21	25
513	240	21	25
513	240	21	25
513	240	21	25
513	240	21	25
513	241	21	25
513	240	21	25
513	241	21	25
513	240	21	25
513	240	21	25
513	240	21	25
512	241	21	25
513	240	21	25
513	240	21	25
513	239	21	25
512	240	21	25
513	240	21	25
513	240	21	25
513	240	21	25
513	239	21	25
513	239	21	25
514	239	21	25
513	239	21	25
513	238	21	25
514	239	21	25
513	239	21	25
514	239	21	25
513	238	21	25
513	239	21	25
513	239	21	25
513	239	21	25
513	238	21	25
514	238	21	25
514	238	21	25
513	238	21	25
514	238	21	25
514	237	21	25
513	238	21	25
514	237	21	25
514	238	21	24
514	237	20	25
514	237	21	25
514	237	20	25
514	237	20	25
514	237	21	25
514	236	21	25
514	237	21	24
514	236	21	25
514	236	20	24
513	237	20	24
514	236	21	25
514	236	20	24
514	237	20	24
514	237	20	24
514	236	20	24
514	236	20	24
514	236	20	24
513	236	20	24
514	236	21	24
513	235	21	24
514	236	20	24
513	235	20	24
513	235	20	24
514	236	21	24
513	236	21	24
514	236	21	24
514	235	21	24
514	235	21	24
513	235	21	24
513	236	20	24
513	234	21	24
513	235	20	24
513	235	20	24
513	235	20	24
513	235	20	24
513	235	20	24
513	235	20	24
513	235	20	24
512	235	21	24
512	234	21	24
512	234	21	24
512	235	21	24
512	235	21	24
513	235	20	24
512	235	20	24
512	235	20	24
512	235	20	24
511	235	21	23
512	235	20	24
511	236	20	23
511	235	20	24
512	235	20	23
512	235	20	23
511	235	20	24
511	236	20	23
511	235	20	24
511	235	20	23
511	236	20	23
511	236	20	23
511	235	20	24
511	235	20	23
511	236	20	23
510	236	20	23
511	236	20	23
511	236	20	23
510	236	20	23
510	237	20	23
510	237	20	23
510	237	20	23
510	237	20	23
510	238	19	23
510	237	19	23
509	237	20	23
510	237	20	23
510	238	20	23
509	237	20	24
509	238	20	23
509	238	20	23
508	237	20	23
509	238	20	23
509	238	19	23
508	238	20	23
509	237	19	23
509	238	20	23
508	238	20	23
509	238	20	23
509	238	20	23
508	238	20	23
509	238	19	22
508	237	20	23
508	237	19	22
508	237	19	22
509	238	19	22
508	238	19	22
508	237	19	22
508	238	19	22
507	237	20	22
508	237	19	22
509	237	19	22
508	237	19	22
508	238	19	22
508	237	19	22
507	237	20	22
508	237	19	22
507	237	19	22
508	236	19	22
508	237	19	22
508	237	19	22
508	237	19	22
507	237	20	22
508	237	19	22
508	237	19	22
508	237	19	22
508	237	19	21
508	237	19	21
508	237	19	22
507	237	19	21
508	237	19	21
508	237	19	22
508	237	19	21
508	237	19	21
508	236	19	22
508	237	19	21
509	237	19	22
508	237	19	21
508	236	19	22
508	237	19	21
508	237	19	21
508	237	19	21
508	237	19	21
508	237	19	21
508	237	19	21
508	237	19	21
508	236	19	21
509	236	19	21
509	237	19	21
509	237	19	21
508	236	19	21
508	237	19	21
509	237	18	21
509	236	18	21
508	236	19	20
509	236	18	21
509	237	19	20
509	236	19	20
509	237	19	20
510	236	18	20
510	237	19	20
509	237	19	20
509	236	19	20
510	236	18	20
510	236	18	20
510	236	18	20
509	236	18	20
510	236	18	21
511	236	18	20
511	236	18	20
511	236	18	20
510	236	18	20
510	235	18	20
511	236	18	20
511	236	18	20
511	236	18	20
511	235	18	20
511	236	18	20
512	236	18	20
512	235	18	20
512	235	18	19
512	235	18	20
512	234	18	20
512	234	18	20
512	235	19	20
514	235	18	19
514	235	18	19
513	235	18	19
514	233	18	20
513	234	18	19
514	234	18	19
514	233	18	19
514	234	18	19
515	234	18	19
515	234	18	19
516	233	18	19
515	234	18	19
516	233	17	19
516	234	18	19
516	234	18	19
517	233	18	19
517	234	18	18
518	233	18	19
518	234	18	18
518	233	17	18
518	233	18	18
518	233	17	18
519	233	18	18
519	233	17	18
519	233	17	18
519	233	17	18
519	232	17	18
520	232	17	18
519	232	17	18
520	232	17	18
520	232	17	18
521	232	17	18
521	231	17	18
521	232	18	18
522	231	17	18
521	232	18	18
522	231	17	18
521	232	18	18
521	231	17	18
522	230	17	18
523	231	17	17
522	231	17	17
523	231	16	17
523	231	17	17
523	230	17	17
523	230	17	17
524	231	17	17
524	231	17	17
524	230	17	17
524	231	17	17
525	230	16	17
524	231	17	17
525	230	16	17
524	231	17	17
525	230	16	16
525	230	16	16
525	230	16	17
525	230	16	16
525	230	16	16
526	230	16	16
525	230	16	16
525	230	16	16
525	230	16	16
525	230	16	16
526	230	16	16
525	231	16	16
526	230	16	16
525	230	16	16
526	230	16	16
526	230	15	16
526	230	16	16
526	230	15	16
525	230	16	16
526	230	15	16
526	231	15	15
526	231	15	16
526	230	16	16
526	230	15	15
526	230	16	16
526	230	16	16
526	230	16	16
526	230	16	16
525	230	15	16
526	230	15	16
526	230	15	15
526	230	15	15
526	230	15	15
525	230	15	15
526	229	15	15
526	230	15	15
525	230	15	15
525	230	15	15
525	230	15	15
525	230	16	15
525	230	16	15
526	230	15	15
525	230	15	15
526	230	15	15
525	230	15	15
525	230	15	15
525	230	15	15
525	230	15	14
524	231	15	14
525	231	15	15
526	231	14	14
525	231	15	15
525	231	15	14
525	231	15	14
525	231	15	14
524	231	15	14
525	232	15	14
524	232	15	15
524	231	15	15
524	232	15	15
524	232	15	14
524	233	14	14
524	233	14	15
524	233	14	14
524	233	14	14
523	234	15	14
523	234	14	14
523	233	15	14
523	235	15	15
523	234	14	14
523	234	14	14
522	235	14	14
522	235	15	14
523	235	14	14
522	235	14	14
522	236	14	14
522	235	14	15
521	237	15	14
521	236	14	14
522	237	14	14
521	237	15	14
522	237	14	14
522	237	14	14
521	238	15	14
521	237	14	14
521	237	14	14
522	237	14	14
520	237	15	14
520	239	14	14
521	239	14	14
521	238	14	14
520	239	14	14
521	238	14	14
520	239	14	14
521	239	14	14
520	239	15	14
520	240	15	14
520	240	15	14
520	240	14	14
520	240	15	14
520	240	14	14
519	241	15	15
520	241	14	14
520	241	14	14
519	241	14	14
519	241	14	15
519	242	14	14
519	241	14	14
520	242	14	14
519	242	15	15
520	242	14	14
519	243	15	14
519	243	15	14
520	243	14	14
519	244	15	13
520	243	14	14
519	243	15	14
519	243	14	14
520	243	14	14
519	244	15	14
519	244	14	14
519	244	14	14
519	244	15	14
518	244	14	13
519	244	14	14
519	244	15	14
520	244	14	14
519	244	14	14
518	245	15	14
519	245	14	14
519	244	14	14
519	245	14	14
519	245	14	14
519	245	14	14
519	245	14	14
519	245	14	14
518	245	14	14
519	245	14	14
519	246	14	14
519	245	14	14
519	245	14	14
519	245	14	14
519	245	14	14
519	246	14	14
519	246	14	14
519	246	14	13
519	246	14	14
519	245	14	14
519	246	14	14
519	245	14	14
519	246	14	14
519	245	14	13
519	246	14	14
519	245	14	14
519	246	14	14
520	246	14	13
519	245	15	14
519	246	14	14
520	245	14	14
519	245	15	14
520	246	15	14
519	245	15	13
519	246	15	14
519	246	15	14
519	245	14	14
520	245	14	14
520	245	15	14
519	246	15	14
519	245	15	15
520	245	14	14
520	245	14	14
519	245	14	14
520	245	14	14
520	245	15	14
519	245	15	15
520	244	14	15
520	244	15	16
519	244	15	15
519	245	15	15
520	244	14	15
519	245	15	15
520	244	14	15
519	245	15	15
520	245	15	14
520	245	15	14
520	245	15	14
520	244	15	15
520	245	15	15
520	244	15	15
520	245	15	15
521	245	15	15
521	245	15	14
521	245	15	14
522	245	15	14
522	245	14	14
522	245	15	15
522	246	15	14
523	245	14	15
522	245	15	15
523	246	15	15
524	245	15	15
524	246	15	14
524	246	15	15
525	246	15	14
525	246	15	14
525	246	15	14
525	246	15	15
526	247	15	14
526	247	15	14
526	246	15	15
526	247	15	15
527	246	15	15
527	247	15	15
528	247	15	15
527	247	15	15
528	247	15	14
529	247	15	14
529	247	15	15
529	248	15	14
529	247	15	15
530	247	15	15
530	248	15	14
530	248	15	15
531	248	15	15
530	247	15	15
531	248	15	15
531	248	15	15
531	247	15	15
530	248	16	15
531	248	15	15
532	248	15	15
532	248	15	15
532	248	15	15
533	248	15	15
532	248	15	15
533	248	15	15
532	249	16	15
533	249	15	15
534	248	15	15
533	249	16	15
534	249	15	15
534	249	15	15
534	249	15	15
534	249	15	15
534	249	15	15
533	250	16	15
534	250	15	15
535	249	15	15
534	250	16	15
535	249	15	15
534	250	16	15
534	249	15	15
534	248	16	16
534	249	16	15
535	249	15	15
535	249	16	15
535	249	15	15
535	249	16	15
534	249	16	15
535	250	15	15
535	249	16	15
535	249	15	15
535	249	15	15
534	249	16	15
535	249	15	15
535	247	15	16
535	249	15	15
535	249	15	15
535	249	15	15
535	248	15	15
534	249	15	15
535	249	15	15
535	248	15	15
535	249	15	15
535	247	15	16
534	249	15	15
534	246	15	16
535	248	14	14
535	247	15	15
535	248	14	15
534	248	15	14
535	247	14	14
535	248	14	14
535	247	14	14
535	247	15	15
535	247	14	14
535	247	14	14
535	247	14	14
535	246	14	14
535	246	14	15
535	246	14	14
534	246	14	14
535	245	13	14
535	245	14	14
534	245	14	15
535	244	14	14
534	244	14	14
534	244	14	14
534	243	14	14
534	243	14	14
534	243	14	14
534	242	14	14
534	242	14	14
534	241	14	14
533	241	14	14
534	241	13	14
534	240	14	14
533	240	14	14
533	240	14	13
534	239	13	14
533	239	13	14
533	239	13	14
533	238	13	14
533	238	14	13
533	237	13	14
532	237	13	13
533	236	13	13
533	236	13	14
532	236	13	13
532	235	13	14
532	234	13	13
532	234	13	13
532	233	13	13
532	233	14	13
532	233	13	13
532	232	13	13
532	232	13	13
532	231	13	13
532	231	13	13
532	230	13	13
532	229	13	13
532	229	13	12
532	228	13	13
532	228	13	12
531	227	13	13
531	226	13	13
531	226	13	12
531	225	13	13
531	225	13	12
532	225	13	12
532	224	13	12
531	224	13	12
531	224	13	12
531	223	12	12
531	223	12	13
531	223	12	12
532	222	12	12
531	222	12	12
531	222	12	12
531	221	13	12
531	221	12	12
531	221	12	12
531	220	13	12
531	220	12	12
531	220	12	12
531	219	12	12
530	219	13	12
530	219	13	12
531	219	12	12
530	219	13	12
531	219	12	12
531	219	12	12
530	218	12	12
530	218	13	12
530	218	12	12
530	218	12	12
530	218	12	11
530	217	12	12
530	217	13	12
530	217	12	12
530	217	12	12
530	217	12	12
530	217	12	11
530	216	12	12
530	216	12	11
530	216	12	12
530	216	12	12
529	216	12	12
530	216	12	11
530	215	12	12
530	215	12	11
529	215	13	12
530	215	12	11
529	215	12	12
529	215	12	12
529	215	12	12
530	215	12	11
529	214	12	11
529	215	12	12
529	214	12	11
529	214	12	12
529	214	12	12
529	214	12	11
529	214	12	12
528	213	12	12
528	213	12	11
528	213	12	12
529	213	12	12
529	213	12	12
528	213	12	11
529	212	12	11
528	213	12	12
528	212	12	11
528	212	12	12
529	212	12	11
528	211	12	11
528	212	12	12
528	212	12	11
528	211	12	11
528	211	12	12
528	211	12	12
528	211	12	11
528	211	12	11
528	210	12	11
528	211	12	11
527	211	12	11
528	211	12	12
528	210	12	11
527	210	12	11
528	210	12	11
527	210	12	12
527	210	12	11
527	210	12	12
527	210	12	11
527	210	12	12
527	210	12	11
527	210	12	12
527	210	12	11
527	210	12	12
527	210	12	12
527	209	12	12
528	209	12	12
527	210	12	12
527	210	12	12
527	210	12	12
527	210	12	12
526	210	12	12
527	209	12	12
527	210	12	12
527	210	12	12
527	211	12	12
527	211	12	11
527	211	12	12
527	211	12	11
527	210	12	12
526	211	12	12
526	211	12	11
526	211	12	12
527	211	12	12
526	211	12	12
527	211	12	12
526	211	12	12
526	211	12	12
526	211	12	12
526	211	12	12
526	211	12	11
527	211	13	12
526	211	12	11
526	211	12	12
526	212	12	12
526	212	12	11
526	212	12	12
526	212	12	12
526	212	12	11
526	212	13	12
526	212	12	12
526	213	12	12
526	213	12	12
526	213	12	12
526	213	12	12
526	213	12	12
525	213	12	12
526	213	12	12
526	213	12	12
526	214	12	12
526	213	12	12
526	214	13	12
527	214	12	12
526	215	13	12
526	215	12	12
526	215	12	12
526	215	13	12
526	215	12	12
526	216	13	12
526	216	13	12
526	216	13	12
527	216	12	12
526	217	13	12
526	217	13	12
526	217	13	12
526	217	13	12
526	217	13	12
526	218	13	12
526	217	13	13
526	218	13	13
525	219	13	12
526	219	13	13
526	219	13	13
526	219	13	13
526	219	13	13
526	220	13	13
525	220	14	13
526	220	13	13
526	220	13	13
526	220	13	13
526	220	13	13
526	221	14	13
527	221	14	13
526	221	14	13
526	221	14	13
526	222	14	13
526	222	14	13
526	223	14	13
526	222	14	13
526	223	14	13
527	223	13	13
526	224	14	13
527	224	14	13
527	223	14	14
526	225	14	13
527	224	13	13
527	225	14	14
527	225	14	13
527	225	14	13
528	227	13	13
527	226	14	13
527	226	14	14
527	226	14	13
527	226	14	14
528	227	14	14
528	227	14	14
528	227	14	14
528	227	14	14
528	228	14	14
528	229	14	13
529	229	14	14
529	229	14	14
529	229	14	14
529	230	14	14
529	230	14	13
529	230	14	14
529	231	15	14
529	231	14	14
530	231	14	14
529	232	14	14
530	232	14	14
531	233	14	13
531	233	14	14
531	234	14	14
531	233	14	14
531	235	14	13
531	234	14	14
531	234	14	14
532	234	14	14
532	236	14	13
532	236	14	13
532	236	14	14
532	237	15	14
533	237	14	14
532	237	14	14
533	237	14	14
532	238	15	14
533	238	14	14
534	238	14	14
533	239	15	14
534	239	15	14
534	240	15	14
534	240	15	14
535	240	14	14
534	241	15	14
535	241	14	14
535	241	14	14
535	242	14	14
535	243	15	14
535	243	14	14
535	243	14	14
536	243	14	14
536	243	14	15
536	244	15	14
536	244	15	15
537	245	14	14
537	245	15	15
537	246	15	14
537	246	15	15
537	246	14	14
537	246	15	15
537	246	15	15
537	247	15	15
537	247	15	15
537	248	15	15
537	248	15	15
538	248	15	15
538	248	15	15
538	250	15	15
539	249	15	15
538	249	15	15
539	250	15	15
538	250	15	15
538	251	15	15
539	251	15	15
539	251	15	15
539	251	15	15
540	252	15	15
539	253	15	15
539	253	15	15
539	253	15	15
540	253	15	15
540	254	15	15
540	254	16	15
540	254	15	15
539	255	16	15
540	255	15	15
540	255	16	15
541	255	15	15
541	255	16	16
540	256	16	15
540	257	15	15
540	257	16	16
541	257	15	16
541	257	16	15
541	258	16	15
541	258	15	16
540	258	16	16
541	259	16	16
541	259	16	16
541	259	16	16
541	260	16	16
541	259	16	16
542	260	16	16
541	260	16	16
541	260	16	16
541	261	16	16
541	261	16	16
542	261	16	16
542	261	16	16
541	261	16	16
541	262	16	16
542	262	16	16
541	263	16	16
541	263	16	16
541	263	16	16
541	263	16	16
541	263	16	16
541	264	16	16
541	264	16	16
541	265	16	16
542	265	16	16
541	264	17	16
541	265	16	16
542	265	16	17
542	266	16	16
542	266	16	17
542	266	16	16
542	266	16	16
541	266	16	16
541	266	16	17
542	267	16	16
542	268	16	16
542	267	16	17
542	268	16	17
542	268	16	17
542	269	16	17
542	269	17	17
542	268	16	17
542	269	16	17
541	270	17	17
542	269	16	17
541	270	16	17
541	271	17	17
542	270	16	17
541	271	17	17
541	271	17	17
542	271	17	17
541	271	17	17
541	272	17	17
542	272	17	17
542	273	17	17
542	273	16	17
541	273	17	17
541	273	17	17
541	273	16	17
541	274	17	17
541	274	17	18
541	274	17	17
541	274	17	17
541	275	17	17
541	276	17	17
542	276	17	18
541	276	17	17
541	276	17	18
541	277	17	17
541	277	17	18
541	277	17	18
541	278	17	17
541	277	17	18
541	278	17	18
541	278	17	17
541	278	17	18
541	279	17	18
541	279	17	18
541	279	17	18
541	280	17	18
541	279	17	18
541	280	17	18
541	280	17	18
541	281	17	18
541	281	17	18
541	282	18	18
541	282	17	18
541	282	17	18
541	282	17	18
541	282	17	18
542	283	17	18
541	283	18	18
541	283	17	18
540	284	18	18
541	284	17	18
541	284	18	19
541	284	18	19
541	285	18	18
542	286	18	18
541	285	18	19
541	285	18	18
541	286	18	19
541	286	18	18
541	286	18	19
541	287	18	18
541	286	18	19
541	287	18	19
542	288	18	19
541	288	18	19
541	288	18	19
541	289	18	19
541	289	17	19
541	289	18	19
541	290	18	19
540	291	18	19
541	291	18	19
541	292	18	19
541	292	18	19
541	292	18	19
541	292	18	19
541	293	18	19
541	293	18	19
541	294	18	19
541	294	18	19
540	295	18	19
541	295	18	20
541	296	18	20
540	296	18	20
540	296	18	20
541	297	18	20
540	298	18	20
540	299	18	20
540	299	18	20
540	299	19	20
540	299	19	20
540	301	19	20
540	302	19	20
539	302	19	20
540	302	19	21
540	303	19	20
540	303	19	20
540	304	19	21
539	305	19	21
539	306	19	21
539	306	19	21
538	306	19	21
538	308	19	21
538	307	20	21
538	309	20	21
538	309	19	22
538	309	20	21
538	311	19	21
538	312	19	21
537	311	20	22
538	312	19	22
537	313	19	21
537	314	19	22
537	315	19	22
537	315	19	22
537	316	20	22
537	317	20	22
537	318	20	22
536	318	19	22
537	318	20	22
537	320	20	23
536	320	20	23
536	321	20	23
536	321	20	23
536	323	20	23
536	323	20	23
535	324	20	23
535	325	21	23
535	326	20	24
535	327	20	23
534	327	21	23
534	328	20	23
535	329	20	24
534	330	20	24
535	331	21	24
534	332	21	24
534	333	21	24
534	333	21	24
534	334	21	24
534	335	21	25
534	336	21	25
533	337	21	25
533	338	21	25
533	339	21	25
533	340	21	25
532	341	21	25
532	342	21	25
532	343	21	25
533	344	21	25
532	344	21	26
532	345	21	26
532	346	21	26
531	347	22	26
531	348	22	26
531	349	22	26
531	350	22	26
531	350	22	27
531	351	22	27
530	353	22	27
530	353	22	27
531	354	22	27
530	355	22	27
530	355	22	27
529	356	23	27
529	357	22	27
529	358	22	28
529	359	22	27
529	359	22	28
528	360	22	28
529	361	22	28
529	362	23	28
528	363	23	28
529	363	23	29
528	364	23	28
528	366	23	29
527	365	24	29
528	366	23	29
528	367	23	30
527	367	23	29
526	369	23	29
527	369	23	30
527	370	23	30
526	371	24	30
527	372	23	30
526	372	24	30
526	373	23	30
527	374	23	30
526	374	24	31
526	374	24	31
526	375	24	31
526	376	23	31
525	376	24	32
526	378	24	31
525	378	24	32
525	379	24	31
525	378	24	32
525	380	24	32
525	380	24	32
524	380	25	32
525	381	24	32
525	382	24	32
524	382	25	32
524	382	24	33
524	384	24	32
524	383	25	33
524	385	24	32
524	384	25	33
523	384	25	33
524	386	24	32
524	385	25	34
524	387	24	32
523	386	26	34
523	388	24	33
523	386	25	34
523	388	24	33
523	388	25	33
523	388	25	34
523	390	24	33
522	388	25	34
523	390	24	33
522	389	25	34
522	390	25	33
522	390	25	33
522	389	25	34
522	391	25	33
521	390	25	34
522	391	25	34
522	390	25	34
521	391	25	34
522	391	25	35
521	392	25	33
521	391	25	35
521	392	25	34
521	392	25	34
521	392	25	35
520	392	25	34
521	392	25	35
520	392	25	34
520	392	25	35
520	393	25	34
520	391	25	34
520	393	24	34
520	391	25	35
520	393	25	33
520	391	25	34
519	392	25	34
520	393	25	34
519	392	25	34
519	391	26	35
519	391	26	34
518	392	25	34
519	391	25	34
518	392	25	34
519	390	25	34
518	392	25	32
517	390	26	34
518	390	25	33
518	390	25	34
518	390	26	34
518	390	25	34
518	391	25	33
517	389	25	34
517	390	25	33
517	390	26	34
518	389	25	34
517	389	25	33
518	389	25	33
517	389	25	33
517	389	25	34
517	388	25	33
517	389	25	33
517	389	25	33
518	388	25	34
517	388	25	33
517	388	25	33
517	388	25	33
517	388	25	33
517	388	25	33
517	387	25	33
517	388	25	33
517	387	25	33
517	387	24	33
517	388	25	33
517	386	25	33
517	388	24	32
516	386	25	33
516	386	25	33
517	386	25	34
517	387	24	32
517	386	25	33
517	387	24	32
517	386	25	33
517	386	25	33
516	385	25	33
516	385	25	33
516	386	25	33
516	386	25	33
516	385	25	33
517	385	25	33
516	384	25	33
516	385	25	32
516	385	24	32
516	385	25	33
516	384	25	32
516	383	25	33
516	384	24	32
516	384	24	32
516	384	24	32
516	383	25	33
516	383	25	32
516	384	25	32
515	383	25	32
516	383	25	33
516	382	25	33
515	382	25	32
515	382	25	32
517	383	24	32
515	381	25	32
516	382	24	31
516	381	25	32
516	381	24	32
516	381	25	32
516	380	25	32
516	379	25	32
516	380	24	32
515	379	24	32
515	379	24	32
515	378	24	32
516	378	24	32
515	380	24	31
515	378	25	32
515	378	24	32
515	377	25	32
515	378	24	31
515	377	25	32
515	377	24	31
514	377	24	31
514	376	25	32
514	376	24	31
514	375	25	32
515	375	24	31
514	375	24	31
514	374	24	32
514	374	24	31
514	374	23	31
514	373	24	31
513	373	24	31
514	372	24	31
514	372	24	31
514	372	24	31
514	372	23	30
514	371	24	31
513	371	24	31
514	370	24	31
514	371	23	30
513	369	24	31
513	369	24	30
513	369	24	30
513	369	23	30
513	368	23	31
513	369	23	30
513	368	23	30
513	367	23	30
513	367	23	30
513	366	23	30
513	366	23	29
513	365	23	30
513	365	23	30
513	364	23	30
513	365	23	29
513	364	23	30
513	363	23	29
513	363	23	29
513	363	23	29
513	362	23	29
513	361	23	29
513	362	22	29
513	360	23	29
513	360	23	29
513	360	22	28
514	359	23	29
513	359	22	28
513	358	22	29
513	358	22	28
513	357	22	29
513	357	22	28
513	356	22	28
513	355	22	28
513	355	22	28
513	354	22	28
513	354	22	28
513	353	22	28
514	354	21	27
513	352	22	28
514	352	22	28
514	351	22	28
514	351	22	27
514	350	22	27
514	350	22	27
514	349	22	27
514	349	21	26
514	348	22	27
514	347	22	27
514	347	21	26
514	347	22	27
514	346	21	26
514	345	21	27
514	345	21	26
514	345	21	26
514	344	21	26
513	344	21	26
514	343	21	26
513	343	21	26
514	341	21	26
514	341	21	26
514	341	21	26
514	340	21	26
515	340	21	25
514	339	21	26
514	338	21	26
514	339	21	25
514	338	21	25
514	337	20	25
515	336	21	25
515	336	20	25
514	335	21	25
515	335	20	25
514	334	21	25
515	334	21	25
515	333	21	25
515	332	21	25
515	332	20	24
515	331	20	25
516	331	20	24
515	330	20	24
515	329	20	24
515	329	20	24
515	329	20	24
516	328	20	24
515	328	20	24
516	327	20	24
516	326	20	24
516	326	20	23
515	325	20	23
515	324	20	23
516	324	20	23
516	323	19	23
515	322	20	23
516	322	20	23
516	321	20	23
516	321	19	23
517	320	19	23
516	319	19	22
516	319	19	23
517	318	19	23
517	317	19	22
517	317	19	22
516	316	20	22
517	316	19	22
517	316	19	22
517	315	19	22
517	314	19	22
518	313	19	22
518	314	19	21
517	313	19	21
517	312	19	22
517	311	19	22
517	311	18	21
518	310	18	21
518	310	18	21
518	309	18	21
518	309	18	21
517	308	18	21
518	308	18	21
519	306	18	21
519	307	18	21
517	305	18	20
518	304	18	21
518	305	18	20
518	303	19	21
518	303	18	20
518	302	18	20
519	301	18	20
519	302	18	20
518	300	18	20
519	299	18	20
519	300	18	20
519	299	18	19
519	298	18	20
519	297	17	19
519	297	18	19
518	297	18	20
518	296	18	19
519	295	17	20
519	295	17	19
519	294	18	19
519	293	18	19
519	293	17	19
519	292	18	19
519	292	17	19
519	291	17	19
519	291	17	19
519	290	17	19
520	289	17	19
519	289	17	18
519	288	17	18
520	287	17	18
519	286	17	18
519	286	17	18
520	286	16	18
520	285	17	18
520	285	16	18
520	284	16	18
519	283	16	18
520	282	16	18
520	281	16	18
520	281	16	18
519	281	17	18
520	280	16	17
520	280	16	17
520	279	16	17
519	278	17	18
520	277	16	17
520	276	16	18
520	277	17	17
520	276	16	17
520	275	17	17
519	274	16	17
520	274	16	17
520	273	16	17
521	272	16	17
521	272	16	17
520	271	16	16
520	270	16	17
521	270	16	17
521	269	15	16
520	268	15	16
520	269	15	16
521	268	15	15
521	267	16	16
520	266	15	16
521	265	15	17
521	265	15	17
521	264	15	16
521	264	15	16
521	264	15	16
521	263	15	15
520	262	15	15
521	262	15	15
520	261	15	15
520	260	15	16
521	256	16	20
521	259	15	15
521	255	16	18
521	257	15	16
521	257	15	16
521	257	15	15
521	256	15	15
521	256	15	14
521	255	15	15
520	254	15	14
521	253	15	16
490	270	19	19
491	270	17	19
491	269	17	19
491	268	18	19
491	268	18	18
491	267	18	18
492	267	18	18
491	267	18	18
491	265	18	18
492	265	18	18
492	265	17	18
492	264	17	18
492	264	17	17
492	263	17	17
492	263	17	17
492	262	17	17
492	258	17	21
492	260	17	18
492	253	18	24
492	255	18	22
493	256	18	19
492	256	17	18
492	255	17	20
493	256	17	19
492	252	18	22
492	254	18	19
493	254	16	17
493	254	16	17
493	254	16	17
493	254	16	16
493	253	16	17
493	253	16	17
493	252	16	16
493	252	16	16
493	252	15	15
493	252	16	16
493	251	15	16
494	250	15	16
493	250	15	16
493	249	15	16
493	248	15	16
494	248	15	16
493	247	15	16
494	247	15	15
494	246	15	15
493	246	15	16
493	245	15	16
494	242	15	18
