0.00
572.39
563.56
570.01
568.54
569.86
565.46
570.22
567.49
556.52
570.80
543.74
557.65
566.56
566.38
568.05
550.95
565.96
570.73
570.42
569.62
573.13
570.83
564.66
572.11
571.96
564.06
571.46
558.92
570.63
561.79
567.76
564.17
562.39
568.46
564.57
567.00
570.21
566.11
570.72
568.51
548.30
562.88
569.78
568.30
563.28
567.79
569.67
567.43
572.22
568.15
569.48
569.89
569.60
568.46
565.30
568.68
566.32
564.13
563.13
570.41
562.73
554.20
564.74
541.17
565.99
566.98
571.13
565.61
569.34
570.74
569.93
570.52
566.92
560.22
567.73
561.35
566.79
566.60
565.79
567.20
571.53
564.70
568.41
567.05
567.06
561.42
569.05
571.47
568.89
570.01
569.22
566.23
563.92
564.56
567.20
566.91
561.87
568.39
567.39
569.59
567.60
568.55
570.43
569.90
565.73
569.78
568.98
570.57
570.02
566.18
569.31
570.89
569.27
570.52
570.33
569.88
568.34
562.79
569.40
568.71
570.80
568.66
571.13
570.22
571.07
571.53
570.56
570.59
566.04
570.32
569.78
569.55
569.19
567.20
568.91
570.89
566.25
567.89
571.04
565.80
567.94
569.81
569.16
566.53
567.03
564.27
562.15
564.85
564.98
555.82
563.68
565.58
563.82
568.56
564.36
565.75
560.82
555.60
566.45
553.95
566.83
567.88
570.63
569.96
568.79
568.80
569.71
569.67
571.27
557.46
569.55
569.60
568.86
570.94
560.91
551.48
564.78
554.47
567.32
563.04
565.21
565.88
568.86
560.71
570.33
570.42
566.96
551.10
568.38
555.83
563.91
565.13
557.00
555.94
562.58
564.23
566.31
552.16
565.25
565.14
557.45
568.81
552.12
566.99
564.86
550.84
560.10
564.46
527.08
557.64
560.70
563.53
549.26
557.15
555.41
552.24
551.23
543.04
554.02
536.71
559.01
553.56
559.76
563.27
555.98
569.06
548.14
569.61
565.91
569.81
553.53
568.54
570.23
561.86
560.68
544.74
563.71
533.90
562.02
548.28
561.85
539.03
565.56
566.14
559.78
558.37
527.71
566.55
555.19
561.40
563.76
553.80
554.60
554.17
553.36
537.38
558.93
539.83
557.07
503.07
559.26
556.38
550.76
537.62
538.86
541.03
565.75
528.03
545.46
535.74
559.75
536.13
527.66
483.78
559.74
533.90
518.01
519.32
547.29
455.67
543.96
514.78
541.55
517.51
556.48
530.55
533.46
555.04
505.38
557.43
508.62
542.55
556.28
530.03
537.25
546.52
536.84
540.36
559.46
567.71
545.51
562.73
565.53
519.91
542.54
540.79
559.94
528.08
533.90
539.98
558.44
543.52
552.05
553.20
561.59
553.38
542.51
561.66
561.88
559.73
551.98
525.40
560.80
548.89
552.14
529.78
556.37
553.43
518.20
548.51
532.09
556.29
542.39
562.13
557.95
561.24
553.06
556.07
553.23
555.85
562.18
542.43
558.16
548.18
547.63
544.28
529.21
545.57
538.60
543.89
534.37
549.47
514.69
553.02
536.61
539.09
544.91
531.91
511.58
549.36
535.73
527.20
526.37
496.13
555.49
550.65
529.28
555.79
528.31
552.31
534.02
561.17
542.45
540.94
562.07
524.32
544.71
527.20
554.68
552.26
543.96
536.02
562.61
528.58
531.78
537.95
547.20
507.09
553.08
529.47
527.34
502.47
553.42
532.32
490.66
526.47
501.35
478.39
469.07
528.59
509.46
508.58
489.71
530.74
498.75
514.42
532.97
481.02
532.12
469.33
509.09
492.52
501.85
466.28
501.68
380.77
372.20
294.43
346.60
214.53
360.01
370.45
408.20
440.20
381.50
451.05
428.31
418.90
441.45
501.92
372.34
408.33
426.20
464.66
456.37
483.80
394.57
439.53
434.30
470.19
419.09
430.05
445.08
433.29
459.39
418.29
464.70
373.83
447.92
377.26
392.56
393.79
415.80
428.60
374.60
326.80
337.62
396.46
397.52
370.45
428.71
341.85
394.52
317.77
412.55
277.82
231.86
