0.191844
0.128265
0.141140
0.132629
0.152376
0.141212
0.188326
0.159978
0.148749
0.164460
0.166221
0.123173
0.108682
0.137818
0.096735
0.133636
0.079251
0.131888
0.104149
0.147740
0.118187
0.140939
0.110253
0.114675
0.126273
0.151218
0.156030
0.131014
0.120807
0.151148
0.095021
0.137591
0.148397
0.117054
0.135707
0.126919
0.143786
0.138777
0.157192
0.144355
0.167147
0.135255
0.150815
0.111566
0.112653
0.118203
0.177752
0.132481
0.119566
0.156406
0.111126
0.142805
0.128653
0.138340
0.158549
0.100324
0.129964
0.152414
0.153865
0.141213
0.136208
0.157583
0.136383
0.155755
0.159344
0.111861
0.138347
0.152183
0.138067
0.140187
0.151483
0.135459
0.159889
0.141124
0.109946
0.131093
0.138381
0.146490
0.155213
0.146625
0.147424
0.169453
0.144512
0.140496
0.133087
0.136607
0.142114
0.154062
0.160249
0.143707
0.134597
0.152454
0.152548
0.155069
0.117455
0.144406
0.157571
0.103934
0.127847
0.151871
0.158113
0.139676
0.137887
0.139107
0.147524
0.131370
0.137634
0.125576
0.148458
0.179934
0.149948
0.166378
0.141461
0.174294
0.152523
0.133887
0.139368
0.163973
0.166393
0.094324
0.117470
0.128636
0.136830
0.148304
0.119094
0.159638
0.161814
0.136498
0.110020
0.159439
0.163837
0.126012
0.155898
0.172553
0.149155
0.122646
0.145704
0.122725
0.131702
0.141733
0.142174
0.156152
0.148431
0.119935
0.119772
0.144837
0.133041
0.142465
0.148906
0.140083
0.115921
0.135108
0.127524
0.132748
0.122015
0.124400
0.111036
0.138018
0.081741
0.128381
0.088539
0.139774
0.157536
0.128383
0.124193
0.125540
0.154170
0.129043
0.145645
0.150034
0.135421
0.108814
0.171686
0.095131
0.122190
0.158231
0.142595
0.141205
0.132309
0.122028
0.146236
0.157881
0.125140
0.128073
0.128511
0.123905
0.139279
0.107462
0.096300
0.145584
0.087597
0.114220
0.103352
0.131848
0.127245
0.117035
0.149622
0.130112
0.126458
0.115416
0.117415
0.122028
0.128025
0.137592
0.160379
0.124871
0.144499
0.116688
0.129321
0.148496
0.115843
0.126929
0.114277
0.152572
0.118364
0.072395
0.080630
0.100829
0.079379
0.075796
0.088877
0.072039
0.072978
0.064471
0.075298
0.065416
0.073368
0.084375
0.072263
0.080354
0.074166
0.073636
0.072426
0.076109
0.070620
0.069932
0.083528
0.075276
0.075404
0.077804
0.077372
0.078383
0.076000
0.074522
0.073039
0.087539
0.150829
0.158839
0.172744
0.149820
0.179886
0.149000
0.167993
0.162599
0.158474
0.156110
0.161289
0.149552
0.198589
0.165664
0.154043
0.154567
0.174274
0.172039
0.174210
0.151162
0.162257
0.160468
0.138438
0.167347
0.160036
0.133788
0.184152
0.169925
0.124993
0.154947
0.148396
0.163474
0.211336
0.179952
0.168407
0.184866
0.166458
0.169051
0.167990
0.148465
0.183064
0.172300
0.174343
0.156973
0.156008
0.167087
0.163703
0.139935
0.162436
0.148993
0.156479
0.174451
0.159151
0.157239
0.167845
0.145410
0.145562
0.142139
0.166240
0.149304
0.158660
0.131922
0.137493
0.145339
0.143986
0.143790
0.133527
0.129569
0.167180
0.163142
0.166330
0.140556
0.177405
0.173154
0.119732
0.160270
0.148817
0.138517
0.149905
0.140247
0.179382
0.137434
0.153284
0.139207
0.129553
0.135557
0.129681
0.141616
0.122492
0.158733
0.134733
0.124286
0.131233
0.153822
0.125004
0.159798
0.137401
0.144191
0.127642
0.123813
0.144078
0.127521
0.156453
0.146359
0.119301
0.127036
0.108429
0.153929
0.163609
0.157096
0.158382
0.160639
0.152874
0.078959
0.070829
0.068004
0.072648
0.079734
0.075505
0.070972
0.094640
0.079189
0.075044
0.067173
0.086670
0.098177
0.082834
0.082034
0.091296
0.081717
0.081784
0.093461
0.084892
0.068944
0.077427
0.086484
0.080628
0.090536
0.151771
0.141950
0.133564
0.136631
0.109873
0.149349
0.138402
0.155613
0.153404
0.127465
0.136658
0.157837
0.130362
0.179448
0.163230
0.133321
0.134666
0.173722
0.138908
0.156602
0.129050
0.155938
0.155342
0.162019
0.155829
0.165077
0.169631
0.142509
0.140614
0.179085
0.128752
0.131621
0.132412
0.183591
0.130203
0.139194
0.152812
0.150449
0.144349
0.145458
0.157649
0.135915
0.124973
0.147583
0.130980
0.156434
0.144678
0.145594
0.145048
0.135108
0.175042
0.155440
0.137418
0.143140
0.141309
0.127097
0.126682
0.150058
0.138181
0.144521
0.116462
0.158308
0.131372
0.128132
0.139949
0.190400
0.188588
0.155029
0.159501
0.148331
0.140080
0.149388
0.165916
0.125515
0.160507
0.135372
0.158484
0.155861
0.119072
0.159132
0.141999
0.114656
0.138901
0.142674
0.131503
0.139456
0.157459
0.163117
0.149348
0.160161
0.154370
0.148339
0.161262
0.149420
0.133730
0.149411
0.178067
0.144749
0.112702
0.138677
0.117255
0.150039
0.164051
0.168926
0.135515
0.101892
0.149849
0.144125
0.127631
0.192280
0.149734
0.150874
0.146713
0.139041
0.144266
0.156568
0.167967
0.125861
0.149764
0.164629
0.133297
0.135783
0.153808
0.146498
0.124981
0.153371
0.131874
0.131799
0.136962
0.142338
0.189779
0.169636
0.114086
0.114471
0.130250
0.149099
0.147517
0.150988
0.145401
0.126407
0.128491
0.151063
0.158782
0.146003
0.149494
0.154007
0.135734
0.124199
0.141196
0.129034
0.137401
0.124293
0.112408
0.159178
0.145734
0.134883
0.129147
0.165029
0.154266
0.134636
0.121810
0.139766
0.110829
0.149333
0.139714
0.135327
0.154854
0.131006
0.139003
0.116072
0.106583
0.136399
0.145994
0.143176
0.119030
0.135603
0.141308
0.147459
0.144002
0.145364
0.143497
0.128426
0.139232
0.147301
0.170348
0.145605
0.162918
0.125315
0.166209
0.165935
0.146713
0.155039
0.140632
0.161258
0.169755
0.199157
0.145280
0.144661
0.169861
0.169599
0.157942
0.150334
0.131053
0.127950
0.142751
0.160367
0.155386
0.145309
0.166264
0.156176
0.158789
0.160957
0.158097
0.164549
0.148387
0.205413
0.204276
0.219317
0.174215
0.191708
0.169759
0.189189
0.163573
0.141768
0.172381
0.158526
0.152650
0.153412
0.163255
0.165453
0.169711
0.160314
0.184868
0.146089
0.132093
0.154272
0.160063
0.154682
0.145808
0.100345
0.101382
0.145431
0.113178
0.089482
0.079476
0.076456
0.084757
0.075702
0.073888
0.071424
0.070197
0.070988
0.081841
0.071741
0.082213
0.071848
0.073471
0.083942
0.087178
0.104858
0.078084
0.075179
0.076991
0.078103
0.077564
0.148316
0.162559
0.128936
0.154587
0.136157
0.127379
0.127998
0.142870
0.175531
0.159276
0.156332
0.154464
0.149256
0.094881
0.138460
0.149365
0.137442
0.129529
0.133044
0.169215
0.182847
0.131326
0.147024
0.141726
0.127123
0.151358
0.110532
0.124290
0.155212
0.142140
0.110456
0.153645
0.116034
0.139305
0.127581
0.117315
0.140777
0.144036
0.108588
0.157192
0.156723
0.175970
0.176734
0.140270
0.104413
0.163428
0.168945
0.139027
0.128191
0.146407
0.116291
0.167280
0.110684
0.103243
0.100848
0.143858
0.140648
0.173618
0.160380
0.162840
0.149245
0.120853
0.122797
0.120206
0.119638
0.155026
0.150151
0.151227
0.117074
0.149132
0.139601
0.115138
0.101662
0.121997
0.101596
0.127782
0.168995
0.163785
0.134047
0.123785
0.106464
0.126918
0.166311
0.148025
0.118242
0.136025
0.137408
0.156465
0.158475
0.117947
0.125306
0.148242
0.092986
0.142758
0.131686
0.122211
0.171424
0.117656
0.141978
0.135233
0.128431
0.138005
0.159277
0.126718
0.133627
0.140110
0.134504
0.132291
0.134370
0.133800
0.141138
0.151400
0.138579
0.130680
0.130764
0.124385
0.128268
0.123996
0.116960
0.129089
0.105772
0.126671
0.121329
0.146062
0.120895
0.131429
0.128334
0.101929
0.129483
0.155443
0.140570
0.127276
0.157959
0.169663
0.129060
0.135838
0.146671
0.134248
0.134170
0.138626
0.146805
0.116256
0.144229
0.139059
0.108404
0.163634
0.161313
0.142368
0.111454
0.149793
0.156881
0.127793
0.135617
0.142935
0.106705
0.134784
0.160295
0.162379
0.142315
0.121508
0.142251
0.143558
0.129323
0.123993
0.151822
0.111210
0.116015
0.119575
0.103616
0.093990
0.129393
0.122777
0.105110
0.101889
0.127368
0.143770
0.134316
0.145706
0.141054
0.117944
0.138440
0.106180
0.136177
0.123246
0.118698
0.144207
0.121448
0.139481
0.148716
0.161368
0.129524
0.157911
0.113096
0.140356
0.200203
0.108367
0.133941
0.115952
0.105744
0.163214
0.165022
0.152585
0.130924
0.129953
0.126851
0.150667
0.147425
0.143593
0.175940
0.114085
0.156899
0.117748
0.101833
0.117957
0.148854
0.130305
0.141563
0.159472
0.128498
0.152194
0.174496
0.132987
0.159832
0.146025
0.168002
0.155445
0.120870
0.157368
0.129965
0.149358
0.111075
0.121433
0.145093
0.143430
0.115049
0.121169
0.161912
0.132051
0.162236
0.161808
0.158429
0.167474
0.169420
0.118997
0.137924
0.123975
0.113314
0.156550
0.124669
0.133328
0.167443
0.156571
0.127274
0.146586
0.151761
0.156929
0.165241
0.120265
0.135830
0.128971
0.131023
0.126041
0.136100
0.150359
0.092042
0.148302
0.152967
0.096009
0.125160
0.138182
0.170343
0.168028
0.131100
0.131484
0.147316
0.137889
0.125162
0.134799
0.106135
0.145532
0.132206
0.159413
0.108941
0.169710
0.141414
0.120861
0.153786
0.131114
0.160544
0.135875
0.111485
0.131931
0.123371
0.132818
0.111282
0.129433
0.150009
0.135895
0.155915
0.113627
0.128836
0.137502
0.142478
0.113599
0.134824
0.150500
0.123039
0.125969
0.155088
0.136235
0.155414
0.116713
0.143399
0.153573
0.186032
0.160372
0.137540
0.151440
0.135344
0.148283
0.151292
0.161698
0.138383
0.123525
0.132948
0.157862
0.150199
0.151638
0.139247
0.116720
0.129960
0.123485
0.142177
0.099198
0.142690
0.159972
0.129048
0.115680
0.156406
0.149393
0.135938
0.126517
0.142934
0.118704
0.140826
0.129350
0.161416
0.143035
0.129225
0.163850
0.146069
0.169828
0.107822
0.149653
0.153896
0.137612
0.140825
0.137308
0.162237
0.130341
0.112437
0.148967
0.127743
0.162663
0.152277
0.157011
0.170521
0.169548
0.161631
0.137338
0.107389
0.169660
0.173882
0.180094
0.145750
0.128656
0.126286
0.132071
0.112256
0.095360
0.136763
0.163904
0.139698
0.131918
0.132642
0.129140
0.114289
0.162718
0.149824
0.112903
0.124809
0.136489
0.161982
0.102269
0.135851
0.154763
0.091071
0.130288
0.123199
0.124350
0.123803
0.114524
0.127835
0.112908
0.144536
0.140455
0.124228
0.109626
0.116889
0.150258
0.136634
0.152737
0.159228
0.126088
0.107074
0.112880
0.105531
0.119119
0.141745
0.136403
0.125468
0.122232
0.112092
0.144224
0.112588
0.122187
0.156493
0.127799
0.152100
0.142532
0.128756
0.134656
0.150030
0.151894
0.175004
0.142875
0.130816
0.136176
0.138778
0.135464
0.151862
0.142864
0.140478
0.106234
0.122397
0.133490
0.112687
0.153169
0.154720
0.094889
0.175977
0.121249
0.143331
0.136537
0.129931
0.109888
0.150122
0.153448
0.145696
0.083652
0.118996
0.159579
0.143893
0.116107
0.165031
0.133766
0.156902
0.168864
0.102728
0.162851
0.131809
0.163058
0.124281
0.149684
0.127518
0.146751
0.136975
0.136291
0.112802
0.135158
0.140401
0.115000
0.149833
0.175968
0.144214
0.158322
0.126566
0.144066
0.118359
0.131407
0.136177
0.155895
0.156889
0.148126
0.134253
0.127601
0.137898
0.113425
0.134292
0.141269
0.165691
0.128056
0.116479
0.114833
0.116473
0.131546
0.133489
0.128107
0.148523
0.131111
0.129495
0.142363
0.148959
0.150516
0.155241
0.096232
0.127016
0.144917
0.120001
0.164984
0.164380
0.159265
0.183120
0.160991
0.148410
0.149192
0.117491
0.118228
0.111853
0.127954
0.140647
0.158798
0.102693
0.135697
0.148778
0.087701
0.146579
0.148680
0.152963
0.136024
0.117993
0.161973
0.155261
0.118809
0.116509
0.140439
0.161377
0.113942
0.172776
0.168589
0.116705
0.164172
0.199099
0.176851
0.141944
0.129417
0.129237
0.155622
0.098443
0.152279
0.126628
0.109837
0.154864
0.111292
0.148490
0.115286
0.137310
0.125895
0.152902
0.119692
0.133008
0.135321
0.159898
0.142095
0.114904
0.130715
0.154320
0.157784
0.159834
0.142107
0.167076
0.161872
0.132716
0.126070
0.163720
0.160151
0.100781
0.150882
0.124000
0.116287
0.126634
0.129901
0.124756
0.164604
0.168765
0.119267
0.163897
0.156071
0.127199
0.125796
0.115916
0.125608
0.102486
0.143986
0.134948
0.132203
0.116252
0.105902
0.142536
0.148572
0.157832
0.167777
0.116333
0.109960
0.130138
0.111964
0.097540
0.160772
0.166959
0.095739
0.129135
0.143414
0.136007
0.150593
0.088187
0.155175
0.124247
0.132487
0.137164
0.155185
0.140879
0.154661
0.148324
0.123455
0.128931
0.154720
0.146880
0.140361
0.125857
0.144969
0.149522
0.142997
0.169109
0.100627
0.121306
0.116997
0.120469
0.114444
0.125155
0.136298
0.138398
0.122351
0.124822
0.133755
0.132420
0.122727
0.155157
0.129405
0.146018
0.117780
0.133376
0.134109
0.121253
0.129011
0.122174
0.139493
0.144019
0.144752
0.142278
0.157427
0.126299
0.111501
0.120545
0.152741
0.151765
0.136904
0.143107
0.128284
0.156004
0.136643
0.131210
0.128269
0.115352
0.150463
0.136635
0.125120
0.122489
0.124311
0.126434
0.148552
0.122586
0.156800
0.151531
0.116542
0.112979
0.128467
0.120816
0.115778
0.134559
0.146421
0.154420
0.110198
0.134094
0.124262
0.141270
0.128787
0.130537
0.145517
0.139403
0.157001
0.093496
0.113814
0.128504
0.124185
0.129758
0.132399
0.130041
0.134591
0.137797
0.139007
0.139089
0.121780
0.126092
0.139770
0.144309
0.141191
0.136033
0.165710
0.129248
0.142712
0.136462
0.133552
0.118156
0.140993
0.148598
0.169626
0.159556
0.131593
0.145715
0.097358
0.114289
0.105221
0.145334
0.109641
0.155881
0.150489
0.148626
0.133573
0.136331
0.147115
0.137288
0.113322
0.142676
0.143052
0.138712
0.148748
0.115775
0.118008
0.143085
0.121783
0.130465
0.097694
0.115959
0.132454
0.126019
0.135253
0.132239
0.139993
0.108827
0.143207
0.133178
0.121925
0.129837
0.153408
0.130532
0.116840
0.105329
0.140669
0.118095
0.113116
0.138353
0.136796
0.118719
0.123706
0.114103
0.134335
0.138428
0.151393
0.142955
0.144938
0.133306
0.136283
0.140812
0.114217
0.122557
0.131958
0.108913
0.113550
0.112217
0.087524
0.130548
0.126118
0.136545
0.128817
0.100983
0.136255
0.151177
0.132337
0.140532
0.134840
0.129567
0.131765
0.128097
0.105514
0.130667
0.126645
0.109675
0.090533
0.109540
0.146126
0.128026
0.137156
0.134729
0.103070
0.127289
0.098130
0.137684
0.130539
0.111612
0.134471
0.137331
0.113371
0.117467
0.147546
0.112521
0.148071
0.138057
0.125854
0.131633
0.128676
0.126548
0.129001
0.125947
0.143614
0.123220
0.109238
0.126264
0.105152
0.121171
0.113704
0.143876
0.145711
0.098575
0.089053
0.117018
0.100234
0.151696
0.118368
0.161881
0.115750
0.131261
0.130924
0.120008
0.142058
0.140100
0.111992
0.122097
0.155249
0.130813
0.138319
0.132519
0.141851
0.131840
0.160382
0.139802
0.112275
0.124439
0.112560
0.132956
0.126029
0.136164
0.146738
0.123414
0.117576
0.120211
0.112950
0.136965
0.125576
0.137523
0.109383
0.136600
0.135526
0.140669
0.139563
0.119924
0.118277
0.139756
0.144125
0.136182
0.108361
0.125748
0.130755
0.134907
0.141627
0.131491
0.146554
0.119300
0.111162
0.137456
0.119101
0.117749
0.131222
0.122233
0.130265
0.135115
0.152088
0.168136
0.153500
0.143553
0.138533
0.128451
0.112646
0.150955
0.090927
0.177751
0.146414
0.123375
0.138133
0.144311
0.146696
0.115166
0.100040
0.084293
0.086406
0.116898
0.145663
0.114560
0.122137
0.121092
0.135274
0.145862
0.128745
0.122903
0.115831
0.107634
0.112474
0.136337
0.119344
0.138190
0.133947
0.154223
0.129025
0.125453
0.145711
0.116131
0.121800
0.163161
0.139822
0.123898
0.138984
0.120484
0.123510
0.152953
0.143149
0.109031
0.148253
0.129886
0.130769
0.134077
0.142273
0.111851
0.110250
0.133123
0.130246
0.118983
0.121858
0.132550
0.109090
0.129789
0.108183
0.168080
0.128236
0.120591
0.128119
0.123719
0.115213
0.167278
0.127498
0.111626
0.148005
0.119360
0.145022
0.145744
0.155212
0.125486
0.125021
0.129161
0.133184
0.114377
0.155618
0.132326
0.126055
0.118021
0.134628
0.128639
0.135063
0.138813
0.138071
0.139686
0.146759
0.110655
0.122950
0.127064
0.140265
0.123689
0.120688
0.097254
0.115214
0.105405
0.127935
0.143052
0.134083
0.135578
0.112710
0.146793
0.112417
0.133331
0.112388
0.117426
0.121303
0.138777
0.126755
0.143021
0.129230
0.135667
0.128764
0.132824
0.130606
0.127017
0.123270
0.127657
0.149783
0.135925
0.121189
0.128258
0.117229
0.199748
0.178527
0.144365
0.133754
0.116849
0.155600
0.119871
0.139555
0.124277
0.113789
0.113259
0.116949
0.128758
0.122731
0.144754
0.176199
0.141071
0.120460
0.124239
0.125000
0.125102
0.122839
0.116372
0.149156
0.116329
0.142233
0.100300
0.127534
0.140873
0.143763
0.167569
0.127215
0.123021
0.138716
0.130009
0.127061
0.116940
0.137515
0.128355
0.165903
0.113400
0.134896
0.114513
0.148482
0.117353
0.105605
0.119437
0.121723
0.100811
0.109887
0.139004
0.150475
0.120161
0.139735
0.133266
0.145028
0.168747
0.147704
0.169785
0.145642
0.163329
0.128390
0.166481
0.115158
0.132996
0.183992
0.123038
0.114547
0.135643
0.111869
0.117942
0.114270
0.146475
0.141136
0.113344
0.117015
0.106520
0.125988
0.118297
0.130105
0.112477
0.161968
0.141043
0.124178
0.161145
0.115388
0.124007
0.141316
0.127613
0.127530
0.143468
0.120340
0.126774
0.106660
0.124810
0.115994
0.113782
0.126384
0.110268
0.117113
0.112746
0.137305
0.130288
0.141408
0.141753
0.162608
0.142226
0.137893
0.171187
0.120695
0.140828
0.114537
0.116500
0.113171
0.150448
0.139638
0.119788
0.127063
0.134878
0.175106
0.156303
0.153833
0.142370
0.119711
0.111218
0.118497
0.112746
0.135806
0.127901
0.151454
0.119276
0.139161
0.123068
0.119209
0.128555
0.163710
0.157546
0.143330
0.132520
0.134122
0.113031
0.106989
0.091471
0.106578
0.102700
0.133305
0.119016
0.125834
0.123535
0.124560
0.124242
0.158768
0.120212
0.112303
0.156358
0.138911
0.142916
0.177755
0.149442
0.164537
0.135615
0.145648
0.175586
0.121372
0.115509
0.168920
0.143828
0.113692
0.106817
0.128948
0.140391
0.140290
0.150970
0.160794
0.147102
0.143426
0.132902
0.122909
0.146138
0.122947
0.158216
0.146687
0.132472
0.129229
0.132167
0.130771
0.132279
0.106401
0.118846
0.131220
0.120351
0.106629
0.099417
0.128634
0.151025
0.133900
0.137683
0.138463
0.149304
0.145675
0.151454
0.133583
0.135784
0.115262
0.139537
0.154470
0.135166
0.141302
0.147421
0.123415
0.151495
0.134885
0.129600
0.088312
0.139992
0.098192
0.127974
0.160407
0.105004
0.100383
0.154098
0.100190
0.155877
0.121427
0.097144
0.121935
0.124786
0.137604
0.163338
0.147147
0.136994
0.141272
0.123219
0.148492
0.143003
0.101447
0.133343
0.137851
0.139650
0.160683
0.135640
0.136168
0.171990
0.123419
0.150850
0.127715
0.145051
0.127331
0.113140
0.138860
0.151857
0.106190
0.142355
0.150887
0.141395
0.149680
0.148197
0.155893
0.131684
0.113566
0.122622
0.159605
0.128518
0.145511
0.113815
0.128126
0.141126
0.147696
0.115029
0.155100
0.136049
0.133433
0.146024
0.133530
0.100371
0.137224
0.146712
0.142559
0.117672
0.124394
0.135361
0.140526
0.140586
0.147513
0.101360
0.113188
0.133601
0.143731
0.110022
0.131634
0.138546
0.131990
0.123323
0.148038
0.147945
0.135752
0.128102
0.132711
0.118743
0.150281
0.132671
0.110472
0.149525
0.109481
0.138202
0.148391
0.164447
0.143405
0.130379
0.117075
0.111633
0.141603
0.132051
0.133337
0.123459
0.135759
0.138523
0.124849
0.126449
0.136751
0.106298
0.134400
0.122521
0.155551
0.153384
0.153086
0.137508
0.122344
0.151752
0.149587
0.123153
0.152399
0.131746
0.132753
0.151367
0.149806
0.124861
0.128645
0.149487
0.128510
0.131835
0.132193
0.146740
0.112054
0.144404
0.163288
0.139035
0.103055
0.158383
0.142425
0.124919
0.150425
0.138938
0.130188
0.129163
0.179993
0.155331
0.161454
0.129158
0.135352
0.168628
0.155341
0.139221
0.164947
0.126246
0.155446
0.141477
0.150283
0.145518
0.113053
0.126958
0.126751
0.139544
0.143743
0.128820
0.148298
0.133048
0.114512
0.153161
0.130889
0.107152
0.157206
0.109729
0.147151
0.123822
0.120570
0.107957
0.105664
0.121373
0.105372
0.148109
0.140194
0.154658
0.156366
0.147613
0.118031
0.110581
0.139542
0.155377
0.162669
0.138544
0.137495
0.091078
0.101316
0.116798
0.126173
0.160272
0.147055
0.145156
0.139410
0.147070
0.108150
0.104789
0.112035
0.106394
0.112338
0.106798
0.115490
0.112267
0.144446
0.114799
0.119033
0.125818
0.123487
0.157743
0.170630
0.158994
0.125610
0.122498
0.139045
0.175894
0.186875
0.132781
0.165011
0.146287
0.188186
0.159784
0.166484
0.106947
0.164749
0.145232
0.109309
0.142066
0.142049
0.109928
0.132639
0.112024
0.095326
0.120176
0.108987
0.135949
0.148302
0.120270
0.126871
0.136825
0.118378
0.140674
0.135453
0.140233
0.143868
0.160830
0.159939
0.154405
0.155099
0.146652
0.135315
0.133046
0.162965
0.146392
0.154246
0.150823
0.132171
0.168431
0.101433
0.151319
0.104969
0.152679
0.140520
0.162862
0.081094
0.106815
0.123038
0.140952
0.155719
0.122991
0.129065
0.165224
0.149723
0.154547
0.148012
0.127429
0.119550
0.164787
0.103680
0.128924
0.128515
0.120210
0.130062
0.141158
0.136152
0.097899
0.125342
0.142993
0.137182
0.112923
0.123227
0.118719
0.109931
0.101965
0.130643
0.142468
0.125583
0.111943
0.134155
0.139052
0.151450
0.160034
0.131273
0.139257
0.091873
0.100630
0.125953
0.118564
0.130528
0.121593
0.128036
0.114619
0.093004
0.133947
0.149979
0.120012
0.129685
0.150083
0.145125
0.135404
0.132152
0.130451
0.130532
0.147062
0.177619
0.116792
0.116372
0.168454
0.120406
0.140396
0.113839
0.137927
0.144548
0.141571
0.166379
0.181507
0.140396
0.153602
0.131006
0.140248
0.109878
0.129265
0.120548
0.117409
0.132101
0.142829
0.113502
0.139311
0.167721
0.158413
0.125944
0.135235
0.126095
0.130674
0.120488
0.114497
0.148030
0.135503
0.123540
0.107134
0.112733
0.103383
0.090931
0.102969
0.117189
0.135030
0.104306
0.134276
0.115559
0.106660
0.134670
0.140438
0.123502
0.110432
0.125281
0.133374
0.114507
0.125420
0.142693
0.129869
0.154490
0.154803
0.136251
0.121350
0.085425
0.153633
0.118996
0.129302
0.113984
0.146796
0.132348
0.096763
0.120454
0.119281
0.115801
0.112180
0.119471
0.093582
0.132284
0.134006
0.145966
0.174152
0.152211
0.133255
0.130387
0.109368
0.138512
0.136418
0.133030
0.108234
0.136836
0.098524
0.078081
0.123871
0.118652
0.124258
0.141870
0.119908
0.115012
0.127807
0.104591
0.113992
0.152729
0.117434
0.110739
0.121867
0.110579
0.153185
0.145322
0.146019
0.123102
0.132834
0.105430
0.120840
0.117766
0.108636
0.137252
0.109884
0.138652
0.117581
0.129600
0.133406
0.125334
0.155880
0.127118
0.118733
0.142229
0.118182
0.143498
0.133693
0.123122
0.115801
0.133869
0.109417
0.114308
0.122924
0.122761
0.143239
0.142591
0.167160
0.147377
0.137482
0.169411
0.120612
0.142479
0.133909
0.145809
0.136131
0.123562
0.122190
0.118438
0.128647
0.122842
0.130740
0.129013
0.116622
0.122698
0.122942
0.143781
0.126436
0.153721
0.130482
0.115659
0.118330
0.165678
0.144739
0.117359
0.131207
0.130489
0.103320
0.124665
0.137588
0.149598
0.152939
0.142344
0.119252
0.135630
0.127812
0.116333
0.118058
0.130568
0.114004
0.122089
0.121432
0.157000
0.161266
0.145637
0.124120
0.117243
0.119518
0.135360
0.092077
0.124995
0.113773
0.102901
0.128370
0.120635
0.107515
0.094938
0.104461
0.125616
0.124555
0.148229
0.108579
0.091808
0.180237
0.141339
0.083274
0.103080
0.153091
0.153659
0.135668
0.167276
0.161361
0.119185
0.115953
0.155830
0.123379
0.125441
0.163786
0.120301
0.121141
0.110408
0.142250
0.120467
0.116477
0.127281
0.127731
0.141705
0.134901
0.138323
0.113995
0.137506
0.145930
0.132610
0.151765
0.172212
0.124823
0.145449
0.148471
0.114047
0.135566
0.135496
0.135364
0.107833
0.152537
0.114770
0.150671
0.142002
0.121335
0.122791
0.137778
0.132671
0.097033
0.131484
0.167692
0.147512
0.128008
0.114306
0.123117
0.109435
0.107565
0.112619
0.118473
0.128924
0.126502
0.140625
0.159069
0.121112
0.119612
0.117176
0.146754
0.149513
0.134511
0.104080
0.125219
0.112901
0.129937
0.113552
0.114810
0.098041
0.109020
0.106730
0.112750
0.123359
0.129115
0.128500
0.125355
0.099963
0.128627
0.117113
0.138552
0.120792
0.133972
0.136012
0.138842
0.121915
0.127698
0.116675
0.104898
0.123857
0.122655
0.134743
0.104383
0.107607
0.098229
0.138027
0.141475
0.162574
0.108569
0.125314
0.124820
0.113556
0.123338
0.081496
0.129400
0.144970
0.107349
0.130778
0.133713
0.127359
0.138237
0.145321
0.129581
0.111514
0.127018
0.139454
0.152991
0.150350
0.139383
0.133109
0.151206
0.088451
0.122825
0.117343
0.129720
0.118783
0.105606
0.145032
0.141114
0.156080
0.128439
0.136597
0.127425
0.126817
0.135554
0.116593
0.140693
0.104938
0.130610
0.124194
0.133842
0.127728
0.133290
0.119080
0.144801
0.140240
0.129337
0.134702
0.126085
0.117949
0.137666
0.142334
0.122877
0.121823
0.133582
0.099371
0.116015
0.118101
0.117978
0.141735
0.131907
0.139986
0.162565
0.122882
0.137784
0.144483
0.130030
0.130439
0.137996
0.134926
0.131987
0.148464
0.133189
0.128013
0.133559
0.117328
0.122756
0.123692
0.147033
0.122522
0.135592
0.136747
0.144322
0.109513
0.122541
0.102493
0.124439
0.129276
0.128872
0.101530
0.150199
0.107527
0.126786
0.662445
0.112972
0.134636
0.127855
0.137312
0.126153
0.108063
0.133888
0.117939
0.113606
0.142560
0.114878
0.140713
0.156646
0.114997
0.116886
0.107003
0.135163
0.158867
0.119834
0.103446
0.157817
0.128109
0.138966
0.158366
0.161709
0.127215
0.147051
0.129361
0.107502
0.120793
0.110966
0.116742
0.122488
0.105492
0.120733
0.159837
0.163532
0.137792
0.137072
0.142475
0.123670
0.113883
0.118827
0.126457
0.107425
0.101100
0.133880
0.136415
0.140308
0.108362
0.194292
0.152459
0.130251
0.141373
0.124916
0.114168
0.154696
0.104493
0.162201
0.139800
0.158455
0.118100
0.110073
0.103930
0.120822
0.122528
0.143147
0.160259
0.127943
0.117039
0.137347
0.122341
0.110096
0.120883
0.107516
0.120568
0.123791
0.110582
0.094008
0.123098
0.098612
0.129443
0.155757
0.126404
0.117797
0.134077
0.135946
0.143650
0.135158
0.122417
0.156903
0.114955
0.124506
0.131966
0.132126
0.142716
0.109845
0.156571
0.161313
0.154794
0.138423
0.108731
0.109663
0.140422
0.143469
0.128142
0.133710
0.109152
0.142398
0.133929
0.104733
0.115463
0.142941
0.120901
0.128343
0.131385
0.137438
0.130664
0.127798
0.120014
0.166334
0.110545
0.124650
0.096314
0.114790
0.123018
0.121419
0.148759
0.141075
0.133811
0.128880
0.153919
0.113981
0.123030
0.125128
0.121696
0.122740
0.122270
0.123987
0.140968
0.110497
0.101089
0.119090
0.151923
0.134645
0.124978
0.139582
0.117269
0.133163
0.142952
0.128078
0.119398
0.124276
0.127430
0.127436
0.137036
0.131186
0.111217
0.131868
0.134481
0.140016
0.138442
0.144077
0.104295
0.107087
0.127872
0.138110
0.106841
0.139247
0.118534
0.173728
0.162541
0.151973
0.202431
0.197158
0.128942
0.135376
0.147239
0.149656
0.133327
0.137087
0.137269
0.109294
0.126867
0.109707
0.125647
0.141891
0.105733
0.117959
0.140461
0.142658
0.129120
0.142165
0.140859
0.136320
0.133965
0.149059
0.145310
0.143334
0.145658
0.151642
0.127566
0.187195
0.133348
0.117281
0.118691
0.143373
0.161450
0.162577
0.129286
0.149074
0.158632
0.161464
0.132261
0.115518
0.139403
0.110751
0.167472
0.143240
0.135842
0.130628
0.105894
0.130430
0.132725
0.139273
0.137984
0.126338
0.130222
0.172994
0.125604
0.146560
0.143417
0.155295
0.158099
0.137822
0.162142
0.140722
0.136621
0.131138
0.143440
0.122496
0.145474
0.134232
0.137428
0.131949
0.139197
0.167899
0.161119
0.138031
0.113170
0.157415
0.125581
0.158926
0.160093
0.169425
0.156830
0.141435
0.134483
0.126526
0.144846
0.150130
0.135992
0.134697
0.110439
0.124993
0.132239
0.139473
0.120925
0.149244
0.115734
0.112790
0.128628
0.145413
0.139449
0.150957
0.133056
0.121228
0.107690
0.111745
0.095961
0.128219
0.124485
0.132801
0.155619
0.154153
0.134184
0.132324
0.145169
0.134856
0.132229
0.168047
0.135554
0.125483
0.098327
0.144343
0.108856
0.143540
0.166422
0.106076
0.135960
0.134111
0.129917
0.133770
0.156222
0.132919
0.153656
0.125157
0.163054
0.140735
0.152360
0.147545
0.141096
0.142941
0.157506
0.150528
0.125582
0.138481
0.138500
0.126852
0.166586
0.120759
0.140264
0.129853
0.120280
0.118553
0.131114
0.150039
0.162435
0.178172
0.126779
0.157461
0.136853
0.158652
0.146619
