0.223873
0.149117
0.106403
0.121416
0.149669
0.168507
0.134075
0.158618
0.161097
0.152093
0.144892
0.133564
0.130013
0.123281
0.137629
0.161145
0.125627
0.120274
0.123005
0.130497
0.120211
0.140643
0.109249
0.092989
0.086853
0.122175
0.145851
0.146350
0.131131
0.101476
0.103555
0.149212
0.140853
0.151824
0.137139
0.116801
0.132737
0.109872
0.120606
0.112916
0.118381
0.126907
0.125610
0.117487
0.127477
0.123478
0.119255
0.131509
0.145690
0.124739
0.119344
0.125838
0.162664
0.157885
0.132621
0.161606
0.116489
0.150083
0.089817
0.124814
0.109070
0.113466
0.131570
0.131903
0.123454
0.110596
0.141458
0.118267
0.134012
0.139070
0.121498
0.137293
0.132613
0.116525
0.131158
0.121241
0.139639
0.133130
0.115188
0.147746
0.109636
0.090599
0.145740
0.152599
0.138790
0.119955
0.155734
0.164794
0.130092
0.112445
0.133121
0.137682
0.134465
0.105657
0.137217
0.129603
0.115671
0.165230
0.147642
0.128503
0.132908
0.115533
0.108229
0.112319
0.115318
0.124840
0.134547
0.086685
0.139529
0.097364
0.124029
0.134820
0.095396
0.103960
0.119181
0.133813
0.159567
0.142869
0.152033
0.141588
0.127377
0.125724
0.144758
0.141897
0.131856
0.121076
0.122546
0.135051
0.123183
0.126093
0.146493
0.149336
0.124379
0.156627
0.155318
0.165710
0.162410
0.134536
0.156095
0.151296
0.147865
0.129030
0.103912
0.124105
0.141340
0.120498
0.119382
0.132941
0.127730
0.127087
0.124524
0.102342
0.145774
0.146583
0.138902
0.166118
0.117978
0.132280
0.158737
0.144164
0.130218
0.136375
0.134800
0.153976
0.144256
0.142336
0.174829
0.172395
0.144251
0.148594
0.100729
0.145887
0.149276
0.134767
0.124840
0.137115
0.152457
0.132061
0.144095
0.116936
0.123517
0.141234
0.122633
0.126373
0.136622
0.154288
0.114512
0.123974
0.124259
0.149517
0.136949
0.141650
0.147246
0.155531
0.137146
0.155827
0.144423
0.169039
0.101488
0.129505
0.119303
0.127628
0.092918
0.141826
0.130023
0.119267
0.121427
0.109897
0.141388
0.132970
0.138101
0.127462
0.121619
0.133213
0.126367
0.129015
0.128890
0.131226
0.119435
0.142374
0.157550
0.150153
0.126637
0.123363
0.128505
0.185737
0.137876
0.166319
0.136972
0.132791
0.129313
0.149046
0.145971
0.143864
0.128865
0.133234
0.155937
0.158578
0.127960
0.113770
0.129159
0.127245
0.128374
0.195049
0.168392
0.136037
0.146191
0.149381
0.121081
0.154958
0.195486
0.141040
0.138299
0.103883
0.139688
0.151925
0.164897
0.145936
0.194957
0.151441
0.099305
0.111695
-0.303648
0.121132
0.130596
0.132085
0.151181
0.080961
0.118875
0.102169
0.115106
0.102443
0.135053
0.135328
0.105629
0.121558
0.154410
0.150049
0.158520
0.102249
0.128845
0.127309
0.123616
0.159212
0.123127
0.114844
0.123043
0.115515
0.114439
0.101920
0.117304
0.116357
0.137926
0.124354
0.127896
0.129864
0.132553
0.136523
0.119118
0.137341
0.121650
0.125785
0.120045
0.117880
0.120237
0.126331
0.159167
0.112408
0.133662
0.126863
0.155364
0.133402
0.149081
0.121785
0.144194
0.124924
0.100112
0.097479
0.109807
0.101676
0.112789
0.093190
0.127463
0.152689
0.166909
0.136483
0.096200
0.116119
0.125477
0.133328
0.113358
0.121496
0.118384
0.104662
0.120435
0.120520
0.096643
0.097662
0.116579
0.150356
0.128957
0.115089
0.118942
0.115474
0.147793
0.116048
0.153542
0.102184
0.103082
0.092338
0.116754
0.115529
0.115872
0.095433
0.123595
0.103361
0.138822
0.130395
0.153861
0.132490
0.103951
0.115537
0.147298
0.120850
0.138302
0.120944
0.129393
0.092498
0.113412
0.116183
0.119696
0.139019
0.133368
0.148464
0.120659
0.142300
0.133766
0.111986
0.157089
0.177859
0.161148
0.135062
0.136510
0.124955
0.115267
0.135984
0.112820
0.107822
0.100121
0.118404
0.127313
0.130410
0.131199
0.119982
0.144110
0.124135
0.121125
0.129690
0.123019
0.123950
0.122683
0.141680
0.114745
0.107324
0.110546
0.127653
0.110497
0.127349
0.116683
0.106021
0.108855
0.095096
0.110948
0.116172
0.135229
0.103452
0.094676
0.107343
0.093405
0.130312
0.145575
0.112187
0.116553
0.139379
0.149587
0.156541
0.117864
0.119265
0.135620
0.151922
0.109070
0.162471
0.117775
0.141956
0.142929
0.130158
0.145557
0.134291
0.140445
0.130434
0.118629
0.155904
0.123721
0.109958
0.122597
0.120901
0.121178
0.123209
0.156429
0.132019
0.123432
0.125538
0.101304
0.118292
0.118867
0.114186
0.143371
0.136642
0.133667
0.130043
0.141677
0.107605
0.135743
0.140211
0.139665
0.172246
0.148443
0.102771
0.155817
0.135115
0.149414
0.133967
0.137682
0.130209
0.101936
0.105916
0.100487
0.127116
0.109720
0.123631
0.121115
0.134541
0.092278
0.096176
0.100258
0.100704
0.131915
0.115442
0.115096
0.148888
0.129031
0.147957
0.127224
0.149645
0.115522
0.124705
0.132620
0.130571
0.140801
0.133143
0.160094
0.140633
0.159420
0.139641
0.158689
0.159709
0.153828
0.127774
0.142867
0.131322
0.157800
0.144179
0.115701
0.126010
0.142466
0.144805
0.129762
0.129239
0.141266
0.130928
0.135353
0.117305
0.123848
0.146344
0.127899
0.136577
0.146838
0.119863
0.114265
0.109524
0.143737
0.118687
0.164871
0.132103
0.105788
0.139972
0.176472
0.121886
0.114883
0.120167
0.113554
0.118572
0.121269
0.133464
0.110166
0.136930
0.157548
0.130183
0.119969
0.114605
0.126991
0.146945
0.127933
0.127979
0.156158
0.109853
0.142745
0.134917
0.152200
0.112882
0.155336
0.141287
0.142651
