0.239305
0.164082
0.134424
0.131028
0.134373
0.098981
0.105818
0.138828
0.111278
0.149101
0.124828
0.095551
0.159453
0.121888
0.126020
0.151458
0.124447
0.141958
0.104304
0.107364
0.109074
0.122038
0.123186
0.135048
0.165183
0.126559
0.142037
0.159330
0.150112
0.188315
0.209806
0.159023
0.196328
0.137818
0.119528
0.129131
0.123791
0.143912
0.108839
0.119992
0.128891
0.126142
0.128514
0.108593
0.102548
0.136261
0.087314
0.130599
0.124084
0.128380
0.103099
0.148468
0.126736
0.114693
0.138956
0.116480
0.119675
0.105254
0.117588
0.113811
0.116773
0.137407
0.117425
0.135048
0.113263
0.137760
0.130881
0.131160
0.146437
0.133318
0.141899
0.162224
0.146814
0.157149
0.153207
0.133354
0.107850
0.161715
0.122647
0.114995
0.135076
0.129830
0.117638
0.101084
0.117674
0.099643
0.101962
0.123940
0.122954
0.144937
0.162003
0.105620
0.121396
0.101519
0.105108
0.129163
0.152573
0.167444
0.145911
0.111460
0.157776
0.102553
0.128483
0.104472
0.144390
0.126660
0.131694
0.117701
0.105033
0.125699
0.088840
0.084912
0.128575
0.118717
0.117656
0.096581
0.116840
0.122938
0.126329
0.141007
0.101457
0.124303
0.131949
0.112079
0.120432
0.131182
0.134866
0.132168
0.109410
0.129143
0.154469
0.134808
0.122306
0.131424
0.111887
0.125574
0.123027
0.110735
0.105380
0.110285
0.138609
0.122389
0.143322
0.132962
0.115481
0.132213
0.152002
0.129538
0.155365
0.131767
0.122187
0.120139
0.133761
0.128684
0.131694
0.149237
0.144197
0.145622
0.158159
0.131504
0.127020
0.142149
0.139911
0.126613
0.118773
0.158822
0.142806
0.127865
0.128863
0.170890
0.154205
0.148448
0.136024
0.119950
0.152920
0.147385
0.170961
0.120025
0.145516
0.116917
0.131932
0.117964
0.120461
0.097253
0.117257
0.110082
0.111606
0.132644
0.125818
0.184954
0.119423
0.113888
0.122757
0.132800
0.150787
0.158414
0.113300
0.164557
0.156136
0.152760
0.128353
0.162095
0.157937
0.112083
0.106241
0.129481
0.120100
0.117990
0.107077
0.111028
0.133553
0.110326
0.134369
0.122773
0.116880
0.124618
0.122616
0.123308
0.108367
0.124787
0.155695
0.114910
0.115667
0.132992
0.142752
0.111251
0.135883
0.140659
0.135453
0.126889
0.144332
0.120606
0.137087
0.119608
0.127192
0.166861
0.158641
0.139588
0.109545
0.115267
0.101256
0.104676
0.104456
0.143346
0.107700
0.109539
0.073299
0.126872
0.108931
0.123485
0.094034
0.130038
0.140213
0.138207
0.122508
0.121730
0.106395
0.116995
0.122714
0.137400
0.140258
0.149014
0.119980
0.108198
0.120207
0.108391
0.108857
0.125494
0.097323
0.102005
0.119803
0.101196
0.109454
0.122089
0.123994
0.088286
0.110487
0.127505
0.125027
0.131887
0.109316
0.099670
0.109986
0.113287
0.100762
0.131877
0.105770
0.135550
0.129211
0.112657
0.134907
0.107686
0.121082
0.139418
0.116433
0.134239
0.121502
0.141961
0.103781
0.129470
0.128871
0.129614
0.138180
0.122246
0.128928
0.125116
0.104849
0.114072
0.112954
0.129954
0.124395
0.141462
0.141481
0.134420
0.130583
0.169341
0.108374
0.128602
0.155844
0.136842
0.154434
0.118965
0.153696
0.150639
0.163832
0.127496
0.125756
0.152185
0.163458
0.142306
0.157592
0.155908
0.138297
0.130600
0.139678
0.146105
0.160922
0.149880
0.180430
0.167764
0.151401
0.154044
0.132419
0.149179
0.128416
0.147599
0.135158
0.145529
0.140401
0.160916
0.141470
0.134927
0.146557
0.139205
0.112159
0.147674
0.123048
0.172132
0.130785
0.160579
0.138553
0.144426
0.157355
0.108679
0.119035
0.100073
0.126331
0.095864
0.129395
0.120423
0.139178
0.127521
0.164968
0.140816
0.124480
0.136255
0.111588
0.123247
0.120690
0.156651
0.140012
0.144950
0.155104
0.147270
0.121823
0.146102
0.163673
0.126952
0.146011
0.173629
0.145240
0.126477
0.113354
0.136351
0.126085
0.135247
0.121069
0.102832
0.103383
0.100662
0.130719
0.149900
0.125118
0.133849
0.135309
0.129100
0.131053
0.131341
0.136514
0.146387
0.095564
0.121848
0.110646
0.117557
0.122883
0.093389
0.119178
0.131136
0.119098
0.115060
0.101626
0.111477
0.135067
0.157762
0.151226
0.125393
0.180941
0.128514
0.162481
0.157713
0.150042
0.122262
0.121637
0.145436
0.118180
0.141062
0.132463
0.139774
0.105549
0.133621
0.118772
0.094625
0.111409
0.124468
0.097363
0.108752
0.126462
0.136426
0.160249
0.160572
0.118116
0.128041
0.111522
0.134631
0.106393
0.135631
0.165180
0.168146
0.124235
0.132407
0.170159
0.118005
0.123405
0.145368
0.119728
0.156303
0.130755
0.091401
0.127248
0.126849
0.115835
0.123730
0.128674
0.111512
0.114366
0.096592
0.121753
0.111561
0.127927
0.117042
0.127482
0.119382
0.120347
0.110899
0.101611
0.114825
0.099885
0.123989
0.126055
0.109836
0.114518
0.113044
0.126195
0.116695
0.116835
0.106764
0.126414
0.113062
0.116825
0.100578
0.132822
0.120070
0.113918
0.119795
0.104256
0.119583
0.093311
0.150989
0.121308
0.132700
0.130387
0.110804
0.146078
0.113349
0.111328
0.100068
0.099898
0.123770
0.142705
0.148909
0.107795
0.126700
0.106096
0.132263
0.114642
0.115598
0.127534
0.121990
0.103807
0.095038
0.111506
0.137619
0.148153
0.147123
0.141912
0.165846
0.135550
0.137280
0.154099
0.132727
0.120959
0.122766
0.149021
0.122085
0.118613
0.146672
0.118438
0.124247
0.112909
0.133497
0.120949
0.114493
0.100484
0.118393
0.097408
0.116106
0.122114
0.134497
0.111375
0.123545
0.148976
0.103497
0.146242
0.118965
0.119777
0.126056
0.108204
0.104707
0.103151
0.126665
0.139108
0.144121
0.121771
0.180445
0.141274
0.148859
0.112428
0.123526
0.118991
0.115609
0.106901
0.131052
0.099933
0.129361
0.103337
0.129887
0.127283
0.126231
0.124600
0.108101
0.124928
0.144764
0.132030
0.123385
0.128160
0.147227
0.125551
0.167331
0.145240
0.125451
0.125350
0.126954
0.124631
0.125927
0.113621
0.120177
0.122712
0.116396
0.107798
0.128829
0.118713
0.146878
0.110655
0.122316
0.143014
0.125950
0.132875
0.138196
0.135262
0.144867
0.141549
0.134856
0.126263
0.124732
