0.00
562.72
566.15
566.05
568.93
569.19
566.61
562.13
565.67
571.57
568.60
568.13
569.67
567.21
567.10
565.99
565.97
565.16
563.55
565.64
564.50
565.43
563.00
565.47
555.52
568.33
563.35
563.45
565.67
557.51
561.80
557.36
560.56
565.40
565.27
565.00
560.03
559.72
559.75
564.79
562.98
552.77
551.32
562.32
551.33
549.66
555.62
554.55
543.99
560.18
545.37
555.34
544.27
556.67
551.03
550.18
528.27
546.72
537.22
555.78
536.18
554.16
540.31
551.18
470.22
559.45
530.14
516.23
553.70
488.47
546.29
459.80
546.21
490.95
554.38
416.95
507.71
540.53
513.79
536.24
529.61
498.98
513.90
503.14
518.46
521.85
546.69
470.04
527.98
492.97
525.76
513.91
531.35
486.34
537.31
451.27
526.03
539.60
536.68
482.46
527.01
454.43
504.93
471.58
537.58
435.93
503.59
457.09
485.14
521.51
486.81
447.64
436.47
523.43
460.06
499.05
509.30
487.39
394.62
492.16
443.72
410.25
473.38
419.22
380.35
492.34
475.94
476.54
484.58
418.15
482.59
361.60
426.48
410.13
491.63
332.43
461.66
364.79
363.21
453.08
446.29
395.08
383.09
416.99
305.83
290.51
304.87
405.69
272.31
322.74
332.88
319.11
253.51
258.16
187.00
212.98
122.68
163.36
277.12
201.76
131.75
135.70
201.22
130.83
148.26
285.03
186.52
251.37
293.86
339.67
214.96
298.57
192.38
216.33
197.03
226.90
330.50
220.66
259.30
180.24
313.20
296.80
393.68
383.89
446.91
476.75
479.21
513.27
472.44
485.47
490.94
360.42
429.52
422.05
415.73
523.13
377.20
513.77
444.42
414.86
446.26
343.68
516.20
297.24
476.44
439.38
382.41
459.31
485.39
444.89
423.87
477.15
330.44
445.61
340.12
454.00
380.05
340.09
487.52
364.96
431.30
429.38
407.46
315.15
423.85
437.29
375.11
347.28
405.23
418.18
420.91
383.65
474.46
445.86
466.78
418.98
390.41
468.06
368.72
429.86
376.24
288.02
412.81
376.76
395.26
314.80
362.21
390.75
324.01
395.15
320.32
411.71
410.22
268.71
439.43
366.90
357.35
335.92
433.60
407.23
396.81
370.67
399.22
239.45
382.24
263.57
388.10
159.46
351.83
209.52
145.14
368.04
232.59
232.31
228.46
269.76
230.36
220.68
233.00
299.12
201.53
317.95
161.24
303.09
270.05
171.35
250.60
300.07
198.09
279.66
242.97
187.24
237.97
236.55
182.90
282.03
296.23
299.37
254.36
236.25
323.92
251.26
285.37
218.87
238.06
250.77
238.49
226.85
276.21
316.84
310.18
251.46
242.40
192.79
270.58
217.03
190.52
267.18
216.29
249.44
223.66
255.64
279.54
205.21
180.49
288.59
209.46
244.81
229.25
233.23
281.79
248.45
181.44
262.52
257.44
281.90
215.18
341.12
209.67
259.31
290.68
268.42
335.38
190.84
295.25
177.74
210.93
306.50
209.47
283.28
230.64
214.09
258.01
251.43
310.54
229.27
292.72
231.88
206.57
284.32
282.67
254.77
281.88
231.26
245.38
231.40
228.86
212.68
209.10
203.94
260.71
228.61
230.85
265.34
207.46
265.26
225.66
242.56
225.72
195.66
243.06
163.00
241.21
223.82
263.54
227.46
239.05
243.98
231.03
269.29
230.43
256.66
228.33
203.71
233.45
189.83
205.07
243.05
207.68
263.24
257.85
194.14
243.46
237.86
215.20
179.69
219.98
245.90
223.98
266.83
246.72
260.42
227.87
243.26
184.41
182.94
223.78
238.33
221.28
208.88
184.94
158.28
258.54
210.45
203.49
247.68
171.48
271.54
272.02
187.47
256.72
212.42
202.18
192.59
205.01
226.97
188.07
180.27
174.82
249.13
205.16
175.41
251.73
149.53
249.20
222.29
220.92
163.51
237.56
198.57
199.36
151.72
231.47
164.10
289.09
232.94
234.62
240.01
174.51
213.66
233.28
277.33
192.62
201.49
247.94
212.95
227.47
210.01
160.99
234.97
145.13
254.72
185.54
193.28
168.12
148.25
249.60
211.85
227.27
140.70
206.45
173.08
237.60
168.93
240.69
182.70
205.49
225.15
135.65
259.32
231.93
191.43
170.63
218.55
234.23
211.69
178.68
223.11
214.60
163.47
251.34
274.18
210.16
254.20
251.03
217.92
233.07
256.44
264.29
228.86
258.12
210.83
242.78
216.12
250.61
271.35
190.36
225.89
169.57
183.16
148.41
165.33
186.66
145.63
156.81
153.48
114.95
131.37
187.14
164.00
131.23
112.61
173.09
219.43
163.55
202.43
179.44
175.32
155.93
199.33
184.40
134.04
171.42
190.01
223.29
121.45
162.16
184.49
141.50
224.69
139.12
238.74
116.42
177.59
164.50
192.25
176.82
169.72
168.23
105.71
145.28
149.43
134.49
177.07
123.94
129.32
99.26
136.91
128.89
148.30
153.02
166.25
198.13
117.99
172.09
98.34
125.59
105.48
140.99
159.03
203.69
156.95
180.41
212.57
191.89
141.80
139.75
122.30
149.08
120.68
143.63
127.41
142.93
136.68
128.96
85.36
174.01
137.32
110.88
129.34
143.83
108.76
98.15
140.72
114.82
110.94
129.21
133.47
168.16
105.88
191.96
179.93
208.24
118.07
165.89
199.64
148.86
134.97
189.26
185.63
243.47
217.37
140.04
177.15
167.46
219.64
164.91
156.10
272.82
168.88
206.79
208.53
174.53
156.13
130.56
183.81
179.18
153.59
210.01
258.64
221.37
167.80
170.46
117.29
238.06
138.27
226.94
145.12
166.37
184.51
188.03
212.80
162.72
146.26
213.79
