0.00
554.70
543.92
567.75
565.32
559.50
562.93
556.83
552.94
554.58
556.09
547.30
564.01
554.66
562.26
560.11
566.73
564.54
547.14
563.28
544.49
568.40
567.10
564.37
562.69
566.36
564.99
562.80
560.60
557.21
559.59
544.70
558.48
554.26
558.91
560.25
557.24
556.05
559.07
546.76
548.12
522.85
544.11
507.97
516.10
484.54
459.86
463.48
382.63
460.13
446.22
416.15
480.29
494.03
490.28
490.26
506.07
508.24
522.84
505.41
518.43
519.82
515.04
516.56
504.59
516.67
526.26
515.06
526.32
522.95
531.67
526.89
530.32
536.81
542.56
524.39
530.77
545.24
552.55
542.26
520.41
550.91
535.07
539.00
549.92
540.21
480.85
519.45
536.07
497.10
521.55
513.68
480.35
503.38
421.87
361.37
430.87
429.86
415.75
401.80
420.82
352.08
319.05
302.12
387.79
388.69
347.47
370.98
337.93
373.41
321.14
315.92
310.62
221.16
318.42
235.17
290.95
314.19
309.38
318.03
304.05
279.93
188.88
325.04
245.84
201.55
342.47
207.03
231.43
373.86
218.11
291.36
336.23
310.31
218.03
319.27
235.74
160.76
264.30
228.94
198.10
181.60
260.70
194.11
172.53
152.70
186.70
168.19
167.93
202.45
181.81
207.55
256.89
165.45
198.10
214.28
134.93
148.37
131.85
139.81
107.50
127.18
145.75
132.04
150.28
131.69
127.17
146.09
143.76
159.46
142.39
130.02
151.54
146.66
121.42
110.58
122.62
143.19
152.79
244.45
176.13
153.52
168.76
167.82
160.35
137.43
197.32
182.47
135.64
113.80
138.95
166.22
130.38
106.52
130.96
158.09
133.48
135.04
119.95
153.06
231.04
236.35
258.91
250.43
134.84
198.79
177.91
136.61
178.95
167.69
157.34
135.05
132.73
144.57
148.85
118.12
112.20
91.04
137.44
92.71
102.71
109.60
99.46
135.18
102.93
145.12
118.10
98.87
79.09
124.58
112.23
96.86
95.42
83.87
100.03
80.05
157.68
110.92
127.23
116.47
85.79
137.06
175.11
145.61
94.33
74.19
113.76
133.92
121.73
87.70
118.37
112.24
128.78
100.58
152.20
105.10
102.37
71.36
91.47
86.55
104.47
94.48
164.90
195.84
188.26
192.56
231.20
281.85
247.95
255.24
264.60
222.34
265.60
277.34
203.51
194.85
253.53
246.30
204.52
253.25
207.22
272.98
188.45
237.70
234.57
227.24
266.57
216.43
215.67
214.11
265.82
211.67
228.05
168.10
222.10
259.07
283.16
247.41
252.80
174.48
246.41
266.73
259.85
203.66
196.81
214.27
207.53
224.37
208.13
267.06
250.83
219.94
276.52
196.08
238.00
268.30
211.12
186.32
277.92
142.37
100.31
145.35
63.67
46.83
